-0.656573
-0.0837371
-0.269128
-0.0678694
-0.12514
-0.0522222
-0.0454436
-0.0177787
-0.0243329
-0.000712883
-0.0544003
-0.0150205
-0.063967
-0.023687
-0.047118
-0.0156135
-0.0318459
-0.0132146
-0.0300681
-0.0149934
-0.0250533
-0.00686279
-0.0184359
0.00307256
-0.0252539
-0.0020828
-0.0351144
-0.0158018
-0.028783
-0.0154603
-0.0155511
-0.00613405
-0.0112349
-0.00190096
-0.0166913
-0.00321826
-0.0174426
-0.00161661
-0.0157204
-0.000972213
-0.0195056
-0.00792945
-0.0199315
-0.0108794
-0.0131744
-0.00367381
-0.00674851
0.00283495
-0.0107243
-0.000193428
-0.0171611
-0.00456417
-0.0150436
-0.00431071
-0.0118976
-0.00337795
-0.0117844
-0.00475525
-0.0101714
-0.00270472
0.0102872
0.00974594
0.00845676
0.00845426
0.00956532
0.00879008
0.0091481
0.00636541
0.00384776
0.00598258
0.0013973
0.0139919
0.00741886
0.0197128
0.0163784
0.0142962
0.0134497
0.00711638
0.00668774
0.00900593
0.00646599
0.013717
0.00787957
0.0148957
0.00624601
0.0172204
0.00998654
0.0237506
0.0209004
0.0223878
0.0201644
0.00945621
0.00594455
0.00918017
-0.000260846
0.0251117
0.0122413
0.0363053
0.0217366
0.032533
0.0217177
0.0311225
0.0272022
0.0349646
0.0335413
0.026206
0.0151445
0.0165229
-0.0097135
0.044404
0.00798727
0.0979027
0.0647099
0.116768
0.10027
0.0979359
0.126069
0.129831
0.378929
0.327112
