0.579891
-0.118812
-0.150224
0.0334788
0.0611162
-0.124449
-0.0172081
0.0367421
-0.0983031
0.0285794
0.068137
-0.10284
-0.00559803
0.00668805
-0.0768393
0.0173067
0.0250986
-0.046518
-0.0113215
0.0156314
-0.0276202
-0.0126164
0.0321089
-0.0464991
-0.030258
0.0277091
-0.0314952
0.00324896
0.0304742
-0.030273
-0.0132784
0.0127119
-0.0140914
-0.0134202
0.0110332
-0.0150262
-0.0306784
0.0269714
-0.00757798
-0.013596
0.0206798
-0.0212191
-0.0235484
0.0127039
-0.0116584
-0.0111055
0.00407156
-0.00395242
-0.0208884
0.0140133
0.00497968
-0.0224222
0.00947436
-0.00716925
-0.0266927
0.015761
-0.00179047
-0.0109011
0.00435451
1.55325e-005
0.00223966
0.0120273
-0.0053094
-0.0125031
0.0262073
-0.00234445
-0.00117208
0.0229727
-0.0136775
-0.0108746
0.0214564
-0.00667392
0.00127438
0.0164377
0.000829378
-0.0127339
0.0280999
0.010591
-0.0139572
0.0215979
-0.00292383
-0.0274307
0.0373403
0.00381641
-0.00627467
0.0227116
0.00353948
-0.0194582
0.0252777
0.0179395
-0.026173
0.0080652
0.0175591
-0.039637
0.0460372
0.0344875
-0.0335802
0.0305531
0.00691162
-0.0308955
0.0316711
0.0349036
-0.0329452
0.00386933
0.0604977
-0.031465
0.0441951
0.102118
-0.0898089
0.0186877
0.0694805
-0.0786221
0.0902451
0.122926
-0.0841727
0.036663
0.15352
0.0254405
-0.289129
0.626444
