0.579428
-0.735269
-0.000640693
-0.083035
0.11375
-0.0884759
0.0185357
-0.0545139
-0.10982
-0.0165084
-0.0846297
-0.0105161
-0.0305644
0.020197
-0.016647
0.046107
-0.00756334
0.0185504
0.0107505
-0.0148949
0.0148741
-0.00809844
0.0259809
-0.0165106
0.0221657
-0.0264629
-0.00329359
-0.0298707
-0.0188562
-0.0249427
-0.0133322
-0.00896522
-0.0178409
0.00881745
-0.026147
0.00849812
-0.01983
0.00645549
-0.00854379
0.0110335
0.00341375
0.014325
0.00946952
0.00186963
0.00633239
-0.00877135
0.00655973
-0.0132896
0.00989768
-0.0124797
0.00299164
-0.0110835
-0.00918855
-0.00964636
-0.0141964
-0.0077635
-0.0118786
0.00317962
-0.0106653
0.00968863
-0.00345315
0.0118482
-0.0113334
0.0128133
-0.00938828
0.0112103
-0.00879355
0.000842121
-0.00872147
-0.00908416
-0.00610691
-0.0101249
0.00193119
-0.00587465
0.014424
-0.00520128
0.0192655
-0.00467138
0.0115889
0.0072812
0.00918456
0.01963
0.00935434
0.0252969
-0.000342049
0.0222718
-0.0163097
0.0127669
-0.0256606
0.012413
-0.0177778
0.0136485
-0.0109714
-0.0126046
-0.00704251
-0.0257621
-0.000126383
-0.0192221
0.0156268
-0.00504207
0.0468997
0.0127203
0.0521844
0.0192438
-0.00905742
0.0382923
-0.00879455
0.071525
-0.01396
0.0765716
-0.0657717
0.0822713
-0.0419768
-0.0602847
-0.261876
0.0350376
-0.112935
0.542823
-0.465404
-0.472408
