0.304086
-0.0636521
0.296185
-0.291919
-0.159927
0.0562023
-0.00203428
-0.0923653
-0.131408
0.11232
0.0136284
-0.0395014
-0.0371039
0.0895534
0.055614
-0.0577445
0.00825045
0.0321869
0.0549414
-0.0876631
0.00138666
0.00727705
0.00703424
-0.0755113
-0.0346556
0.0309343
-0.0264042
-0.0325846
-0.0312264
0.0530738
-0.0119751
-0.0171593
0.00219774
0.0430654
0.0111071
-0.0299611
0.0213482
0.0155064
0.00921919
-0.0483139
0.0110003
0.00368679
-0.0166225
-0.0404887
-0.00830974
0.0195736
-0.0303794
-0.0158231
-0.00771929
0.03337
-0.0183395
-0.00700225
0.0131426
0.0250225
-0.00274051
-0.0180097
0.0231165
0.00436351
-0.00342857
-0.0287487
0.022258
-0.0276406
-0.00291376
0.00259371
0.0341944
-0.0199582
0.00364925
0.0239291
0.0270042
-0.00407794
-0.0114869
0.0377025
0.00523959
-0.00802845
-0.0264628
0.0297924
2.11054e-005
-0.0335098
-0.0162392
0.0114064
0.0203679
-0.0483605
0.0105239
0.0170338
0.0384216
-0.0348283
0.0207756
0.0490464
0.0225198
-0.0121663
-0.00439867
0.0695733
-0.0150516
-0.0209409
-0.0229942
0.0529267
-0.024789
-0.0627003
6.84983e-005
0.0250249
0.0123431
-0.0949766
0.0622341
0.0385337
0.0454931
-0.0670385
0.0907195
0.137668
-0.00418484
-0.00559071
0.0246693
0.223189
-0.153398
-0.0562711
-0.0433953
0.206773
-0.316013
-0.363257
0.279692
0.31707
