0.375744
0.0348595
-0.322791
0.0104609
0.126272
-0.150843
-0.105324
0.0407996
-0.0410454
-0.0826113
-0.00939088
0.0251653
-0.0733591
-0.0023548
0.0610468
-0.0600699
-0.0448338
0.0412419
-0.0228076
-0.0249775
-0.00131624
0.0199847
-0.0468385
-0.00195259
0.0258186
-0.0417216
-0.0436179
0.0296401
-0.0224042
-0.0215626
0.00657563
0.00613003
-0.0271118
-0.000814189
0.0205902
-0.0250671
-0.0302144
0.0324857
-0.0154173
-0.0113561
0.00846224
0.00277432
-0.0260531
0.00337377
0.00825931
-0.0182943
-0.0278188
0.0255322
-0.0126713
-0.0120205
0.00990727
-0.000599533
-0.0217448
0.00517377
0.0049014
-0.0109922
-0.0202222
0.0242697
-0.00689119
-0.00979613
-0.00879827
-0.0130669
0.0253251
-0.000387387
-0.0040678
0.00816099
0.0196261
-0.0123182
0.00709676
0.0268825
-0.0137766
-0.0143007
0.0312598
-0.000535241
-0.00189894
0.0164498
0.0172608
-0.00952861
0.00845976
0.0305987
-0.012524
-0.017536
0.0429648
-0.000317501
-0.00519537
0.026259
0.0132375
-0.0140388
0.00861022
0.0335163
-0.017416
-0.0202824
0.0548588
0.0068007
-0.0146116
0.0468421
0.0091435
-0.0191531
0.0217686
0.0446468
-0.0204883
-0.0223111
0.0803582
0.0169285
-0.039817
0.0816966
-0.00332343
-0.0424685
0.0429337
0.0816727
-0.0402375
-0.0152736
0.158153
0.0773751
-0.149736
0.227302
-0.00567888
-0.156421
0.109154
0.701313
