-0.818298
0.258397
-0.0283987
-0.0624374
0.15448
-0.177971
-0.0566978
-0.00381935
-0.15429
0.086451
-0.0256708
-0.013096
0.06078
-0.0805657
-0.0241244
-0.0114607
-0.0836024
0.0538365
-0.0213668
0.00032598
0.03695
-0.0510206
-0.00914136
-0.0125189
-0.0587214
0.0397176
-0.0196256
0.00591207
0.0257273
-0.0400051
-0.00089236
-0.0124245
-0.0447421
0.0299322
-0.0224945
0.0127295
0.0210015
-0.0296409
0.00296946
-0.0135288
-0.0347486
0.0247498
-0.0219965
0.0133777
0.0166694
-0.0221809
0.00767942
-0.0146016
-0.027171
0.0187161
-0.0217321
0.0154336
0.0103503
-0.0165941
0.00890072
-0.0149545
-0.021992
0.0143288
-0.0213756
0.0157382
0.00404919
-0.0177682
0.0270616
0.0022999
0.00741116
0.0258553
-0.0174208
0.00753424
0.00134194
-0.0203741
0.031302
-0.00170819
0.0130977
0.0294639
-0.0200479
0.0120701
-0.0025834
-0.0213326
0.0347649
-0.00562904
0.0190909
0.0353045
-0.0204219
0.0205428
-0.00960731
-0.0222742
0.0391245
-0.0109644
0.0275336
0.040163
-0.0256346
0.0336372
-0.0161889
-0.0262493
0.0441102
-0.0179093
0.0438243
0.0517042
-0.0318828
0.0503014
-0.0307791
-0.0307479
0.0585288
-0.0339986
0.0718756
0.0757455
-0.0478994
0.0900552
-0.0698564
-0.0415305
0.101385
-0.0771373
0.161433
0.134429
-0.0964801
0.257042
-0.304223
-0.0725972
0.258866
-0.513047
