-0.0193424
0.0243075
0.115273
-0.00495522
0.126441
-0.0255861
0.0681234
-0.0297966
0.029323
-0.0260287
0.00968146
-0.0196832
0.00421898
-0.00980835
0.00762297
-0.00166043
0.0164554
-0.0031707
0.0133639
-0.00687007
0.0164694
-0.0106309
0.0117653
-0.00997779
0.00679177
-0.00471192
0.00826957
-0.00861047
0.00590387
-0.00459826
0.00251868
-0.00497275
0.00631572
-0.00578698
0.00634167
-0.00661821
0.00447005
-0.00752817
0.00549902
-0.00564239
0.00443087
-0.00607507
0.00314835
-0.00613825
0.00438408
-0.00520135
0.0025644
-0.00501665
0.00260956
-0.00574821
0.00427745
-0.00693172
0.00264021
-0.00706519
0.0024594
-0.00513877
0.000101463
-0.00423537
0.00141742
-0.00411117
-0.00047517
-0.00759348
-0.000937288
-0.00469348
0.000655581
-0.00614868
0.000901865
-0.00496458
-0.000483721
-0.00488404
-0.00169423
-0.00686095
-0.00112347
-0.00676212
0.00176894
-0.0070944
0.00279935
-0.00846602
0.00341718
-0.00705807
0.00173319
-0.00560156
0.000655157
-0.00543363
-0.000229116
-0.00412099
-0.000209214
-0.00634557
0.00409321
-0.0113701
0.00251314
-0.011266
0.0031396
-0.00726819
0.00123272
-0.010347
0.00649678
-0.0101418
0.00647631
-0.0141526
0.00379439
-0.0234349
0.00861394
-0.0185474
0.00708691
-0.010868
0.0132383
-0.0175745
0.0332032
-0.0125565
0.0309613
-0.0326515
0.0501694
-0.00721031
0.00729577
0.0562829
-0.120852
0.0512022
0.996355
0.0741457
