0.028436
0.021381
0.143471
-0.0137299
0.137051
-0.0348754
0.07152
-0.0196743
0.0244725
-0.0128935
0.00847877
-0.0103032
0.0144477
0.00109232
0.0239023
-0.00418116
0.0259968
-0.00622222
0.0212966
-0.0102551
0.0126244
-0.0116197
0.0108829
-0.00512627
0.00772909
-0.00640444
0.00962287
-0.00734944
0.00854556
-0.00795987
0.0095903
-0.00991552
0.00601397
-0.00818718
0.00731938
-0.00601929
0.00569861
-0.00727245
0.007579
-0.00663592
0.00494514
-0.00628762
0.00637649
-0.00516392
0.00358231
-0.00725469
0.00352322
-0.00684344
0.00281074
-0.00530917
0.00195251
-0.00515905
0.00444333
-0.00523001
0.00374263
-0.00684847
0.00324215
-0.00649781
0.00376091
-0.00690759
-0.000227062
-0.00612667
-0.00229408
-0.00745755
-0.00067228
-0.00638657
-0.000850589
-0.00666859
-0.0007187
-0.0074532
0.000702425
-0.00768596
0.000526593
-0.00696226
0.000979014
-0.00618723
0.00078195
-0.00733131
0.00168513
-0.00769597
-0.000326172
-0.012046
-0.00056208
-0.00936604
0.00187381
-0.0107439
0.00419582
-0.00749231
0.00273564
-0.00947911
0.00261796
-0.0100733
0.00271744
-0.0112957
0.00324502
-0.00692027
0.00690618
-0.00875929
0.00865291
-0.0123858
0.00349575
-0.0206059
0.00477478
-0.0187235
0.0036744
-0.0168269
0.00723687
-0.0210801
0.0321003
-0.0318063
0.0252345
-0.0460445
0.0559247
-0.0259363
0.0275204
0.0280767
-0.115432
0.0444326
0.99779
0.0213073
