-0.0295414
0.0341079
0.0716295
0.0359666
0.0938631
0.00195639
0.0692207
-0.00724706
0.0375025
-0.022573
0.0266325
-0.0196563
0.0214324
-0.0131211
0.0130923
-0.0121371
0.00991606
-0.00780885
0.00858977
-0.0102784
0.00477197
-0.00529527
0.00810169
-0.00523117
0.00640503
-0.00704872
0.00621083
-0.00709799
0.0063164
-0.00431324
0.00555782
-0.00806292
0.00632612
-0.00648461
0.0023189
-0.00587005
0.00381802
-0.00645746
0.00271043
-0.00590797
0.00340704
-0.00658388
0.00376353
-0.00720642
0.00371562
-0.00606011
0.00449678
-0.00585477
0.00537479
-0.00348765
0.00284959
-0.00531687
0.00687078
-0.00983665
0.00190603
-0.00689759
0.00504196
-0.00614388
0.0103532
-0.00848864
0.0138053
-0.00713561
0.00622457
-0.00881927
0.00779097
-0.0133904
0.0147113
-0.000581673
0.0239116
0.00258624
0.0333045
-0.0157357
0.0189896
0.0116705
-0.0255732
0.0139741
-0.093679
-0.0180506
0.967363
0.251664
