0.044251
0.0175952
0.191965
-0.013419
0.127104
-0.0345425
0.055909
-0.0243442
0.0157866
-0.0119669
0.00978778
-0.00309948
0.0231704
-0.00232581
0.0255645
-0.00649923
0.0214745
-0.0122824
0.0186165
-0.0137774
0.0117388
-0.010086
0.00878265
-0.00219042
0.0092053
-0.00422341
0.0126999
-0.00979944
0.0111396
-0.00763081
0.00875438
-0.00753771
0.00752823
-0.00691157
0.00690058
-0.00525019
0.00642138
-0.00527525
0.00669084
-0.00779712
0.00677708
-0.00528376
0.0045337
-0.00587576
0.00673238
-0.00483512
0.00403526
-0.00591634
0.00511028
-0.00576874
0.00520272
-0.00576066
0.00497641
-0.0063567
0.00294009
-0.00427249
0.0031635
-0.00495
0.00291561
-0.00372174
-0.0025027
-0.00666092
-0.000136826
-0.00618354
-0.00112705
-0.00620567
-0.00139705
-0.00669067
-0.00307
-0.0065018
-0.00177402
-0.00996201
0.00152473
-0.00780003
0.000159105
-0.00808475
0.000597158
-0.00699904
-0.00213712
-0.008159
-0.0012919
-0.00808355
7.51193e-005
-0.0104723
0.00199403
-0.0107738
-0.000616906
-0.0106265
-0.0013543
-0.0115269
0.00336239
-0.0116009
0.00563626
-0.0127638
0.000863126
-0.0139183
0.00333415
-0.0143213
0.00401993
-0.00942525
0.00166356
-0.0142803
0.00968192
-0.0214057
-0.000186714
-0.0232832
-0.000486017
-0.0253393
0.0218251
-0.0290551
0.0355627
-0.0417805
0.0772888
-0.0375858
0.0220052
0.0147185
-0.129558
0.0435306
0.991095
0.125581
