-0.00979152
0.0161154
0.143072
-0.0140118
0.117468
-0.0448603
0.0720434
-0.0241339
0.0416608
-0.0178248
0.0130946
-0.0118969
0.00875517
-0.00437983
0.0142112
-0.00504372
0.0229273
-0.0136734
0.0193091
-0.0143616
0.0158292
-0.01027
0.00924446
-0.00906789
0.0081802
-0.00654557
0.00613177
-0.00784604
0.0110475
-0.00929928
0.00892848
-0.00951411
0.00720923
-0.00799138
0.00623214
-0.00706875
0.00443823
-0.0071183
0.00460923
-0.00640505
0.00487695
-0.00665898
0.00522365
-0.00629852
0.00486027
-0.00693612
0.00376432
-0.00616786
0.00234791
-0.00540019
0.00413674
-0.0044352
0.00442586
-0.0077551
0.00411728
-0.00507202
0.00259441
-0.00643975
0.002666
-0.00713229
-0.00132334
-0.00708144
-0.00138349
-0.00601614
-0.00114054
-0.00663834
-0.00044884
-0.00558759
-0.00110525
-0.00802964
0.00202227
-0.00840153
-0.000338595
-0.0081305
-0.000861252
-0.00698503
-0.0014119
-0.00729034
-9.86058e-005
-0.00852373
0.00159035
-0.00966871
0.00186763
-0.0109073
0.00190401
-0.0108885
0.00130498
-0.010715
0.00208763
-0.0104231
0.00231248
-0.00936447
0.00525753
-0.0111502
0.00684177
-0.0133836
0.00356128
-0.0101771
0.00400378
-0.0185791
0.00403588
-0.0129565
0.0027934
-0.0148716
0.00980151
-0.0140053
0.0155271
-0.0243796
0.0262846
-0.0402176
0.02805
-0.0330786
0.0419022
-0.021992
0.0456586
0.0366895
-0.102929
0.0883694
0.992205
-0.0573135
