0.00755176
0.0342632
0.157415
-0.0125954
0.120436
-0.0259421
0.0633286
0.00178481
0.0254415
-0.00682086
0.0156817
-0.00140368
0.0252414
0.000241532
0.0277556
-0.00326912
0.0259575
-0.00605654
0.0227109
-0.00901762
0.0162663
-0.00731956
0.00774996
-0.00202969
0.012269
-0.00374488
0.0108492
-0.00182363
0.0108998
-0.00314438
0.012904
-0.00756362
0.0097082
-0.00529916
0.00737415
-0.00581639
0.00750799
-0.00565019
0.00825853
-0.00433023
0.00583067
-0.00386975
0.00775748
-0.00565648
0.0075837
-0.00617384
0.00655426
-0.00656818
0.00489241
-0.00309989
0.00599261
-0.00447516
0.00463245
-0.00420986
0.00649795
-0.00661531
0.00424587
-0.00514745
0.00383617
-0.0051438
-0.000566037
-0.00668303
-0.00243607
-0.00481132
-0.000331529
-0.00589654
-0.00298108
-0.00584632
-0.00127007
-0.00806936
-0.00142661
-0.00663101
-0.00146541
-0.00713829
-0.00261907
-0.00520755
-0.00277225
-0.00728118
-0.00238842
-0.00970943
3.06366e-006
-0.00900996
-0.00269694
-0.00706717
-0.00142205
-0.00958187
0.000628041
-0.0062198
-0.00151879
-0.00805159
-0.00218557
-0.0132911
-0.00165357
-0.0118408
-0.00270345
-0.0135147
0.00274311
-0.0144525
0.00796522
-0.0155003
0.00266253
-0.0148368
0.000878549
-0.018897
-0.00796995
-0.0156706
-0.000178052
-0.0183146
0.0150876
-0.0308887
0.00840476
-0.0499463
0.032177
-0.0459331
0.0248796
0.000726656
-0.118801
0.0218555
0.99224
0.0836478
