-0.0238419
-0.00533957
0.153569
-0.014939
0.146439
-0.0491135
0.0691729
-0.0331966
0.030314
-0.0201519
0.00683423
-0.00909056
0.00848066
-0.00428077
0.0209135
-0.0116028
0.0253065
-0.0116368
0.019981
-0.0144654
0.0122444
-0.0122615
0.01092
-0.00912222
0.00959251
-0.00751889
0.00730901
-0.00767584
0.0137872
-0.010132
0.00956481
-0.00989661
0.00965058
-0.00846228
0.00577298
-0.00927558
0.00656567
-0.0072921
0.00541318
-0.0072445
0.00772025
-0.00811022
0.0050836
-0.00881968
0.00393262
-0.00851143
0.00443647
-0.00622322
0.0031495
-0.00493946
0.000409347
-0.00546231
0.00400804
-0.00730795
0.00484125
-0.00499573
0.00303496
-0.00785495
0.00185487
-0.00586953
0.0014539
-0.00540793
-0.00126091
-0.00691676
-0.000546456
-0.0071224
0.00162538
-0.008254
-0.00151489
-0.00934417
0.00115145
-0.0076152
0.00220794
-0.00684132
0.00272972
-0.00986783
0.000756831
-0.00863194
-0.00195097
-0.0100678
0.0019628
-0.0103856
0.00427128
-0.0114908
0.0049336
-0.00828998
0.00376678
-0.0120596
0.00364435
-0.00939952
0.00133799
-0.00988543
-0.000806724
-0.0102681
0.00366166
-0.0139805
0.00723401
-0.0128385
0.00734063
-0.0187294
0.00248966
-0.0183023
0.000298088
-0.0177345
0.0125886
-0.0191894
0.0132048
-0.0198173
0.0314924
-0.0330425
0.032643
-0.044584
0.0450511
-0.034113
0.056323
0.0458918
-0.114707
0.113169
0.99275
-0.0856587
