-0.729192
0.136923
0.209586
0.108583
0.11224
0.0608704
-0.0524521
-0.0436093
-0.00217037
0.00855205
0.0433024
0.0193427
-0.0229325
-0.0187561
-0.0167939
0.00198975
0.0311147
0.0270217
-0.00642714
-0.0083294
-0.0194631
-0.0139618
0.0172429
0.0168333
0.00822484
-8.13684e-005
-0.0185928
-0.0141216
0.00829887
0.0120744
0.00969993
0.00747794
-0.0160265
-0.0139138
-0.000142465
0.00512199
0.0132537
0.00957203
-0.00880821
-0.0101333
-0.00552981
-0.000421891
0.0114431
0.0121505
-0.00243359
-0.00633131
-0.00918682
-0.00577802
0.00902986
0.0103116
0.00149653
-0.00289173
-0.00994909
-0.0076218
0.00455582
0.0081683
0.00611385
0.00133859
-0.0100307
-0.00832247
0.00695284
-0.00572401
-0.00672555
-0.00516787
-0.00125279
0.0101955
0.0106817
-0.0019734
-0.00653358
-0.00744203
-0.00636809
0.00852478
0.0119116
0.00442302
-0.00149989
-0.0121164
-0.00894427
0.00728251
0.0111023
0.00833879
0.0021324
-0.012267
-0.0152423
0.00134528
0.00809182
0.0147476
0.0108303
-0.0107259
-0.0136134
-0.0065322
0.00223111
0.0188369
0.01913
-0.00681675
-0.0143418
-0.0130467
-0.00837986
0.0246432
0.0261342
0.00425162
-0.00864203
-0.0251598
-0.0182119
0.0220591
0.0311343
0.0180505
0.0105755
-0.0304855
-0.0395398
0.0173563
0.0390151
0.0564015
0.0535205
-0.0337246
-0.0492565
0.00334136
0.0655053
0.170903
0.395272
-0.0415855
