-0.485878
0.158234
0.120298
0.147708
0.0409363
-0.0178545
-0.0590979
0.00425909
0.0559236
0.0353117
-0.0191144
-0.0303092
-0.00336345
0.00890421
0.0367872
0.0178381
-0.0299787
-0.0240326
0.00502876
0.0193391
0.0145095
0.00209329
-0.023086
-0.0155586
0.0141636
0.0221456
0.00389376
-0.00862896
-0.0156209
-0.00625441
0.0164027
0.0167294
-0.00679453
-0.0146813
-0.00770411
0.0040214
0.0151876
0.00812708
-0.0129056
-0.0127741
0.00174803
0.0109087
0.010127
0.000383248
-0.0122343
-0.00679229
0.00853739
0.0120855
0.00197634
-0.00689342
-0.011079
-0.00223531
0.0110432
0.0109793
-0.00460035
-0.0083166
-0.00484505
0.00336831
0.009456
0.00509867
-0.00988773
0.000960247
0.00673362
0.0074792
0.003351
-0.00942436
-0.010137
0.00641107
0.0111604
0.00385242
-0.00364256
-0.0110298
-0.00636939
0.0109077
0.0143817
-0.00239844
-0.00909842
-0.00836207
-0.000494093
0.0129447
0.0106616
-0.00915009
-0.0158957
-0.00103024
0.0083716
0.0146662
0.00565694
-0.0168107
-0.0159992
0.00861051
0.0186163
0.00874942
-0.00620337
-0.0201212
-0.00970214
0.0216115
0.0260908
-0.00264596
-0.0201193
-0.0146384
0.00193719
0.0321427
0.026856
-0.020063
-0.0350031
-0.00166901
0.0240406
0.0381931
0.0194781
-0.0444912
-0.045037
0.0351189
0.0726764
0.0501149
0.0095278
-0.0696575
-0.0430054
0.165549
0.4149
0.018583
