-0.763951
0.102554
0.15376
0.0666284
0.112943
0.0903917
-0.0158213
-0.010238
-0.0345955
-0.0261571
0.0255427
0.00869884
0.024508
0.0238524
-0.0186567
-0.0152647
-0.00396279
-0.00606057
0.0161008
0.0204593
0.00566725
0.00422555
-0.016957
-0.0169917
0.00119838
0.0030684
0.0152724
0.0167196
-0.00333739
-0.00559303
-0.0123273
-0.0107337
0.00574741
0.00866902
0.00934224
0.00953707
-0.00832194
-0.00805249
-0.00614526
-0.00282785
0.00910326
0.0102943
0.00336737
0.00247538
-0.013069
-0.00964827
-0.000270674
0.00112121
0.00974679
0.00988668
-0.00308095
-0.0049125
-0.0083936
-0.00580168
0.00463851
0.00512389
0.00525254
0.00385231
-0.00595874
-0.00565009
0.00255868
-0.00713296
-0.00757346
-0.000839673
0.000611951
0.00782274
0.00730708
0.000423069
-0.00309286
-0.00733196
-0.00751603
0.00318131
0.00536874
0.010208
0.00805299
-0.00625672
-0.00713905
-0.00639578
-0.00617071
0.0113442
0.0134481
0.00491221
0.0046048
-0.0117546
-0.0122098
-0.000878601
0.000233943
0.0149566
0.0157545
-0.00396999
-0.00409861
-0.0135462
-0.0133352
0.00910132
0.0124557
0.0171885
0.0179533
-0.0136868
-0.0166484
-0.0103488
-0.0103935
0.0216483
0.0292177
0.01213
0.00822959
-0.0252586
-0.0266901
0.00390984
0.00156655
0.044846
0.0505676
-0.00474073
-0.0126721
-0.0271236
-0.0344699
0.0597165
0.127791
0.137914
0.329243
-0.137008
