-0.623875
0.152257
0.140733
0.128446
0.0844739
0.00980206
-0.0546375
-0.0157638
0.0440758
0.0428602
-0.00183353
-0.0228698
-0.0225711
-0.0157685
0.0294771
0.0345456
-0.00446429
-0.0153815
-0.0165525
-0.00122025
0.0219807
0.0214829
-0.00941706
-0.0178484
-0.0108554
0.00223135
0.0207198
0.0127917
-0.0115304
-0.0134818
-0.00471049
0.00626207
0.0147682
0.00901648
-0.0133145
-0.0155541
0.000580915
0.00827319
0.00999558
0.00381263
-0.0113237
-0.00806723
-0.00103657
0.0169286
0.0143551
-0.00880759
-0.015146
-0.00411412
0.00705374
0.0191712
0.0122687
-0.0140005
-0.0204588
0.000412073
0.0128318
0.0196725
0.00907593
-0.0201934
-0.0243855
0.00900041
0.0272666
0.0212548
0.00541852
-0.0296009
-0.0282136
0.0223733
0.0395977
0.0216221
-0.00620869
-0.0396401
-0.0393001
0.0556221
0.0787479
0.032034
0.00306997
-0.0651644
-0.0189414
0.147297
0.404326
0.0438278
