-0.322507
0.0272926
-0.252848
0.150186
0.0457126
0.0468099
0.0476541
0.0407439
0.0231989
0.0360847
0.0196495
0.0165832
0.0104995
0.024216
0.0181631
0.0273226
0.0138042
0.0240126
0.017498
0.0195808
0.0141706
0.0182761
0.0143677
0.0155101
0.0163873
0.0141944
0.0125872
0.0106775
0.0115701
0.0151882
0.011716
0.0118187
0.0108369
0.0110508
0.0105328
0.0102358
0.00825891
0.00897416
0.00851269
0.0102972
0.00888869
0.00834547
0.00800225
0.00877506
0.00913174
0.00706039
0.0074991
0.00644555
0.00864092
0.00593724
0.00879657
0.00621586
0.0093768
0.0058515
0.00772946
0.00617444
0.00748198
0.00464273
0.00828825
0.00503164
-0.0110144
0.00062618
-0.00777364
0.000187246
-0.00851387
0.00145053
-0.0102046
-0.000519234
-0.00997645
-0.000552258
-0.0106061
0.000842394
-0.0128697
0.00144837
-0.0103372
-0.00180802
-0.0107969
-0.000579847
-0.0129131
-0.00178701
-0.0125756
-0.00286156
-0.0115549
-0.000866435
-0.0138573
-0.00331135
-0.0135241
-0.00587298
-0.0117102
-0.00363334
-0.0182808
-0.00166424
-0.0186432
-0.00770567
-0.0187685
-0.00631485
-0.0209844
-0.00286139
-0.0258307
-0.0101931
-0.0222183
-0.0123532
-0.0277363
-0.00651605
-0.0381578
-0.0159222
-0.0300125
-0.0188482
-0.0435533
-0.0091521
-0.0640573
-0.0312214
-0.0299959
-0.0434958
-0.0460279
-0.00599344
-0.187542
-0.0225159
-0.205724
-0.344206
