-0.563181
0.235736
0.204633
0.153076
0.0405973
-0.00634009
-0.0695104
-0.0479532
0.0467845
0.0456637
0.0206418
0.000632884
-0.0297451
-0.0263536
0.0112658
0.0310021
0.0160336
0.00167559
-0.0251062
-0.0214507
0.0127765
0.0200698
0.0143428
0.00513018
-0.0236744
-0.0176644
0.00839128
0.0162372
0.0118369
0.00793824
-0.0190773
-0.017019
0.00565232
0.0133962
0.0113004
0.00403635
-0.0160878
-0.0133437
0.00256821
0.010226
0.0111611
0.00457649
-0.0129109
-0.0115533
0.00252691
0.00696068
0.0115237
0.00641702
-0.0099114
-0.0114374
-0.00179819
0.00628025
0.0102905
0.00557505
-0.0102145
-0.0108164
0.000257888
0.00490765
0.00932391
0.00599939
-0.00780944
0.00596886
0.00938694
0.00402183
0.000338049
-0.00893539
-0.0092587
0.00532778
0.00982967
0.00904617
0.00292686
-0.0130132
-0.0116779
0.00543428
0.0104281
0.0084655
0.00321301
-0.0128404
-0.0144572
0.00592746
0.0108038
0.0111971
0.0040252
-0.0135956
-0.0161609
0.0037381
0.0120003
0.0150244
0.00892602
-0.0164013
-0.018837
0.00241364
0.0128223
0.0209185
0.0119325
-0.0211194
-0.0228695
0.000709994
0.0131647
0.0230496
0.0195037
-0.0237502
-0.0302051
0.00168022
0.0228068
0.0375889
0.0273448
-0.0289285
-0.0472134
-0.00286062
0.0234418
0.0672143
0.0565762
-0.0373508
-0.0478248
0.00101012
0.0969534
0.190826
0.416897
-0.0613937
