-0.506434
0.229572
0.174062
0.151351
0.0300817
-0.00675805
-0.0659479
-0.0158815
0.0512546
0.0462488
-0.0023073
-0.0272323
-0.0145098
-0.00680758
0.0333857
0.0350272
-0.0188614
-0.0253391
-0.0120811
0.00280994
0.0262454
0.0220072
-0.0158832
-0.0170689
-0.00454225
0.0101666
0.0200414
0.0114542
-0.0175513
-0.0165707
-0.000336167
0.0106899
0.0144085
0.00529732
-0.0160579
-0.014217
0.00568226
0.0109144
0.00932312
0.00181052
-0.0142639
-0.0119997
0.00772677
0.0128458
0.00402423
-0.00218743
-0.0120585
-0.00830073
0.00970717
0.0116993
-0.000365146
-0.00472601
-0.0112285
-0.00346066
0.00984698
0.0107257
-0.00292694
-0.00830841
-0.00677029
-0.00112156
0.00879605
0.00260094
-0.00497339
-0.00982505
-0.0048588
0.00996179
0.0113253
-5.8142e-005
-0.00836002
-0.0088969
-0.00184401
0.0121217
0.0116342
-0.00498175
-0.00925179
-0.00681387
0.00116777
0.0150499
0.0106534
-0.00820941
-0.0135473
-0.00280774
0.00488132
0.0161668
0.00904242
-0.013113
-0.0172051
0.00181937
0.00929155
0.0188879
0.00745416
-0.0164093
-0.0191116
0.00712531
0.020016
0.0156796
0.00105138
-0.0247383
-0.0234249
0.0156089
0.029886
0.0160035
-0.00509944
-0.0319208
-0.0222016
0.0314549
0.0424267
0.0123069
-0.0205637
-0.0405714
-0.0226526
0.0724201
0.0866712
0.0132633
-0.0364879
-0.0376711
0.0267632
0.173622
0.416576
-0.0310251
