-0.478301
0.319257
0.199434
0.159996
-0.017
-0.0548366
-0.0516935
0.00102429
0.0729675
0.0368731
-0.0203576
-0.0369155
-0.00264591
0.0109241
0.0263232
0.024254
-0.0249946
-0.0264833
0.00446919
0.0222397
0.0221321
0.0107475
-0.0264083
-0.0218312
0.00775625
0.0187577
0.0132453
-0.000614572
-0.0186369
-0.0128926
0.0111764
0.0192984
0.00271003
-0.0081002
-0.0155031
-0.00756845
0.0138657
0.0160309
-0.00417599
-0.0103332
-0.00998092
0.00102327
0.0146075
0.0132577
-0.00746044
-0.010579
-0.00437672
0.00190244
0.0116811
0.0077897
-0.00854979
-0.0120093
-0.000180374
0.00666595
0.00792966
0.00299963
-0.01023
-0.00892775
0.00360185
0.0090272
0.00771791
0.00835957
0.00174376
-0.0107109
-0.0084806
0.00513532
0.0100337
0.00573149
-0.00297739
-0.0109995
-0.00837542
0.0111869
0.014111
0.00127977
-0.00904797
-0.00973879
-0.00357663
0.0140204
0.0141499
-0.00422009
-0.0138298
-0.00894848
-0.000958816
0.0158949
0.0132216
-0.00953452
-0.0144823
-0.00318832
0.00966862
0.0189754
0.0104249
-0.0158006
-0.0227911
0.00500547
0.0173901
0.0201297
0.0038322
-0.0203622
-0.0246366
0.011311
0.0327627
0.0150401
-0.00273828
-0.0337866
-0.0232184
0.0332215
0.0471119
0.00797304
-0.026015
-0.0343048
-0.0252489
0.0695554
0.07094
0.00413849
-0.0348926
-0.0157654
0.0656239
0.206103
0.46352
-0.0791234
