-0.570912
0.197805
0.177068
0.150076
0.0616973
0.0134343
-0.0629812
-0.0310881
0.0423999
0.0430916
0.0144942
-0.0142408
-0.0209983
-0.0257137
0.021891
0.0365592
0.00400294
-0.00512694
-0.0263525
-0.0152376
0.0184033
0.0224761
0.00503443
-0.00314817
-0.0192769
-0.0114276
0.0181378
0.0195735
-5.73241e-005
-0.00693753
-0.0173821
-0.00846447
0.0142145
0.0162123
-0.00040028
-0.00817331
-0.0132455
-0.00501345
0.0127629
0.0124209
-0.000789041
-0.00764552
-0.0103634
-0.00274197
0.0118929
0.0138942
-0.00364074
-0.00822799
-0.00782521
-0.00292392
0.00996611
0.00876792
-0.00252303
-0.00780909
-0.00654391
-0.00177353
0.00849644
0.0096846
-0.00364677
-0.00747582
-0.000981885
-0.00985409
-0.00866059
0.00590912
0.011493
0.00334226
-0.00401859
-0.0100028
-0.00731402
0.00884158
0.0123412
0.00241234
-0.00256527
-0.00994589
-0.0082424
0.0115311
0.0136193
0.00200992
-0.00594962
-0.0132844
-0.00806069
0.012059
0.014516
3.43075e-005
-0.00713883
-0.0126966
-0.00587615
0.0173921
0.018605
0.00120917
-0.00986405
-0.0141878
-0.00723466
0.0206537
0.022366
-0.00238078
-0.0157654
-0.0176302
-0.0042107
0.0256578
0.0315729
-0.00635356
-0.0186807
-0.0182036
-0.00260953
0.0396785
0.0402718
-0.00787806
-0.0336785
-0.0241727
-0.000928629
0.0703923
0.0744403
-0.000785256
-0.0367784
-0.0331912
0.0437631
0.174401
0.402486
-0.0357488
