-0.232857
0.0766114
0.075346
0.179362
0.0871286
-0.0320321
0.0465637
-0.00884655
0.0232845
-0.0103723
0.0416288
-0.0101894
0.0153622
-0.0280304
0.00870468
-0.0143822
-0.00119796
-0.0138927
-0.0059562
-0.00700027
-0.0144784
-0.00146527
-0.00465146
0.00391781
-0.00868451
0.00696685
-0.00431182
0.00748874
0.000264593
0.00575224
0.00785447
0.000806447
0.0073973
-0.00038087
0.00694403
-0.00385601
0.00443622
-0.00521326
0.00296438
-0.00778585
3.03232e-007
-0.00499805
-0.00252044
-0.00303677
-0.00339477
0.000264267
-0.00719599
-0.000484342
-0.00414328
0.00350988
-0.00197338
0.00395739
-6.77425e-006
0.00370362
0.00296548
0.00137039
0.00551233
0.000339306
0.00294653
-0.00189254
0.00019203
-0.00352544
0.0019447
-0.00458168
0.00355077
-0.00280088
0.00255172
-0.000806771
0.00292013
0.00256864
0.000138066
0.00476569
-0.000197745
0.00562234
-0.00475047
0.00213626
-0.00502278
0.00304849
-0.00558144
-9.40029e-005
-0.00430545
-0.00362394
-0.00507338
-0.00414361
5.9654e-005
-0.00632676
0.00266722
-0.00555867
0.00466749
-0.00499092
0.00519163
-0.000760271
0.00706376
0.00219591
0.00315706
0.0109836
-0.00284538
0.00635256
-0.00374084
0.0104776
-0.0100553
0.00524485
-0.0113989
0.00667789
-0.0180549
-0.00333642
-0.00679039
-0.00202232
-0.0211953
-0.0177343
0.0104844
-0.00665844
-0.0156541
-0.0209294
0.019596
-0.0164374
-0.0837299
-0.0174779
0.376284
0.170531
