0.0203799
-0.138541
-0.220089
0.126624
-0.0847359
-0.00568775
0.00372849
0.0152163
-0.0266059
-0.015696
0.010027
-0.00781078
-0.0233398
0.000290993
0.0115667
-0.0129008
-0.00311709
0.0167347
-0.00168931
-0.00557895
0.00791178
0.00510468
-0.00728828
-0.00218707
0.00831216
-0.00521493
-0.00870802
0.00312573
0.00279772
-0.00604563
-0.00324473
0.00677509
-0.00142008
-0.00498549
0.00434918
0.00236339
-0.00446837
-0.000800907
0.00436313
-0.00200529
-0.00639344
0.00516247
0.00399122
-0.00397703
0.000379692
0.0041933
-0.00171856
-0.00333075
0.00349202
0.00179474
-0.00396749
-0.00049498
0.00137356
-0.00234779
-0.00361146
0.00433914
0.00384617
-0.0036817
-0.00144751
0.00416073
-0.00294963
0.00100467
0.00372786
-0.00280621
-0.00218176
0.0030309
0.000644797
-0.00381518
0.00118886
0.00235901
-0.00166038
-0.00510328
0.00528098
0.00101871
-0.00503207
-0.000975375
0.00469288
-0.00328405
-0.00174266
0.00408255
0.00256859
-0.00613106
0.00601466
0.00547684
-0.00136095
-0.00443792
0.0084307
0.00102991
-0.00485148
-0.00195096
0.00539386
-0.006303
-0.00196388
0.00608782
0.000686909
-0.0105349
0.00199006
0.0114919
-0.00335685
-0.00661012
0.0195134
-8.60124e-005
-0.00779793
0.00216722
0.0126493
-0.0117605
0.00414398
0.0126251
0.00201016
-0.034716
0.00570218
0.0206151
-0.0182697
-0.0126374
0.0500105
-0.0788645
-0.298243
0.0763559
0.472513
0.522522
