-0.216758
0.0503464
0.0822916
0.182315
0.0412049
-0.0240542
0.0665
-0.0121952
0.0281047
0.00249371
0.0366975
-0.0136639
0.0123827
-0.0191592
0.0171103
-0.0187265
0.0021964
-0.0127728
-0.00777881
-0.0118785
-0.0111473
0.00248519
-0.00791868
0.00324052
-0.00572689
0.000630025
-0.00601528
0.00846026
0.0017495
0.00689088
0.00296401
0.00267414
0.00759108
-0.000140389
0.00796405
-0.00039138
0.00508701
-0.00422208
0.00453909
-0.00656414
-0.00496429
-0.00308883
-0.00257996
-0.00479951
0.00172519
-0.00585307
0.00321367
-0.00620729
0.0029857
-0.00139016
0.00620029
-0.00270129
0.00454934
0.00662539
0.0018824
0.00606901
-0.000191759
0.00965239
-0.0086042
0.0103021
-0.00617207
0.00935747
-0.0178035
0.00396876
-0.0123168
-0.00454819
-0.0169693
-0.00227419
-0.00872471
-0.021348
0.00273963
0.000458727
-0.0129567
-0.0306149
0.0172879
-0.0172525
-0.0912987
-0.0487593
0.329597
0.291406
