-0.0736773
-0.109723
-0.199394
0.127295
-0.0466806
0.00455909
0.020769
0.0156582
-0.0116452
-0.00736402
-0.00431357
0.00316108
-0.0182321
0.00264015
0.0022096
-0.0037603
-0.0111719
0.0107766
0.00328544
-0.00427498
0.000784117
0.000662923
-0.00097969
-0.00459784
0.00428001
0.00217248
-0.00487511
0.00164547
0.00816114
-0.000579825
-0.00272041
0.0020597
0.00490745
-0.00273658
-0.00196321
0.00539069
-0.00226032
-0.0023629
0.00192837
0.00263066
-0.00198611
-0.00413184
0.00181984
0.000704731
-0.0035247
-0.00160067
0.00661658
-0.00280987
-0.00392849
0.00536872
0.00300037
-0.00256031
0.0020703
0.00421594
0.000280405
-0.00819675
0.00585945
0.0078387
-0.000290735
-0.00436987
0.0113329
-0.0042952
-0.00654265
0.00288068
0.00542881
-0.00694404
-0.00321236
0.00682071
-0.0062857
-0.0272947
-0.0056098
0.0221899
-0.00969449
-0.0152934
0.0123678
-0.0716703
-0.305948
0.0829539
0.493591
0.505767
