0.293929
-0.297094
0.107427
-0.0687678
-0.187215
0.0492938
-0.0651837
-0.0315517
0.0201477
-0.00760423
-0.0300806
-0.00127744
0.00382304
-0.0170394
0.00133994
-0.00464974
0.00321807
-0.0119873
-0.0076129
-0.000327506
-0.00108992
-0.0073197
0.00222777
-0.00490077
-0.00410771
-0.00574414
-0.00174486
-0.00284205
-0.00387174
-0.00213891
-0.005869
-0.00352311
-0.003738
-0.000706573
-0.00062059
-0.00133385
-0.00167897
-0.00100205
-0.00139532
-0.000226888
-0.00278029
0.00246377
-0.00141433
-0.000672158
-0.00407083
0.00193907
-0.0010316
-0.000756751
-0.00182953
0.00105499
-0.00219809
-0.000379703
6.99005e-005
0.00101611
-0.000605141
0.000540734
-0.00136127
0.00114161
-0.000493507
0.00203851
-0.00247117
-0.00290606
-0.0034499
0.00193106
-0.00187276
-0.00286172
-0.00282659
0.000831433
-0.00448877
-0.00393527
0.000386172
0.000984517
-0.00448069
-0.00241675
-0.00032965
-0.00371228
-0.00136058
-0.000374058
-0.000226012
-0.00354345
-0.00240756
-0.00270353
-0.00436516
-0.00403166
-0.0014595
-0.000529072
-0.00443326
-0.0042835
-0.00472425
-0.00229588
0.00165002
-0.00174814
0.00143815
-0.00118799
-0.00186423
-0.0115726
7.08299e-005
0.00137709
0.00435246
-0.00832735
0.00434846
-0.0115323
-0.0140109
-0.0181015
0.0229573
-0.00684759
-0.00442642
-0.00756182
-0.0224784
-0.0390047
-0.0167645
0.0413286
0.00813616
-0.0480751
0.0369507
-0.0567038
-0.269734
0.194675
0.687275
0.25256
