0.196495
0.266656
-0.129274
0.140987
-0.0679187
0.099757
-0.0342472
0.0847179
-0.0153936
0.0789494
-0.0143666
0.0648694
-0.0178913
0.0537532
-0.0104724
0.0474227
-0.00803369
0.0415593
-0.00480176
0.039016
-0.00184131
0.0367078
-0.00193115
0.0350305
0.00238887
0.0329412
-0.00192204
0.0285122
0.000878736
0.0292192
0.00416356
0.0249239
0.00248024
0.025755
0.00259578
0.022738
0.00358028
0.0230448
0.00289884
0.0217296
-0.0118597
0.0200619
-0.0141305
0.0181065
-0.013899
0.0202985
-0.0171522
0.0233484
-0.015222
0.0225748
-0.0197346
0.0236565
-0.020568
0.0249106
-0.0232748
0.0230311
-0.0249012
0.0313376
-0.0259818
0.0315641
-0.0292593
0.0305359
-0.0330336
0.0306287
-0.0415187
0.0349667
-0.0513285
0.0474517
-0.060839
0.0474294
-0.0750162
0.0487672
-0.084496
0.0665267
-0.122172
0.0987512
-0.252615
0.157455
-0.679173
-0.17185
