0.0728476
0.232383
-0.176674
0.113993
-0.0611814
0.106577
-0.0442136
0.0960503
-0.0323966
0.0708262
-0.0343053
0.0570725
-0.0183032
0.0559903
-0.0163345
0.0507651
-0.0175254
0.0425576
-0.0122185
0.0389366
-0.00676007
0.0358929
-0.00711576
0.0365123
-0.00782432
0.0330851
-0.00573177
0.0300912
-0.0028651
0.0307818
-0.00275452
0.0256729
-0.0015967
0.024837
0.000541791
0.0246864
0.00129732
0.0232125
0.0032279
0.0237742
0.00179617
0.0217642
0.00346002
0.0204764
0.00311808
0.0217072
0.00423591
0.0172527
0.0036043
0.0181562
0.00345782
0.019287
0.00593662
0.0161085
0.00394721
0.017733
0.00535339
0.0146182
0.00625706
0.0151317
-0.00210327
0.0169289
-0.000738999
0.0173119
-0.00467995
0.0191586
-0.00271684
0.0178938
-0.00405018
0.0200298
-0.00602326
0.0193302
-0.00385129
0.019705
-0.00732733
0.0224526
-0.00819461
0.0222384
-0.00864383
0.0233571
-0.0105564
0.0227443
-0.00878243
0.0256636
-0.0098599
0.0253226
-0.0140126
0.0255935
-0.0143663
0.0262901
-0.0177845
0.0260193
-0.017618
0.0276435
-0.019874
0.0307184
-0.02546
0.0335901
-0.0247808
0.0334534
-0.0274673
0.0347081
-0.0330768
0.0403953
-0.0414994
0.0460984
-0.0510999
0.0477153
-0.0576833
0.0526326
-0.0664564
0.0526516
-0.0874823
0.0908287
-0.132132
0.115326
-0.240126
0.165626
-0.600548
-0.195905
