0.118992
0.211414
-0.20838
0.0972368
-0.0855743
0.0927213
-0.0493908
0.0899942
-0.0362148
0.0665995
-0.0399982
0.0517911
-0.0306942
0.051356
-0.0215542
0.0455001
-0.0192625
0.039687
-0.0181648
0.0345934
-0.0150507
0.0371706
-0.0142069
0.0324949
-0.0130033
0.029653
-0.011008
0.030554
-0.00694301
0.0270403
-0.00685219
0.0272568
-0.00697786
0.0242819
-0.00585825
0.0231074
-0.00406731
0.0222622
-0.0022587
0.0224706
-0.00460247
0.0213398
-0.00378135
0.0208881
-0.00168724
0.0208001
0.000657099
0.0187609
-0.00108483
0.0179501
-0.000628364
0.0190884
0.0010553
0.0180462
0.000902279
0.0170578
0.00282768
0.0190955
0.00132072
0.0161147
-0.00274403
0.016697
-0.00569823
0.0171805
-0.00443819
0.0196761
-0.00326172
0.0175393
-0.00543346
0.0177493
-0.00618607
0.0198373
-0.00550925
0.0200099
-0.00709378
0.0206009
-0.00866188
0.0193811
-0.00846169
0.0206271
-0.00839296
0.0219155
-0.00874116
0.0247396
-0.0116547
0.0237311
-0.0128543
0.0237673
-0.0148627
0.0266846
-0.0132241
0.0286571
-0.0188488
0.0296003
-0.0207956
0.0280334
-0.0179221
0.0306877
-0.0235704
0.0356347
-0.0276923
0.0403053
-0.0321147
0.0409772
-0.031659
0.0440016
-0.0422979
0.0538902
-0.0580241
0.062829
-0.068963
0.0623499
-0.0748368
0.0837958
-0.0940028
0.119641
-0.208645
0.21839
-0.66136
-0.146799
