-0.705425
0.0981272
-0.0624656
-0.0910749
0.00941596
-0.0596966
-0.134168
0.0633921
-0.0663456
0.00680327
0.0269268
-0.0514866
-0.0427664
0.0193794
-0.0717458
0.0373061
0.00191875
-0.0276686
0.000322608
-0.0135177
-0.053715
0.0345672
-0.0214251
0.000966942
0.0114272
-0.0223104
-0.026231
0.0185845
-0.0347957
0.0190778
0.00516314
-0.016898
-0.00217011
-0.00129996
-0.0354462
0.0268749
-0.0096649
-0.00271932
0.00825892
-0.0125482
0.0140917
0.0319172
-0.016172
0.010973
0.0128283
-0.0126024
0.0306963
0.0246303
-0.0106035
0.032274
-0.00780989
-0.00811672
0.0339793
0.00545527
0.0119429
0.0501552
-0.0286729
0.00976252
0.0233021
-0.0142157
0.0409682
0.0520467
-0.0302141
0.0542062
-0.0169698
-0.0240917
0.0744902
0.0256695
-0.00442391
0.111371
-0.0803597
0.00796042
0.0565984
-0.0371756
0.125353
0.196217
-0.367549
0.302295
-0.0216714
-0.677738
