-0.667006
0.0973913
-0.0908745
-0.0739462
0.00503489
-0.061436
-0.112912
0.0535396
-0.082376
0.0176099
0.0174336
-0.0464476
-0.0193257
0.00445699
-0.0712528
0.042288
-0.0162589
-0.0121847
0.0100775
-0.0237548
-0.0380237
0.0245284
-0.0398906
0.0216553
0.00791786
-0.0214864
-0.0062143
-0.00206233
-0.0379466
0.0269532
-0.012553
-0.00153072
0.010375
-0.0121396
-0.021903
0.0153562
-0.0268391
0.0177949
0.00397061
-0.0123328
-0.000195709
-0.000792462
-0.0255286
0.0232028
-0.0119922
0.00327009
0.00833772
-0.0126295
-0.0117065
0.0121057
-0.0218981
0.0169981
0.00266729
-0.0045838
0.00257666
-0.00186165
-0.0193102
0.0182032
-0.0112477
0.00794167
-0.00753475
-0.000643895
0.0141633
-0.00517318
0.0180419
0.0157829
-0.00637701
0.0153963
-0.000545873
-0.00933529
0.0233852
0.00334251
0.00610135
0.0268892
-0.0108753
0.00601545
0.0139613
-0.0101917
0.0227191
0.0204313
-0.00737013
0.0245094
-0.00621795
-0.00592145
0.0279285
0.00308896
0.0124418
0.0332368
-0.0193897
0.0133564
0.0125601
-0.0133261
0.0324221
0.0303068
-0.0104364
0.0417895
-0.0184026
-0.00677502
0.0390443
-0.000433561
0.0194693
0.0612756
-0.0359048
0.0333293
0.00576363
-0.0235949
0.0680725
0.0401923
-0.0321283
0.102967
-0.0637621
-0.00707297
0.0676849
-0.0166929
0.0890023
0.193738
-0.353116
0.28413
0.0218589
-0.710033
