0.0650611
-0.0947029
-0.298016
0.105771
-0.050494
0.0119028
-0.0107602
0.0208949
-0.00408319
-0.023506
0.00388827
0.0121403
-0.0174121
-0.00222527
0.0062591
-0.00641788
-0.0187795
0.00478636
0.00139356
-0.00960838
-0.00443034
0.00278209
0.000635399
-0.00911121
0.00157415
0.00347292
-0.00675639
0.000159683
0.00476651
0.0012161
-0.00530116
0.00361534
0.00724111
-0.000850395
-0.00372436
0.00463595
0.000563347
-0.00425044
-0.000812587
0.00263034
-0.0039895
-0.0010611
0.00577648
-0.00135007
-0.0033388
0.000886442
0.00537363
-0.00432506
0.000399479
0.00476276
0.000420288
-0.00579486
0.0036918
0.00597408
-0.00260255
-0.00455645
0.00917726
0.00278436
-0.0074043
-0.00289546
0.00543145
-0.00526133
0.000750604
0.00946585
0.00660223
-0.0242362
0.00304944
0.00123266
-0.0147808
-0.0273239
0.011753
7.21564e-005
-0.0155591
0.00201265
0.00406654
-0.0665222
-0.223228
0.192836
0.660935
0.395368
