0.0773796
-0.0824106
-0.305809
0.087484
-0.0253749
0.0264797
-0.0459686
0.0136173
0.0395081
-0.0245675
-0.0366463
0.027903
0.0175142
-0.0183376
-0.0152972
0.0234857
4.64414e-005
-0.0241855
-0.0103634
0.0225868
-0.00345889
-0.022457
0.00739482
0.0102614
-0.0103762
-0.0129507
0.00608096
0.00935099
-0.0115873
-0.00451766
0.0135836
0.00195881
-0.0114465
0.00243855
0.0097298
-0.0019957
-0.00674969
0.00227891
0.00455904
-0.00259087
-0.00196576
-0.00737675
0.00407506
0.00894495
-0.00336264
-0.00998348
0.0144701
0.00769245
-0.012263
-0.00708508
0.019822
-0.00169929
-0.0176024
0.00379272
0.0248151
-0.00873311
-0.0186287
0.00735679
0.0153771
-0.0229551
-0.012344
0.0223713
0.0165557
-0.0347775
0.000476614
0.0209273
-0.0016885
-0.0484908
-0.0033844
0.0245186
-0.0196362
-0.0372983
0.044245
0.0321586
-0.090493
-0.0876841
-0.109833
0.262128
0.639994
0.299216
