-0.0186074
-0.0670721
0.399252
0.0128571
0.0465303
-0.0408176
0.0694092
-0.041513
0.0534113
-0.0308065
0.037617
-0.0268634
0.0322623
-0.0275459
0.0304499
-0.0179364
0.0216663
-0.0220145
0.0187427
-0.0230029
0.0235306
-0.0174305
0.0168905
-0.0192868
0.0161129
-0.0171088
0.0126938
-0.0149027
0.0133361
-0.0169583
0.010424
-0.0148175
0.00990686
-0.0162365
0.009526
-0.0141172
0.00886509
-0.014117
0.00788315
-0.0112708
0.00156184
-0.0145903
0.00220204
-0.0174054
0.00693494
-0.0191239
0.0017957
-0.016386
0.0054671
-0.0203979
0.0080873
-0.0161367
0.00673821
-0.0233749
0.00871245
-0.0234958
0.0113231
-0.0224485
0.00845695
-0.0278812
0.0161189
-0.0238852
0.0116072
-0.0275901
0.0128171
-0.0423166
0.0345668
-0.0370795
0.0292254
-0.032952
0.0450114
-0.0576884
0.0368169
-0.0418895
0.0464623
-0.127349
0.256319
-0.163
0.510428
0.454363
