0.00388417
0.0279401
0.409917
-0.0198203
0.0593899
-0.0319441
0.0613836
-0.017233
0.0629935
-0.0237215
0.0378953
-0.0238369
0.0331437
-0.0159602
0.0375309
-0.0186192
0.0269842
-0.0192977
0.0251412
-0.0134073
0.0242044
-0.0161746
0.020739
-0.0192894
0.017746
-0.0118185
0.0155555
-0.0141291
0.0117682
-0.0127181
0.0129794
-0.0127347
0.0139572
-0.0139984
0.0121496
-0.0108928
0.00764279
-0.0105042
0.00922075
-0.0119473
0.000863321
-0.0144056
0.00068946
-0.017046
0.00352692
-0.0178082
0.00120665
-0.0156416
0.00165349
-0.0205711
0.00455863
-0.0209903
0.0052256
-0.0180664
0.00409471
-0.023535
0.0116582
-0.0265052
0.00978583
-0.0246192
0.00353009
-0.0225007
0.00976686
-0.0360336
0.0151182
-0.0324026
0.0105419
-0.0360473
0.0268332
-0.0511597
0.0408254
-0.0419245
0.00656064
-0.0529965
0.0652988
-0.159791
0.233693
-0.140392
0.404036
0.479054
