0.0760032
0.103263
0.360018
-0.0452784
0.0600138
-0.0327829
0.0608086
-0.019649
0.0493846
-0.0300589
0.0398454
-0.0287386
0.0359784
-0.0144284
0.0245812
-0.0207003
0.0206771
-0.0207684
0.0212754
-0.0170393
0.0162937
-0.0145007
0.0164078
-0.0116679
0.0171063
-0.0144018
0.0112728
-0.0157538
0.0115081
-0.0116245
0.0120221
-0.0113974
0.0115734
-0.0129414
0.0107218
-0.00881871
0.00921686
-0.0116377
0.00681463
-0.0113943
0.0064568
-0.00928253
0.00361353
-0.0116443
0.00561221
-0.00735387
0.00750512
-0.0095607
0.0055533
-0.00871215
0.00351321
-0.00771591
0.00452008
-0.0103728
0.00333215
-0.0117519
0.00270751
-0.00883045
0.00494975
-0.00922878
-0.000235401
-0.00750478
-0.00288347
-0.00996711
0.000146281
-0.0104227
0.000185215
-0.00752236
0.00162803
-0.00974995
-0.000942152
-0.0113178
0.00131686
-0.0130928
0.000856838
-0.012841
-0.000314407
-0.0114549
0.00141745
-0.0150726
0.00593936
-0.0121304
0.0044231
-0.0143803
0.00339301
-0.0169139
0.00394612
-0.0171443
0.0031152
-0.0155484
0.00273589
-0.0163499
0.00655764
-0.0227838
0.0091826
-0.0208339
0.00729659
-0.0179644
0.00547713
-0.0237234
0.0104516
-0.0309392
0.0172607
-0.0265688
0.0144579
-0.0309371
0.0221096
-0.033358
0.035321
-0.0334635
0.0252237
-0.024701
0.0118822
-0.0804316
0.108027
-0.119594
0.231826
-0.042565
0.245887
0.463974
