-0.0219637
-0.0894969
0.503028
0.00255641
0.0806842
-0.0373378
0.103618
-0.0348946
0.0772336
-0.0318096
0.0453425
-0.0303167
0.0443145
-0.0357984
0.0436039
-0.0227392
0.0306278
-0.024714
0.0289912
-0.0241319
0.0299892
-0.0207824
0.0229321
-0.0193615
0.0221173
-0.0204311
0.0204678
-0.0159632
0.0168081
-0.0177625
0.0149547
-0.0166841
0.0145056
-0.0148994
0.0143087
-0.0160595
0.0114192
-0.0160148
0.0105184
-0.0131002
0.0103726
-0.0154445
0.00963344
-0.0138073
0.00777485
-0.0133521
0.00713728
-0.0158949
0.0100568
-0.0126131
0.0066292
-0.0131472
0.00681453
-0.0122065
0.00734606
-0.0125541
0.00623499
-0.0108696
0.00606279
-0.0110685
-0.00208321
-0.0142565
-0.000883447
-0.0125918
-0.00101114
-0.0181586
-0.000473597
-0.0148986
-0.00139423
-0.0141168
-0.0013111
-0.0184767
0.00140372
-0.0156806
0.000432923
-0.0163707
-0.000986186
-0.0189181
0.00347797
-0.0171847
0.00246293
-0.0198726
0.00392397
-0.0215069
0.00458805
-0.0198109
0.00273032
-0.0226143
0.00806478
-0.0258229
0.00501363
-0.0241832
0.00897728
-0.0284629
0.011502
-0.0277533
0.00877582
-0.0299413
0.00994938
-0.0397413
0.0204403
-0.0337592
0.00792305
-0.0362868
0.0180874
-0.0459084
0.0343938
-0.0445851
0.0321643
-0.0498973
0.0574618
-0.0726322
0.0375647
-0.0493267
0.0398416
-0.16331
0.264551
-0.212086
0.515004
0.429178
