-0.215559
0.139889
-0.418092
0.0854129
0.0293035
-0.0193901
0.137729
-0.051683
-0.0841959
0.102126
-0.0023389
-0.0113247
0.00722223
-0.0452316
-0.0111309
0.0368282
-0.0746567
0.039785
0.0366431
-0.00257343
0.0151174
-0.0165183
-0.0092498
0.0320379
-0.0250416
-0.00607303
-0.00023964
0.0161811
-0.0234263
0.0118828
-0.00235624
0.0141646
0.0191623
-0.0213649
-0.00643742
0.0221166
-0.0117863
0.0100459
0.00116219
0.00121743
0.032344
0.00357706
-0.000773357
0.0305752
-0.0293248
0.0312447
-0.0111949
-0.0191869
0.0122855
0.0247289
-0.0138587
-0.00596643
-0.00959417
-0.00289425
0.0128911
-0.00320229
-0.0284877
0.0648269
-0.0194291
0.0040404
-0.0108177
0.0174378
-0.00108278
0.0264355
-0.058112
-0.00340114
0.0566371
-0.0281286
-0.0296236
0.0807744
-0.148339
0.102277
-0.256559
-0.0977209
0.23313
0.0762448
-0.125378
0.0984245
-0.532254
-0.0947457
