-0.365379
0.20438
-0.299904
0.0145762
0.0830788
-0.0187708
0.0712835
0.0275359
-0.0887154
0.0465809
0.0289992
-0.0166587
-0.0560722
0.0166809
-0.0227739
0.0565701
0.0046038
-0.0183043
0.009192
0.0214894
-0.0236478
0.00120383
-0.0161507
0.0170783
-0.0184296
0.0159928
-0.0120613
0.0109218
0.0287208
-0.0184324
-0.0184921
0.0269235
-0.0162357
0.020679
0.00107071
-0.00949444
0.00269135
0.0206996
-0.0268985
0.0150441
0.0230116
-0.0108035
0.00311097
0.00151985
-0.0251026
0.0398053
-0.00637221
-0.00566925
0.0145269
-0.000426634
-0.00959336
0.00891362
-0.00568793
0.0100886
0.0114376
-0.0049449
-0.0152239
0.0213724
-0.00446623
0.00690417
-0.00734396
0.0052103
-0.00557447
0.00128184
0.00496206
-0.00662149
0.00247723
0.0358847
-0.0248887
0.00567467
-0.000833353
-0.0100171
0.0176522
0.00514712
-0.0237948
0.0252817
-0.00275732
-0.0148801
0.00487454
0.0266703
-0.0147233
0.0282841
-0.0306498
-0.0166206
0.0314371
-0.00682641
-0.0144553
0.0319962
-0.0238133
0.0211861
-0.0101466
0.00442756
0.00425768
0.0275266
-0.0228276
-0.025793
0.00950287
0.0165985
-0.0149138
0.0175253
-0.0387754
0.0327635
-0.00346225
0.00792705
-0.0499798
0.0573836
-0.0121374
-0.0395409
0.0267874
0.017143
-0.0756187
0.133967
-0.329623
-0.0226985
0.122986
0.021246
-0.0881421
0.0933182
-0.476759
0.0313354
