-0.505324
0.0387245
-0.00188692
0.0180092
0.0937134
-0.00694198
-0.0214975
-0.0384311
-0.0187168
-0.0340502
0.0253954
0.0061966
0.0181275
-0.00832455
-0.0131878
-0.0301435
-0.0130016
-0.0135696
0.0175038
0.0053279
0.00179794
-0.00893054
-0.019606
-0.0199678
-0.00217645
-0.00180448
0.00900877
0.00228139
-0.00751583
-0.00861845
-0.0132712
-0.0140217
-0.000311486
0.00414416
0.00459754
0.00493302
-0.0141811
-0.0125813
-0.0128545
-0.0067598
0.00343475
0.00632458
-0.00412173
-0.000706529
-0.0120347
-0.00898422
-0.00453168
-0.00163392
0.00472283
0.00678488
-0.00504412
-0.00270316
-0.012404
-0.00709206
0.00150215
0.00561397
0.00335145
0.00447302
-0.00758513
-0.00471922
-0.00924753
-0.00856991
-0.00577756
0.00241297
0.00409766
-0.000761913
0.00113176
-0.00976151
-0.011045
-0.00725866
-0.00559461
0.00296078
0.00721631
-0.00523862
-0.00339587
-0.016775
-0.0114254
-0.00281255
0.00105497
0.00254858
0.00688463
-0.00973671
-0.00443669
-0.015079
-0.00788446
-0.00142508
0.00949235
0.00239833
0.00998403
-0.0201877
-0.0138544
-0.0149765
0.000647189
0.00833621
0.0200065
-0.005195
0.00669919
-0.0276557
-0.0136582
-0.00516792
0.0106445
0.0124381
0.0377762
-0.0170448
-0.00379523
-0.0394096
-0.0217891
0.00762726
0.041851
0.0249193
0.0595706
-0.0479145
-0.0353725
-0.0659324
-0.050585
0.0616299
0.185355
0.119988
0.539982
-0.112548
