-0.512617
0.0786173
-0.0619568
0.0134765
0.104023
0.00026747
-0.00251538
-0.0381553
-0.0307133
-0.0481947
0.0245922
0.0173884
0.0237908
-0.00340065
-0.0226059
-0.0299736
-0.014448
-0.00808712
0.00923303
0.00243023
0.0064654
0.00347683
-0.0114244
-0.0175675
-0.0173235
-0.00979376
0.0120642
0.0129234
-0.00295216
-0.00629452
-0.0163528
-0.00959562
-0.00502685
-0.00307441
0.0024757
0.00771526
-0.00079321
0.000484476
-0.017732
-0.0118662
-0.000641004
0.00385086
0.002382
0.00452337
-0.00431753
0.00227674
-0.0105882
-0.00716117
-0.00459645
0.00548701
0.00828848
0.00970441
-0.00887955
-0.00494101
-0.00746088
0.000201524
0.00346622
0.00551538
0.000346637
0.00903283
-0.00523831
0.00871227
0.00378058
-0.00063501
-0.00431445
-0.00694493
-0.00817876
-0.00555674
-0.00983469
0.00509072
0.00626138
0.0010149
-0.00447351
-0.0162205
-0.0160145
0.000709441
0.00126787
0.00155863
-0.00136105
-0.00654853
-0.000644065
-0.0121863
-0.0177184
-0.00716704
0.00138452
0.0134705
0.0112472
-0.0180351
-0.0144671
-0.0169825
-0.00930038
0.0012065
0.00251942
0.00385587
0.0166959
-0.0159638
-0.0169389
-0.0289194
-0.0100991
0.0152209
0.0233724
-0.0121622
0.00166776
-0.0254163
-0.00698244
-0.0166489
-0.0184905
0.00217475
0.0463619
0.022553
0.0495962
-0.0846021
-0.100799
-0.0400298
-0.01057
0.127697
0.23044
0.0885925
0.517147
-0.0767242
