0.168704
0.226464
-0.30063
0.0438379
0.0419894
0.0179286
-0.0723699
-0.0343209
0.0730304
-0.00485033
-0.0476043
0.0139715
0.0580552
-0.0109121
-0.0331164
0.021787
0.0405504
-0.0159398
-0.0166122
0.0302083
0.0182044
-0.0182595
-0.0200143
0.0276623
4.29093e-005
-0.0270481
-0.00432848
0.014691
-0.00313792
-0.0236541
0.00640512
0.0166978
-0.00534718
-0.014645
0.0138091
0.013423
-0.0111848
-0.00615984
0.0149529
0.00766592
-0.0174156
-0.00128554
0.0132026
-0.00149251
-0.0152994
0.00115033
0.0123422
-0.00704033
-0.00998787
0.00817752
0.0109246
-0.00823806
-0.00630436
0.0128466
0.0101388
-0.00834397
-0.00651542
0.0121138
0.00210729
-0.011603
-0.00781976
0.0101838
0.0100315
-0.0103861
-0.00374479
0.0103827
0.00293412
-0.0154375
-0.00103331
0.0143476
-0.004499
-0.0157601
0.00422825
0.0154776
-0.0107176
-0.0107787
0.0127501
0.0128108
-0.0137178
-0.00711852
0.0202314
0.00552493
-0.0171491
-0.0043688
0.0213645
-0.000849926
-0.0224976
0.00113614
0.0201015
-0.0109284
-0.0235104
0.0136242
0.0159247
-0.0147333
-0.0158232
0.0295834
0.0137565
-0.0241484
-0.0021129
0.0375962
0.00101624
-0.0368675
0.0010451
0.0468161
-0.0128434
-0.0375384
0.0310022
0.0495329
-0.0387185
-0.0455649
0.0561504
0.0391379
-0.107616
-0.0289689
0.175286
0.0843797
-0.183083
-0.097041
0.570386
0.477475
