-0.922538
0.109925
-0.24633
-0.0284712
-0.0952969
0.0400909
-0.0417455
0.0646693
-0.0709055
0.0148664
-0.0495877
0.0286704
-0.0169113
0.0507165
-0.03214
0.0296401
-0.0449808
0.0140522
-0.0271007
0.0334976
-0.0206178
0.024638
-0.0374366
0.00553115
-0.0246798
0.0150852
-0.00411313
0.0273051
-0.0168628
0.0134102
-0.0181114
0.0142012
0.000622836
0.030009
-0.00745854
0.0221942
-0.0218606
0.0107635
-0.0106191
0.0188946
-0.00276643
0.0204446
-0.0164385
0.00757034
-0.0116439
0.0114351
0.00400228
0.0216425
-0.000657238
0.0159947
-0.00797975
0.0139878
0.00134278
0.0220565
0.000426197
0.0181298
-0.0108054
0.00812955
-0.0056364
0.0114639
0.00998016
0.00283689
-0.000224286
0.00763925
0.00586947
0.0172749
0.01047
0.00969255
0.000831093
0.00948012
0.00126111
0.0228616
0.0137221
0.0188679
0.00986902
0.0107601
0.00133251
0.0194852
0.0108065
0.02042
0.00927782
0.0057649
-0.00748333
0.0147165
-0.00411043
0.0295015
0.00773406
0.0202132
-0.00540565
0.0175397
-0.00753351
0.0398909
0.0160067
0.0367349
0.0077714
0.0127494
-0.0126718
0.0280111
0.000442527
0.0427471
0.00561794
0.0166292
-0.0351878
0.025065
-0.0324203
0.0676899
0.00336426
0.0665953
-0.0140802
0.0471169
-0.0465923
0.0981913
0.029229
0.143734
0.0565773
0.0455243
-0.143157
0.0675352
0.0338327
0.384418
