-0.924048
0.0685556
-0.255246
-0.0266728
-0.0261715
0.0668687
-0.0610034
0.0190788
-0.0730754
0.0317854
0.000180275
0.0647007
-0.0465996
0.0187185
-0.0565592
0.0274946
-0.0143277
0.0363433
-0.0418332
0.000434471
-0.0335741
0.0154826
-0.00213864
0.0275836
-0.0243773
0.00411485
-0.0118611
0.0276231
0.00126562
0.0312284
-0.0257033
0.00809727
-0.0178975
0.0257881
-0.00444552
0.0158658
-0.0218486
0.000849816
-0.00501247
0.0209823
0.000923427
0.0151339
-0.0103833
0.0101459
0.00355801
0.0282966
-0.00404588
0.0140231
-0.0188544
0.00795176
-0.00117576
0.0168672
-0.00519286
0.00671863
-0.00996193
0.00739335
0.00779019
0.0204879
-0.00354978
0.00960855
-0.00274827
0.0207867
0.0181335
0.0178842
0.00501278
0.00389417
0.00537289
0.0176233
0.015672
0.00752519
-0.00197597
0.00225387
-0.00157952
0.0228399
0.0101178
0.0100334
-0.0072809
0.011778
0.00591439
0.0328551
0.018635
0.0123079
-0.00184062
0.00922905
0.00996415
0.0243064
0.0101725
0.002673
-0.0202539
0.0206071
0.0020681
0.0369784
0.00181709
0.0159846
-0.0158184
0.0391094
0.0238779
0.0452589
0.00776122
0.00390423
-0.0187879
0.0310726
0.012665
0.0368386
-0.0274626
0.00802823
-0.0519587
0.0774565
0.019062
0.0867714
-0.0276861
0.0400066
-0.037632
0.152018
0.121256
0.107881
-0.0932886
-0.0345856
-0.0266975
0.371563
