-0.497393
0.113122
-0.0356578
0.0451584
-0.0370566
0.00687538
-0.195168
0.117371
0.0600189
0.0236981
0.0579998
-0.0395199
-0.0233781
0.0607458
0.0724369
-0.03943
-0.00590254
-0.0370721
-0.0398639
0.0643553
-0.00113229
-0.0274831
-0.0178202
0.0251485
-0.0167396
0.0693236
0.0112896
-0.0275725
0.0248313
0.0169653
0.0055397
0.0220659
0.0124775
-0.0433046
0.0213526
0.0121276
-0.0284594
0.00920539
-0.0108844
-0.0125228
0.00927992
0.0320286
-0.0313127
0.0198707
0.0113804
0.00543895
0.0266295
0.0157508
-0.0149827
-0.00359392
0.0342124
-0.0116962
0.010465
-0.00491402
-0.0259866
0.00274158
0.0189455
-0.00283858
-0.0124483
0.00566839
0.0133749
-0.025584
0.0157613
0.00574662
-0.000746688
0.0270492
0.00184676
-0.0129274
-0.00197608
0.0280852
-0.0183145
0.0210915
-0.0193232
-0.0302022
0.00203327
0.0200302
-0.0133986
-0.00827588
-0.00651782
-0.0359244
0.0368913
0.0265821
-0.00782961
0.00258912
-0.0102515
-0.00103821
0.0302721
0.0473833
-0.0578185
0.0115928
-0.0266255
-0.00333223
0.0157344
0.00542602
-0.075276
-0.0171764
0.0220871
-0.0362421
0.0451022
-0.00724072
-0.0612734
0.0229504
0.0700208
-0.00750781
0.000863543
0.0625155
-0.114275
0.0851983
0.0366495
-0.0767796
-0.111099
0.053688
-0.167299
-0.0329944
0.095244
-0.320511
-0.0714888
0.20066
-0.00795601
0.249354
