-0.29322
0.288499
0.114077
-0.139057
0.192686
-0.313399
-0.0503684
0.0720233
-0.0997388
0.00915964
0.00731102
-0.0840579
0.0123046
0.0424212
-0.0608196
-0.0166534
0.0692765
-0.0635453
0.0226692
-0.0374364
-0.0889589
0.0218658
0.0159136
-0.0179418
-0.0135304
-0.0265908
-0.0301744
0.0444009
0.021701
-0.0485565
0.0135911
-0.0357628
-0.0182794
0.0241115
-0.036723
-0.0204312
0.0160703
-0.00191102
-0.0249107
0.0162587
-0.0214961
-0.00310157
0.0401876
-0.0311334
-0.0213588
-0.00956383
-0.0221341
0.0168206
0.0061617
-0.0231077
-0.0215652
0.020893
-0.0146769
0.0183939
0.00440309
-0.030564
0.0141785
0.000521732
-0.023531
0.000132398
0.00096848
-0.00788215
0.00598894
-0.00952895
0.0320583
0.008745
-0.0225914
0.00877433
-0.00106034
-0.0134103
0.0281293
-0.0188087
-0.00040032
0.0255544
0.0153562
-0.0202255
0.02224
-0.00352194
0.0120896
0.0407342
-0.026651
-0.025381
0.0204661
-0.0139494
0.0361048
0.00962192
-0.0237476
-0.00897009
0.0515724
-0.00525397
0.0280206
0.0246734
-0.0380161
0.0366335
0.0296962
-0.0592156
0.0184469
0.00821068
0.00978114
0.0281963
0.0171715
-0.0741075
0.0799088
0.0717025
0.00466545
0.0477027
-0.0890977
-0.0473523
0.131731
0.00290175
-0.00874288
0.0221408
-0.0029626
0.00835867
0.26703
-0.0478327
-0.268468
0.405235
-0.31212
0.295655
