-0.598855
0.267064
-0.0265175
0.00587452
-0.0338532
0.0901494
-0.115019
0.0372104
0.155915
-0.0461159
-6.09265e-005
0.0491314
-0.0806502
-0.0066851
0.0473096
0.0322561
-0.0440167
0.0745139
-0.00380748
-0.0330399
0.0623386
0.0159748
-0.0227085
0.0192579
0.0044274
-0.0319685
0.00292942
0.0580107
-0.0282363
0.024835
0.0247463
-0.0190089
0.012475
0.0383753
0.00556118
-0.0191349
0.0140039
-0.00934577
-0.0216179
0.0481797
0.000249934
-0.00587721
0.00463765
0.0123832
0.00112749
0.0230164
0.0311903
-0.0321503
-0.00631389
0.0108374
-0.00906175
0.018748
0.012867
-0.00494444
-0.0161813
0.0266222
0.01604
0.000933943
0.024676
-0.0117469
0.003249
-0.00698287
-0.0173129
0.0282122
-0.0174565
-0.0114227
0.0214293
-0.0174119
-0.00953734
0.0280876
0.00174454
-0.000793828
0.0117294
0.0132928
-0.0430208
0.0234833
0.00119753
-0.0225345
0.00481223
0.00182678
-0.0278928
0.00229841
0.03525
-0.00200613
-0.0132379
0.0373363
-0.0506256
0.00518852
0.0190196
0.00130528
-0.0420881
-0.00124434
-0.015107
-0.030543
0.0558591
0.0326374
-0.0500126
0.0199319
-0.0172575
0.00670931
-0.000977441
0.0527591
-0.101233
-0.0675527
0.0217605
-0.0273426
0.0203785
0.0701958
-0.0627226
-0.0617912
0.0312155
0.120456
-0.142059
0.0759582
-0.189974
-0.331161
-0.00555053
0.164002
-0.138984
0.126606
