-0.525957
0.289034
-0.0391688
0.0698766
-0.0371852
0.0170177
-0.0753453
0.0656997
0.141102
-0.0470983
-0.0447704
0.0364201
-0.0456516
0.0735818
0.0350309
-0.0167104
-0.0375733
0.0576264
0.045519
-0.00514023
0.0200868
-0.0287707
-0.0291217
0.0641729
0.00859141
-0.00603673
-0.00632653
0.0257555
0.00486656
0.0316441
0.0244728
-0.043448
0.00526652
0.0318578
-0.0111911
0.00862724
-0.000523764
0.00333325
-0.000555452
0.045059
0.00856434
-0.0182925
0.0239343
-0.00171904
-0.00209494
0.0190424
-0.00953491
-0.00961194
0.0109614
0.0350193
-0.0111424
0.0097236
0.0205359
-0.0122076
0.017226
0.0130162
-0.0134467
-0.00672853
0.0163131
0.00953714
0.0124223
0.00133094
0.00975998
0.0237004
-0.0245126
-0.00331491
0.00352419
0.0188563
-0.0194615
0.000365292
-0.0118393
-0.0151763
0.0312486
0.0190089
-0.0271056
0.00698624
-0.000780627
0.0152267
-0.00742246
0.0124539
-0.0461598
-0.0069269
0.0299086
-0.00729509
-0.00680283
0.0149791
-0.0198053
0.0149179
0.0206433
0.0118441
-0.073087
0.0204272
-0.00671557
-0.026913
0.0177633
-0.0107779
-0.0382117
0.0335692
0.0369513
-0.0106736
-0.0534391
0.05337
-0.0760624
0.00547532
0.0139709
-0.08359
-0.0505922
0.0673901
0.0296539
-0.0373247
0.00441471
0.0343909
-0.1815
0.156077
-0.114302
-0.283915
-0.114966
0.0717736
-0.0482057
0.282449
