-0.555369
0.198871
-0.0482576
0.082893
0.00970599
0.0149544
-0.16099
0.0901567
0.0917864
-0.0216831
0.0811649
-0.0477109
-0.0815249
0.0581132
0.0321268
0.00700383
-0.00775351
-0.00407845
-0.0536401
0.0818304
0.0443721
-0.00915622
0.0186384
-0.0206311
-0.0114884
0.0436702
0.0234065
-0.0281911
-0.0102368
0.00372397
-0.0264312
0.0626639
0.0130443
-0.0147666
0.0119602
0.00966608
0.00447247
0.0279244
0.0160926
-0.0383071
0.00433349
0.0125184
-0.0169258
0.0282411
-0.00109857
-0.0135035
0.0085254
0.030914
-0.0045342
0.0160846
0.0159348
-0.0254149
0.023238
0.0141322
-0.0141039
0.00285741
0.00466787
-0.0121861
0.00655008
0.0260876
-0.010369
-0.0249452
0.0255764
0.0202939
-0.00777148
0.0128924
-0.0150764
-0.00305345
0.0137032
0.0284203
-0.033998
-0.00289929
-0.0169095
-0.0167003
0.030784
0.00961921
-0.0191257
0.000269767
0.00420769
0.00299398
0.0239325
0.0287743
-0.058546
0.0147212
-0.011818
-0.012638
0.0151257
-0.00221172
-0.0517349
0.001918
0.0309964
-0.0216818
0.0294785
0.0252399
-0.0617812
0.0456126
0.0133816
-0.0182698
-0.0270116
0.0185926
-0.0995409
0.0160806
0.0467444
-0.0839464
0.0100582
0.037379
-0.0468244
0.0697082
0.0567068
-0.0747238
-0.0874328
0.134922
-0.192278
0.00152101
0.00012946
-0.318344
-0.115721
0.225697
-0.0475285
0.106178
