-0.590586
-0.352251
-0.0847102
-0.0437249
-0.152102
-0.0268402
-0.0302334
-0.0228611
-0.179482
-0.0554992
-0.0572887
-0.0469654
-0.0889244
0.00647865
-0.00709987
-0.00814598
-0.0951415
0.00187356
-0.0409708
-0.041568
-0.073723
0.0106588
-0.00738955
-0.00585766
-0.0543829
0.0218405
-0.0392068
-0.0301826
-0.051613
0.0154546
-0.016152
-0.00711446
-0.0287098
0.0306301
-0.0411961
-0.0201039
-0.0355225
0.0115485
-0.0255854
-0.00613526
-0.00850016
0.028288
-0.0319946
-0.00690132
-0.0247383
0.00687202
-0.0334365
-0.00187124
0.00130272
0.024154
-0.0315438
0.0106887
-0.0156019
0.00517739
-0.0389217
0.00501159
0.00101155
0.0169198
-0.0251821
0.0203892
0.000655691
-0.00483389
0.0336371
0.0157391
0.0173319
-0.00417278
0.0383316
-0.00561122
-0.000907179
-0.00137249
0.0345881
0.010036
0.0181415
0.012195
0.0444168
-0.00901901
0.00250691
0.007501
0.0271647
0.00687632
0.0191259
0.0349117
0.0440555
-0.0118272
0.0123249
0.0199295
0.0205892
-0.00105515
0.0257961
0.0542681
0.0489158
-0.00594039
0.0324138
0.0289129
0.00923247
-0.00993324
0.0332977
0.073466
0.0391426
0.0176555
0.0770373
0.0396733
-0.00704348
-0.00254597
0.0516609
0.0947818
0.0202082
0.0589972
0.144786
0.0787367
-0.0249745
0.0142274
0.100889
0.144249
-0.0863
0.226816
0.463383
0.319998
-0.0485217
0.412104
