-0.631269
-0.393773
-0.0718432
-0.0579774
-0.15577
-0.0116193
-0.0505228
-0.0413428
-0.202248
-0.0551007
-0.0569466
-0.0592195
-0.0785111
0.0273154
-0.0210355
-0.0136655
-0.0953655
0.00137777
-0.0607789
-0.0526708
-0.0439767
0.0288271
-0.0310041
-0.0112712
-0.0408943
0.0104139
-0.0678857
-0.0320118
-0.0206848
0.0147252
-0.0339448
0.00756403
-0.0175945
0.00193842
-0.0596997
-0.00803988
-0.0154362
0.000780777
-0.0296416
0.0274914
-0.0130643
-0.00290592
-0.0462516
0.00894969
-0.0209413
-0.00958035
-0.0146473
0.0316212
-0.0187625
0.00211525
-0.0273646
0.0123117
-0.0313183
-0.00751297
-0.00543307
0.0267013
-0.0221636
0.0124765
-0.0149265
0.0105521
0.0322897
-0.00555172
-0.00107572
-0.000225426
0.0336315
0.0108444
0.0229611
0.0114598
0.0354281
-0.0145836
0.00350269
0.0120691
0.0270924
0.00487807
0.0305566
0.0270649
0.0310082
-0.0191976
0.0160466
0.0211587
0.00956498
0.00445447
0.0491571
0.0347349
0.0244605
-0.0114552
0.0333123
0.0148327
-0.00709364
0.0243556
0.0596426
0.0367527
0.0258857
0.018843
0.0459075
-0.00381223
-0.0139797
0.0591442
0.0626723
0.033109
0.0490359
0.0702964
0.043229
-0.0239589
0.00756887
0.0959814
0.0359141
0.048736
0.114169
0.127986
0.0191748
-0.0222532
0.0706707
0.180447
-0.0727786
0.170875
0.454888
0.467975
-0.0313581
0.394848
