-0.60611
-0.388193
-0.181598
-0.0674939
-0.229261
-0.150479
-0.0498447
0.00710843
-0.111807
-0.0844326
-0.0396364
0.0195791
-0.091668
-0.0503682
-0.0453206
0.0177765
-0.0825461
-0.0442159
-0.0493834
0.0125263
-0.0659914
-0.0465239
-0.0371841
0.0166752
-0.0471827
-0.031489
-0.0293865
0.0247738
-0.0366221
-0.0198208
-0.0287621
0.0258699
-0.0364563
-0.0195454
-0.0337011
0.0178123
-0.0345316
-0.024491
-0.0278444
0.0173186
-0.0219851
-0.0147673
-0.0200576
0.0248372
-0.0186747
-0.00696089
-0.0243106
0.0260568
-0.0248449
-0.00999209
-0.0282479
0.0167525
-0.0222937
-0.00933276
-0.0247155
0.017951
-0.0146493
-0.00594384
-0.0200917
0.0245891
0.0167421
-0.00952539
0.0219685
0.019119
0.0269558
-0.0123605
0.0236612
0.0166461
0.0241887
-0.0162609
0.0199971
0.0187851
0.02256
-0.0121391
0.0154742
0.0252532
0.0280554
-0.00563763
0.0199796
0.0312078
0.0358614
-0.00655294
0.0226683
0.0306462
0.0391492
-0.0136605
0.0131389
0.0314022
0.0305681
-0.0105843
0.00523794
0.0467876
0.0389067
0.00354447
0.0197595
0.0588657
0.0595052
0.00346896
0.0267299
0.0546171
0.0685641
-0.00462363
0.00771851
0.0575405
0.0638478
0.00147132
-0.0058731
0.104811
0.0911725
0.0448958
-0.000540333
0.174083
0.194349
0.0542718
-0.0168951
0.247593
0.481443
0.0824895
-0.212128
0.521282
