-0.588579
-0.384096
-0.246319
-0.0427512
-0.125317
-0.129335
-0.0974695
0.0157601
-0.0600381
-0.0548721
-0.116394
0.00442839
-0.0573545
-0.0406051
-0.10819
-0.0219433
-0.0325782
-0.022939
-0.0746209
-0.0105091
-0.017192
0.0113099
-0.0655388
-0.0121461
-0.0286837
0.00933144
-0.0620738
-0.0263823
-0.0288086
0.00704761
-0.0386425
-0.0167728
-0.0208705
0.022794
-0.0263283
-0.00323159
-0.0381336
0.0174255
-0.0310862
-0.012047
-0.038806
0.00969815
-0.014697
-0.00220419
-0.0273987
0.0177797
-0.0101236
0.00947918
-0.0372329
0.00759738
-0.0154387
0.00804836
-0.0354859
-0.000658902
-0.00727988
0.0151506
-0.0233961
0.0035991
-0.0073491
0.0269659
0.0298963
0.000160065
0.00836966
0.00649884
0.0386998
0.00858613
0.0149639
-0.00540141
0.0334625
0.00543851
0.00851797
-0.00930056
0.025929
0.0206706
0.0169735
-0.00249764
0.0294172
0.0277145
0.0332085
-0.00707881
0.0214873
0.0173976
0.0341807
-0.00835502
0.0065066
0.0225285
0.0403314
0.011033
0.0141805
0.0328717
0.0609435
0.0150566
0.0150058
0.0130426
0.0477735
0.0200164
-0.00411341
0.017538
0.0495668
0.0592687
0.0234387
0.027223
0.0768559
0.0765721
0.0472103
-0.00138715
0.0453615
0.080159
0.0354495
0.00694932
0.0182678
0.182047
0.116755
0.0818755
0.0439725
0.286443
0.387921
0.109474
-0.0220582
0.542715
