-0.584869
-0.236584
-0.0759191
-0.187588
-0.141383
0.04863
-0.0701713
-0.0627525
-0.0573205
0.00404969
-0.148001
-0.0381518
-0.0263919
-0.0535873
-0.0852913
0.0237441
-0.0167037
-0.0295948
-0.0407711
0.0256259
-0.0729918
-0.0262013
-0.0246886
-0.0182853
-0.0596343
0.0135487
0.00089342
-0.0126879
-0.0400378
0.0257123
-0.0406574
-0.0246612
-0.0256973
-0.000886296
-0.0419841
0.00850253
0.004772
0.00304568
-0.0351611
0.0289512
-0.0241447
-0.017152
-0.0240302
0.0111297
-0.031845
-0.0014327
0.00374789
0.0119303
-0.0309218
0.0233122
-0.0179723
-0.0121608
-0.0269448
0.0169921
-0.0194347
0.000323379
0.000888296
0.0179175
-0.026954
0.0182262
-0.00279344
0.00630846
0.0249898
-0.00255191
0.0239991
0.0203125
0.0165236
-0.0168372
0.032395
0.00599759
-0.00306974
0.000765575
0.0319955
0.00398042
0.0179342
0.0300293
0.0324074
-0.0161134
0.0284364
0.0173386
-0.00396314
-0.00275684
0.0379226
0.015633
0.0103364
0.0305246
0.0451741
-0.0160005
0.0256049
0.0306078
-0.00295715
-0.00774561
0.0441087
0.0465713
0.00541748
0.0379665
0.0702713
0.000690201
0.0186715
0.0433484
0.00375205
-0.0134958
0.0465864
0.0965184
0.00458414
0.0466383
0.126158
0.0385594
-0.00679124
0.070529
0.0338759
-0.0156131
0.0386142
0.261326
-0.024513
0.0646046
0.512449
0.414462
-0.27584
0.216086
