-0.620515
-0.267816
0.0217494
-0.145832
-0.130476
0.0962032
-0.118934
-0.115777
-0.100193
-0.0388188
-0.115514
-0.00605908
0.0164052
-0.0153506
-0.102276
0.0207433
-0.0644611
-0.0748676
-0.0332577
0.0237631
-0.0477823
0.00979932
-0.0163537
-0.0236873
-0.0836492
0.00843639
-0.0113758
-0.0180558
-0.0156713
0.0344023
-0.0550337
-0.0156309
-0.0203695
-0.0172862
-0.0413659
0.0246343
0.00221772
-0.00595587
-0.0359099
0.013809
-0.0421451
-0.01263
0.00142076
0.0131652
-0.0309245
0.0272663
-0.0151198
-0.0184147
-0.0317838
0.0196765
-0.0145944
0.00878185
-0.000813812
0.0174953
-0.0443827
0.00412476
-0.00506771
-0.00738322
-0.0139231
0.0326388
0.0203272
-0.00370042
0.0371632
0.0197182
0.00533185
-0.0130907
0.0246395
-0.000498001
0.00732234
0.0283285
0.0377146
-0.013328
0.0279165
0.00955174
-0.0106457
-0.00568968
0.0439783
0.0231813
0.0192532
0.016005
0.0298695
-0.0271362
0.00950162
0.0371198
0.0106026
0.0141789
0.0650572
0.0149706
-0.00795661
0.0106544
0.0240314
0.00671906
0.0357471
0.0709676
0.0281418
-0.0179425
0.0471035
0.0197943
-0.0316753
0.0522472
0.0808924
0.0294134
0.0513611
0.0682717
-0.0142423
-0.0303481
0.0621384
0.126312
0.00846287
0.0940016
0.165396
-0.00523073
-0.0662912
0.164983
-0.0109178
0.0512244
0.368947
0.619703
-0.0496184
0.175832
