0.170865
-0.190424
-0.341629
-0.0274409
0.031418
-0.0431967
0.0807922
-0.0904689
-0.0301092
-0.0280471
-0.150569
0.0249529
-0.0620874
-0.0350252
0.00849724
-0.0627023
0.0176158
-0.0153834
-0.0657723
0.0380137
-0.0478795
0.0027694
-0.0148589
-0.0486912
0.000415468
-0.0392641
-0.0355045
0.0253621
-0.0250934
0.0253722
-0.00769682
-0.0178466
-0.00635506
-0.0366501
-0.0344497
0.00124409
-0.0267248
0.0183021
0.0023005
0.00473322
0.0026622
-0.0213887
-0.0300086
-0.00336434
-0.0389996
0.00566961
-0.00891474
0.00396909
0.0137104
-0.0134385
-0.00591937
0.00491197
-0.0388938
0.00956322
-0.0205601
0.000566284
0.00112685
-0.0166812
0.00446876
0.00229479
0.00577266
-0.00196632
0.0309943
0.00190509
0.0236911
0.0182115
-0.00687475
0.000353625
-0.0023287
-0.0122947
0.0209291
-0.00264083
0.0301614
0.0303907
0.00102288
0.0151096
0.0062484
-0.0161138
0.0126332
-0.0133705
0.0317503
0.0273206
-0.00124698
0.0379101
0.0112864
-0.00197662
0.0236517
-0.024674
0.0378599
0.0052471
-0.00764229
0.0533057
-0.00883894
0.0197262
0.0278087
-0.00688582
0.0686046
-0.00410466
0.0107619
0.0483986
-0.0456785
0.0203089
0.00890248
0.0183634
0.101349
0.0112674
0.0748887
0.0976473
-0.041659
0.0101466
-0.0577268
-0.0114889
0.107261
0.0443422
0.20504
0.383079
0.0580333
0.163116
-0.396121
0.00140911
