0.152788
-0.210489
-0.381624
-0.0135431
0.0529146
-0.115521
0.0758403
-0.0496055
-0.0932424
0.0116583
-0.124155
0.0325398
-0.0289351
-0.0957113
0.0024661
-0.0450431
-0.0594851
0.0351199
-0.026912
0.0185453
-0.00907442
-0.0346569
-0.0209053
-0.0350345
-0.0686096
0.0217822
-0.0188637
-0.00588975
0.0211243
-0.0136054
-0.0220491
0.000540041
-0.0473292
0.0175451
-0.0273747
-0.0155814
0.0140439
-0.0282206
-0.02099
0.0202547
-0.0274225
0.020037
-0.00821632
-0.00770118
-0.0106758
-0.0289542
-0.0257556
0.00925872
-0.0258734
0.0165757
0.0118252
-0.00872982
-0.0088985
-0.00112584
-0.0296768
0.00572837
-0.023431
0.00478102
0.00663545
-0.0158839
0.022503
-0.00243915
0.0305719
0.0171763
-0.00683568
0.00312673
0.00258738
-0.0184327
0.0161384
0.00866628
0.0165574
0.0280221
0.00634036
0.0152798
0.0119086
-0.0246379
0.0329283
0.00389948
-0.0045677
0.0313824
-0.00172792
0.0113384
0.0244523
0.000560374
0.0482431
0.0070666
0.00197455
0.0296
-0.0267857
-0.0139319
0.033339
0.00491426
0.0360318
0.0495741
0.0198786
0.0340886
-0.00807808
-0.016917
0.0449941
-0.0267974
0.0171523
0.0814468
-0.0288312
0.0585699
0.0537167
-0.0020453
0.0867118
0.00776563
0.0542104
0.0721829
-0.140677
0.0552129
0.0664263
-0.00208961
0.229761
0.321917
0.184756
0.206818
-0.539416
0.106768
