0.145729
-0.226989
-0.3923
0.0095336
-0.00289933
-0.0642107
0.0817276
-0.06557
-0.0136963
-0.0346289
-0.135801
0.0643915
-0.0859498
-0.0286579
0.009179
-0.0593628
-0.00245545
-0.0352905
-0.0426785
0.0418363
-0.0515685
0.0283655
0.00797615
-0.0377496
-0.0210448
-0.033759
-0.0431738
-4.40619e-005
-0.0356238
0.0329176
0.00665958
-0.0137297
0.0113887
-0.0141127
-0.0412019
0.00339504
-0.0402816
0.0156045
-0.0156652
-0.00701162
0.023442
-0.018697
-0.0146328
0.0196432
-0.0313415
0.0188198
-0.0225417
0.00170168
-0.00355319
-0.0268354
-0.000393836
-0.00192526
-0.0264231
0.0262521
-0.00749298
0.0134973
-0.00207651
-0.00776367
-0.0058909
-0.0166404
0.00503548
-0.0195506
0.0290711
-0.0124591
0.0083123
0.0225999
-0.0104575
0.0154404
0.0036246
0.00153597
0.0340411
-0.0130482
0.0326136
0.0160818
-0.0149293
0.012966
-0.00704118
-0.00174962
0.0159422
-0.00148097
0.0485184
0.0185546
0.00753527
0.0315561
-0.0136803
-0.0185787
0.012748
-0.0170611
0.0244604
0.0206783
0.0246477
0.0594477
-0.0148363
0.0197576
0.0311883
-0.0412881
0.0389877
0.00836331
0.0157466
0.0490229
-0.0403448
0.0694453
0.000538324
-0.0127299
0.118071
0.0105138
0.0414554
0.0668287
-0.040473
0.0397829
-0.104917
-0.000114303
0.152589
0.0364487
0.178565
0.387532
0.0799552
0.139723
-0.526484
-0.0442024
