0.0696922
-0.194197
-0.32721
-0.0499261
0.0958596
-0.134414
0.0284286
-0.0174385
-0.114149
0.00687303
-0.113222
-0.00629683
-0.0137823
-0.103333
-0.0113709
-0.00538685
-0.0608812
0.0351066
-0.0148104
-0.00604799
-0.0200078
-0.0437459
-0.0416359
-0.0164753
-0.0532076
0.0198858
0.00876709
-0.0207221
0.00446437
-0.00403847
-0.0510037
0.00171201
-0.0376374
-0.00293247
-0.00619946
-0.0262862
0.00347027
-0.000378132
-0.0345001
0.0282644
-0.0209746
-0.0116029
-0.0102737
-0.022966
-0.0216007
-0.00535644
-0.0194134
0.0226133
-0.005232
-0.00376441
0.00160695
-0.0124718
-0.0372717
0.00794205
-0.0181332
-0.000510484
0.00247948
-0.000999839
-0.000462291
0.000113011
-0.0036176
-0.00812997
0.0302684
0.00944572
0.015904
0.020214
0.00564386
-0.00879987
0.00962248
-0.0142032
0.0159685
0.00862073
0.00687523
0.0339819
0.00108973
-0.00333935
0.0415538
-0.0126277
0.0116674
0.0164848
-0.0071319
0.015248
0.00243516
0.00802953
0.0475447
0.00371923
0.0336316
0.0335688
-0.0195888
-0.0064143
0.0152564
-0.00780368
0.028115
0.0394478
0.0326489
0.0487812
0.000943937
0.00527956
0.0447412
-0.0368184
0.0229709
0.0614496
-0.0323564
0.0577838
0.04216
0.0194485
0.0948271
0.00745873
0.0740045
0.0542396
-0.123234
0.0552815
0.0484024
0.00454504
0.212168
0.31243
0.240282
0.213148
-0.473897
0.122508
