0.0206413
-0.0793112
-0.307758
-0.125333
0.0546076
-0.138963
0.0319818
-0.0821923
-0.0938294
0.0793656
-0.0835834
-0.0252136
-0.0106554
-0.0675302
-0.0377524
-0.045634
-0.0864342
0.0204424
-0.00226518
-0.0228784
0.0147924
-0.022159
-0.0324626
0.00988557
-0.0658069
0.00981319
-0.0060542
-0.0415935
-0.0132738
-0.0262447
-0.025304
0.0162428
-0.0265491
0.0108237
0.0128043
-0.0196746
-0.0273645
-0.00855
-0.0388668
0.00946311
-0.0213215
-0.0149344
0.013654
-0.0161266
-0.0178627
0.00885026
-0.0238951
0.0200197
-0.0130791
-0.0203907
-0.00453162
-0.0145118
-0.0308048
0.00268086
-0.0103749
0.0117784
0.0046658
-0.0124126
-0.00594101
0.00707124
0.00152442
-0.00812023
0.0203107
-0.000607313
0.0165441
0.0309598
0.00274976
0.00240471
0.0208934
-0.0128024
0.0274499
-0.00110162
-0.00250526
0.0287443
-0.009372
-0.00522887
0.027885
0.00851496
0.0382658
0.0205041
0.00167436
0.0231127
0.00547502
-0.0264206
0.0253141
0.00449541
0.0161946
0.0371732
-0.0130356
0.0345043
0.0347816
-0.0175297
0.0514412
0.0238192
0.0191319
0.0261093
-0.040993
0.00263067
0.0430009
-0.00512458
0.0421067
0.0827402
0.0119918
0.06109
0.00565093
-0.0296666
0.121891
-0.021117
-0.0188364
0.107361
-0.0719354
0.0843112
0.0293409
0.0140005
0.372632
0.276916
0.0141339
0.164616
-0.371336
0.150758
