0.0879906
-0.213174
-0.434457
-0.0464703
0.0437511
-0.134233
0.0629313
-0.0500869
-0.0985666
0.0277275
-0.0937194
0.0431477
-0.0417552
-0.074995
-0.00545385
-0.0601509
-0.0788987
0.024703
-0.0302824
0.00721722
0.0128598
-0.0150584
-0.0177118
-0.0184345
-0.0619639
0.0188146
-0.0447016
-0.0137642
0.0146555
-0.037679
-0.0155524
0.0106942
-0.0342238
0.0225223
-0.0155704
0.000615703
-0.00834644
-0.0319448
-0.0238122
-0.00102448
-0.0381975
0.0171497
0.00531983
-0.00726546
0.00386608
-0.00112895
-0.024931
0.00629794
-0.0355567
0.00817722
-0.00974514
-0.0212419
0.00562719
-0.00970964
-0.0213547
0.0236203
-0.0144925
0.00863278
-0.00200827
-0.00676528
0.0266632
-0.00557451
0.00295548
0.015982
-0.00579487
0.0104755
0.00781434
0.00208082
0.0355761
0.00183815
0.0185711
0.0244285
-0.0159745
-0.00666713
0.0149782
-0.0093592
0.0192753
0.0255889
0.0118545
0.0322673
0.00565509
0.00614842
0.0248175
-0.0244002
0.0332397
0.0179148
-0.0227565
0.0359961
-0.00395073
0.00356702
0.0410345
0.0192736
0.0471335
0.0276393
0.00021433
0.0296757
-0.0228731
-0.0285419
0.0457315
0.0196201
0.0162941
0.0928832
-0.00534133
0.0397932
0.0467492
-0.00759436
0.0669458
-0.00154509
0.028332
0.107254
-0.131445
0.0296963
0.0809529
0.0353082
0.192317
0.311159
0.240235
0.223856
-0.600826
0.0491032
