-0.57764
0.414085
-0.0812481
-0.0479469
0.0519059
0.110042
-0.00738165
0.043452
0.0301066
-0.0477574
-0.0175168
0.133632
-0.048327
0.00725559
0.0770426
0.00575264
-0.0151928
0.0367505
-0.00136196
0.00380198
0.0274164
0.0345284
-0.0414864
0.0315269
0.0649405
-0.0184333
0.000327046
0.0182164
-0.0112558
0.0306729
0.0231508
-0.00397379
-0.0100469
0.0401182
0.0290398
-0.0221378
0.0129765
0.0086741
-0.0125675
0.0306562
0.0109124
-0.00985765
0.0198526
0.0230997
-0.00498065
-0.00769409
0.0260309
0.00302823
-0.010128
0.0242818
0.000789163
0.00418125
0.0326699
-0.00285239
-0.00934505
0.0138042
0.0177404
-0.00318117
-0.00408644
0.0157797
-0.0143914
-0.0249526
0.0109288
0.0185825
-0.0151409
0.0152508
-0.0164329
-0.0013644
0.000276195
0.0163886
-0.0319155
-0.00869145
0.0232828
0.00237576
-0.0174014
0.0261963
-0.0309456
0.00310897
0.00479675
-0.00958268
-0.0291298
0.0171328
0.00966284
-0.0200452
-0.01278
0.0336692
-0.0391747
0.00569178
-0.00924132
-0.0358028
-0.00286307
0.0369981
-0.0305189
-0.0217728
0.00846002
0.0309364
-0.0544392
0.0064405
-0.0396015
-0.0487443
0.0527655
0.0186266
-0.0888405
0.0177406
0.00455572
-0.0123956
-0.0707692
0.0214332
-0.0772249
-0.053001
0.0704426
-0.0559547
-0.176148
0.193562
-0.112888
-0.197924
-0.1688
-0.148274
-0.336069
0.325026
