0.518203
-0.355895
-0.169294
-0.0157422
-0.0797236
0.0336009
0.0474359
0.0802314
0.0417497
-0.00349949
0.0759717
-0.0970076
-0.0182402
-0.0724044
-0.0325648
-0.0446277
-0.0237778
0.0340834
-0.0231447
0.0431017
0.0173937
-0.00998203
0.0119237
-0.0365439
0.00514736
-0.0577153
0.0027376
-0.0220873
-0.0291301
0.0239173
-0.0154587
0.0198988
-0.0129993
0.00616548
-0.00152642
-0.0282703
0.0208928
-0.0375049
0.00346177
-0.00762621
-0.0130808
0.0048952
-0.0201151
0.0142322
-0.026833
0.00614196
0.00672471
-0.0209926
0.0139403
-0.0139252
0.00629285
-0.0126891
-0.00692942
-0.00249046
-0.0301818
0.0131835
-0.0180184
-0.00133779
0.00231514
-0.00164273
0.0319734
0.00901714
0.00318878
0.0056622
-0.00589207
-0.00546139
-0.0203183
-0.00434225
-0.00368582
-0.0172282
0.0316512
-0.00695867
0.029255
0.00271244
0.0154114
-0.000840594
-0.0104981
0.0142239
-0.0307539
-0.00109827
0.00845454
-0.0164382
0.0280361
-0.0120888
0.0391927
-0.0258709
0.0264068
0.0148945
-0.0221682
0.030653
-0.0141415
0.0107333
0.00233915
6.16523e-005
0.0219417
-0.0509767
0.0624378
-0.0345245
0.0173817
0.0252151
0.00141171
0.0424978
-0.00208234
0.0692784
-0.0173222
-0.0182806
0.0447036
-0.099688
0.057305
-0.0387575
0.0485386
0.0149067
0.121002
0.215651
-0.0436217
0.214
0.131979
-0.0420453
-0.415949
-0.21261
