0.605947
-0.432583
-0.0227888
-0.10017
-0.084256
0.0561527
-0.0187704
0.0589942
-0.0318352
0.0532433
-0.0150807
-0.027423
0.0722101
-0.0773262
0.0612997
-0.0379195
0.00812162
-0.0152149
-0.0286292
-0.0241875
-0.0601076
0.00703838
-0.0364738
0.0242902
0.0212627
0.0110723
0.036242
-0.00217547
0.00697382
-0.0284605
0.000194673
-0.0485787
-0.0110884
-0.0189824
-0.0241527
0.0203882
-0.016782
0.0176693
-0.013053
0.00815839
-0.00623718
-0.00550453
0.0158925
-0.0191327
0.0263764
-0.0175424
-0.00262559
-0.00877721
-0.0240575
-0.00697349
-0.0211253
-0.00473523
-0.0168822
0.0196982
0.00221202
0.0153416
0.0145567
-0.00696183
0.00256655
-0.0174883
0.0137443
-0.0233956
0.00677061
-0.00553751
0.0142466
0.00861854
0.0229217
0.0181953
-0.00275802
0.0113883
-0.0201908
-0.0143239
-0.0140625
-0.0182742
0.00255728
-0.00331455
0.0212509
-0.0182989
0.0412581
-0.0149329
0.0168074
0.014675
-0.0180398
0.0201013
-0.00504283
0.0187321
-0.00222578
0.00668235
-0.00734809
-0.0349429
0.0106664
-0.0509317
0.03287
0.00225141
0.0311578
0.0332158
0.0417697
0.0220125
0.0161006
0.0232268
-0.0628685
0.00245556
-0.0441371
-0.028415
0.0384917
-0.0208809
0.0854432
-0.025103
0.0817192
-0.0541929
0.0762418
0.0551236
-0.0590437
0.223086
-0.0570824
0.133047
0.153337
0.0805057
-0.46248
-0.380931
