0.427453
-0.255292
-0.24171
-0.000493221
-0.057549
0.00406082
0.0348009
0.0180581
0.111056
-0.0933932
0.0671779
-0.0451642
-0.0421742
-0.0266135
-0.0610741
0.0170253
-0.0587956
0.0121213
0.0246783
-0.0369567
0.0334673
-0.0375269
0.0214953
-0.0379265
-0.0173116
0.00914803
-0.0467934
0.0200446
-0.0106866
0.00114181
0.000447849
-0.024213
0.0228076
-0.0490664
-0.00219362
-0.0115359
-0.0206088
0.00661504
-0.0144199
0.023201
-0.0097768
0.0031291
0.0161353
-0.0272058
-0.00267177
-0.0255394
-0.0111956
-0.0211896
-0.0197866
0.0146735
-0.0140356
0.0121267
0.0102572
-0.000884715
0.00434605
-0.0131847
0.00145005
-0.0239532
-0.0223237
0.000121286
0.000346808
-0.0130288
-0.00191267
-0.0232409
0.0197065
-0.0181706
0.014972
0.0134016
0.000666384
0.0164882
-0.00248395
0.0139843
-0.00781788
-0.0173172
0.022138
-0.0295082
0.0220414
-0.00808029
0.018299
0.00254724
-0.0045405
0.0284049
-0.021762
0.00129099
0.010366
-0.0147644
0.0257629
-0.0223607
0.0505815
-0.0130941
0.0177347
0.0292809
-0.024693
0.0055837
-0.0214532
0.00330608
-0.00662177
-0.025595
0.0774739
-0.0109844
0.0616808
0.0340103
0.040633
0.0228704
-0.0292731
0.024266
-0.0649985
-0.0560465
0.0452571
-0.0360121
0.072233
0.0362513
0.202333
0.137497
0.0144658
0.23462
0.0547275
-0.099353
-0.445004
-0.0937824
