-0.3787
-0.00623841
-0.00774787
-0.00284255
0.0418296
-0.00239574
-0.000806038
0.00143983
0.0145399
-0.00014224
-0.0035427
-0.0119331
-0.00376912
0.0015295
-0.00172359
0.00143676
-0.00161066
-0.000402021
0.00242188
0.00206913
-0.00304085
-0.000244644
-0.0006583
0.00238501
-0.00224674
0.00200644
0.00107757
-0.000833185
-0.000446938
0.00139267
-0.000366487
-0.00120258
-0.000327083
0.000178292
0.000911088
0.000233522
-0.00195492
0.00132144
-0.00036533
6.72773e-008
-0.000313278
0.00336977
-0.000284172
-0.000358559
0.00249397
0.00128452
0.00125837
0.000495152
-0.00220055
0.000759617
0.000893851
0.000354386
0.000693953
0.00106539
0.00142417
-0.00153541
0.000451457
7.82005e-005
-0.000873734
0.0017535
0.000771713
0.00191436
0.000298736
-0.00117345
0.000918637
-0.000186008
-0.00160703
0.00276582
0.000592425
-0.000517042
0.00130666
-0.000669374
0.00191637
0.000602982
0.0010145
0.00146175
0.00116073
0.000487553
-0.00212345
0.000842231
0.00344996
-0.000457661
-0.000132378
0.0012064
0.000621299
0.00180069
0.00105509
0.000638259
0.000729465
0.00188507
-0.000466324
0.00343723
-9.99891e-005
-0.000706397
0.000102375
0.00390101
0.00134766
-0.00158953
0.00194606
0.00235405
0.00219095
0.00162742
-0.00210122
-1.02294e-005
-0.00229136
0.00286391
0.00166705
-0.000446429
0.00198968
0.00290507
-0.00147578
0.00418283
-0.00517968
0.00276515
-0.00392093
0.00395804
-0.00267851
0.00461933
-0.0490092
-0.106307
