-0.503781
0.00292091
0.00221133
0.0154503
0.0190557
0.000769918
0.001244
0.0211481
0.0076781
0.00251903
-0.0024002
0.00147291
0.00831404
0.000606202
0.000645027
0.0013076
0.00609457
0.000281598
-0.00055157
-0.00415813
-0.000472522
7.39141e-005
0.000115532
-0.00123932
-0.00217997
-0.000171563
0.00373971
-0.00133942
0.00113098
-0.00138685
0.00107642
0.00115477
0.000555095
0.000855354
-0.00189301
0.00111147
-0.0011085
0.0011977
0.00146716
0.000197467
-0.000126015
-0.00134799
0.000130727
-0.000595772
0.000569102
0.00140224
0.000861718
-0.000852739
-0.000153094
-0.00145241
-0.000456254
-0.000563111
-0.000643032
-8.08305e-005
-0.000363897
0.00033975
-0.00127219
-0.000146501
0.00126302
-0.000740305
0.000675542
0.00102468
-0.00077966
0.000890465
-0.00149664
-0.000486239
0.0010153
0.000109853
0.00108377
0.0016924
0.000236176
0.00120467
-0.000545593
0.000686181
0.000427206
0.00180424
0.000363473
-9.14972e-005
-0.00153156
0.00195768
-0.00126712
0.00178226
0.000193981
0.00162872
-0.000510492
-0.00203347
-3.56963e-005
-0.0010324
0.00310117
-0.000341624
-0.00147363
-0.000773213
-0.00056396
0.000171749
-0.00224776
-0.00180121
-0.00211739
0.000313934
0.00457805
0.000880345
0.000948339
5.43279e-005
0.00242174
0.0010353
-1.29332e-005
0.00138887
0.00163732
0.00299793
0.00145087
0.000243905
-0.000390514
-0.00584636
0.00471386
0.000117844
0.00330059
0.00441263
5.49779e-005
0.00130876
0.0254299
-0.110839
