-0.477434
0.00786791
-0.00346024
0.00785741
0.0360177
-0.00706627
0.00424302
0.0172643
0.00640364
0.000293436
-0.00226082
-0.00517032
0.00929076
0.00041999
-0.000570716
0.000722258
0.000393765
0.00187335
-0.00104536
-0.00372761
0.000449167
0.00199211
-0.00190061
-0.000238104
-0.00243837
0.00128249
0.000813763
0.000155936
-0.00092693
0.000488545
0.00029443
0.00249791
-0.000225041
0.000883274
0.00242869
0.000523162
-0.00172583
0.00228646
0.00140489
-0.00101324
0.0019308
-0.000580479
0.000922641
0.000269686
-0.000564119
-0.0011034
-0.000110331
0.000741261
0.000155026
0.00181901
0.00147116
0.000433664
0.000863129
-0.00119322
0.00155397
-0.000756526
-0.00037833
-0.000153566
0.00121298
0.000717073
-0.000769972
6.84511e-005
0.000472128
0.000317995
-0.000189743
0.000540398
0.000663696
0.000896343
-0.00189408
-0.000279871
-0.000676985
5.38357e-005
8.16441e-005
-0.00278613
0.00187836
-0.000297308
0.000926436
0.00114925
8.94142e-005
0.000773421
0.00222982
-0.000547491
-0.000592414
0.00334007
0.000650113
-0.001279
0.00128565
0.00110044
0.00100393
0.000278412
-0.00145379
0.00062014
0.000638063
0.00129962
0.000400264
-0.000534045
0.000467661
0.00166977
0.000414652
0.0015665
0.00245164
0.000446733
0.00086641
-0.000464023
0.000295418
0.00146057
0.00223029
0.00129484
0.00211489
-0.00103616
-0.00191212
-0.00268181
0.000881113
0.00445144
0.00964372
-0.000174221
-0.00857421
0.0110733
-0.0385704
-0.0770066
