-0.512556
-0.0026707
0.00213439
0.0195097
0.050655
0.0017164
-0.00512777
0.0046221
0.00746422
-0.0046645
0.00394273
-0.00395564
0.00882069
0.00271609
-0.00380434
-0.00311361
-0.00154162
-0.00241144
0.00195962
-0.00417685
-0.00390102
0.00289156
-0.000937526
-0.000925171
-0.00065371
0.00178559
-0.00155614
0.00095368
-0.00140217
0.000732327
-0.00221348
0.00227687
-0.00246102
0.000251718
-0.000158896
0.000464175
0.00332395
-8.02815e-005
0.000245296
0.00113785
0.00063453
0.000549869
-0.00102102
0.0021758
0.000593349
-0.000672691
-0.00013642
0.00125066
0.000302596
-0.000229637
0.000486962
-0.000240839
0.000183345
-0.000904373
-0.000599547
0.000217746
0.000732511
0.00157356
-0.000578952
0.00120766
-0.00110112
-2.93887e-005
-0.000472141
-0.000942426
0.000898318
8.03368e-005
0.000140984
8.89585e-005
-0.000322634
0.00101606
0.00143726
0.000478986
-0.000559507
0.000886672
0.00151647
-0.000502257
-0.000217486
0.00134931
0.00346572
-0.00103835
0.00131945
0.000216078
0.000639744
0.0013144
-0.00107588
0.00199532
-0.00138769
0.00183228
0.00119863
0.00135745
0.00223803
0.000852413
0.00122428
0.00341338
-0.0022966
0.000776549
0.00360157
-0.000820026
-0.00249422
0.00178862
-0.00141303
0.00201184
0.00162132
0.00227559
0.000185596
0.00170887
-0.00167685
0.000280137
-0.00070508
-0.000634369
0.000421134
-0.0037449
-0.00600046
0.00511871
-0.00673438
0.0066579
0.00554794
-0.00840371
-0.0310413
-0.150411
