-0.276768
-0.0321018
-0.292414
-0.114684
-0.214532
-0.072348
-0.0701347
0.00770821
-0.0619859
-0.00505934
-0.112986
-0.0417256
-0.0761345
-0.0142719
-0.0379026
0.0170633
-0.0528085
-0.00562958
-0.0685254
-0.0185347
-0.0425226
0.0127953
-0.0244698
0.0197949
-0.0505269
-0.00820806
-0.0403677
-0.00551835
-0.0213251
0.0195609
-0.0292103
0.0148673
-0.0432787
-0.000478655
-0.0311103
0.0104149
-0.0136641
0.0239753
-0.0257401
0.0123901
-0.0315796
0.00321235
-0.0183361
0.0187336
-0.0111269
0.0242905
-0.0262599
0.00751465
-0.0213151
0.00957663
-0.00704398
0.0261564
-0.0135692
0.0174731
-0.0224995
0.0054582
-0.0162541
0.0195084
-0.00166546
0.0275935
0.0176222
0.0034733
0.030806
-0.0061322
0.0217212
-0.0130467
0.0119664
-0.00367015
0.0271625
0.00682484
0.0347179
-0.00812911
0.0188789
-0.0124742
0.0179514
0.0116735
0.0361655
0.00817786
0.0340263
-0.00944921
0.0175269
0.000511742
0.0268135
0.0211914
0.0445792
0.00549511
0.0299251
-0.000816203
0.0158597
0.0217808
0.0377562
0.0249308
0.0451795
0.00200851
0.0218813
0.00474962
0.0307247
0.0436167
0.0595356
0.0302905
0.0433063
0.00951114
0.0191885
0.0320436
0.0485786
0.0656848
0.0793521
0.0521257
0.0471316
0.0162465
0.0237096
0.0850241
0.101994
0.15805
0.166026
0.0679681
0.0414278
0.0787216
-0.135803
0.95129
