-0.0125213
0.111793
-0.178083
0.060639
-0.166678
0.0553124
-0.122123
0.0261876
-0.0940869
0.0242496
-0.0806641
0.0277468
-0.0626388
0.0245923
-0.0481497
0.0275881
-0.0449679
0.0303713
-0.0413847
0.0270119
-0.0383071
0.0234564
-0.0364203
0.0205169
-0.0304233
0.0227026
-0.0286513
0.0238811
-0.0237505
0.0238172
-0.0234744
0.0216584
-0.020514
0.0230251
-0.019218
0.0222525
-0.0142304
0.0205592
-0.0153983
0.0208366
-0.0151244
0.0203178
-0.0139612
0.0219129
-0.0112145
0.0197329
-0.00905538
0.0199834
-0.00974421
0.0183901
-0.00962113
0.0227255
-0.00760857
0.0199546
-0.00350673
0.0211605
-0.00482711
0.017933
-0.00417429
0.0178916
0.01689
0.00904659
0.0183082
0.00884919
0.0185178
0.00937409
0.0180798
0.0125612
0.0178476
0.0150376
0.0156666
0.0165668
0.0184491
0.0131663
0.0184582
0.0172328
0.0179947
0.0178852
0.0151311
0.0206589
0.0172557
0.0185267
0.0156485
0.0226497
0.0171579
0.0226484
0.0174167
0.0294324
0.0177295
0.0290892
0.0187994
0.0303779
0.0175616
0.0321797
0.0127292
0.0379681
0.0121378
0.0379728
0.0183963
0.0465495
0.014668
0.051123
0.0139892
0.0542264
0.0174666
0.0609691
0.0119625
0.0813777
0.0144136
0.0792022
0.0162838
0.110999
0.016172
0.124863
-0.0127858
0.1786
0.0645014
0.226098
-0.387048
0.905394
