-0.034566
0.0874062
-0.154726
0.0607589
-0.163401
0.043181
-0.117709
0.0143855
-0.100982
0.0206831
-0.0740959
0.0158047
-0.0603893
0.0257121
-0.0496174
0.0268899
-0.0470319
0.0197234
-0.0445407
0.0224414
-0.0426909
0.0195067
-0.0343222
0.0210369
-0.0273416
0.0192155
-0.0246832
0.0199295
-0.0250773
0.019074
-0.0224727
0.0199207
-0.0199389
0.0213718
-0.0178878
0.0232143
-0.0157858
0.0260826
-0.0141917
0.0179072
-0.014817
0.023104
-0.0146278
0.017234
-0.0120408
0.0190042
-0.0120719
0.0220364
-0.0131319
0.0218368
-0.0094389
0.01919
-0.00668549
0.0175382
-0.00888297
0.0177936
-0.00631763
0.0205796
-0.00581344
0.0170412
0.0186579
0.00752431
0.0191719
0.00746927
0.0147416
0.00987846
0.0191248
0.00804256
0.0187871
0.00984406
0.0208743
0.0158656
0.0147745
0.0112555
0.0161313
0.0156726
0.0158314
0.0146372
0.0162162
0.0179948
0.0174569
0.0188916
0.0195
0.0195
0.0162663
0.0272578
0.0159915
0.0262185
0.019062
0.0318164
0.0191958
0.0317612
0.0204652
0.0311572
0.0214779
0.0299187
0.018758
0.0399576
0.0182299
0.0438493
0.0174539
0.0509162
0.0213466
0.055861
0.0207285
0.0552151
0.0222469
0.0742995
0.00771486
0.0811084
0.0269729
0.100323
0.0219118
0.135787
0.0119814
0.172345
0.0696907
0.190391
-0.271365
0.952365
