-0.0736339
0.0999991
-0.131116
0.0572135
-0.15169
0.0476117
-0.10913
0.0311514
-0.0941403
0.0227107
-0.0735254
0.0205312
-0.0621811
0.0239809
-0.051272
0.0215781
-0.04536
0.024665
-0.0418962
0.0247805
-0.0363866
0.0214625
-0.0322597
0.0204503
-0.0318289
0.023951
-0.0319975
0.0237724
-0.0238423
0.0226954
-0.025169
0.0218976
-0.0193561
0.0214414
-0.0203593
0.0216481
-0.0171381
0.0213486
-0.0174122
0.0212267
-0.016255
0.0208201
-0.0167823
0.020877
-0.0137053
0.0198984
-0.0113364
0.0168936
-0.00932955
0.0194006
-0.0102848
0.0212558
-0.0103452
0.0240349
-0.00478617
0.0199553
-0.00711953
0.0215305
-0.00360405
0.0194504
0.0171447
0.00926883
0.020278
0.0086076
0.0220143
0.0124174
0.0206005
0.0133232
0.0181719
0.0154859
0.017502
0.012432
0.0177969
0.0147252
0.0198328
0.0161083
0.0174556
0.0179698
0.0180609
0.0202274
0.0158208
0.0185394
0.0162361
0.0225501
0.0167916
0.0221308
0.0146042
0.0281462
0.017247
0.0253949
0.0184041
0.0335671
0.0156429
0.0352157
0.0134056
0.0382959
0.0141112
0.0394243
0.0148702
0.0446097
0.0155462
0.0510524
0.0151398
0.0540372
0.0129368
0.0651715
0.0147325
0.0685558
0.00593129
0.0844915
0.0259893
0.102284
0.0012539
0.12943
0.0160988
0.173821
0.0423121
0.206604
-0.271584
0.953136
