0.0195444
0.170198
-0.137242
0.0759616
-0.131363
0.0608399
-0.1177
0.0360929
-0.0857194
0.0266953
-0.063563
0.0270908
-0.0498728
0.03436
-0.0465748
0.0284597
-0.0390508
0.0266064
-0.0353128
0.0265177
-0.0349403
0.0260488
-0.0312347
0.0249235
-0.026808
0.0203257
-0.0271036
0.0239588
-0.0218788
0.0234946
-0.0169264
0.0206844
-0.0182202
0.0210521
-0.017232
0.0229431
-0.0153266
0.0208962
-0.0140774
0.0212722
-0.0127749
0.0211879
-0.0127032
0.0197955
-0.00776651
0.0200267
-0.00778015
0.0210379
-0.00631202
0.0173884
-0.00750599
0.0200833
-0.00509811
0.0171247
-0.00351607
0.018153
-0.00191686
0.0167194
-0.00397882
0.0175557
0.0140799
0.0134888
0.0117746
0.0100015
0.012836
0.0126011
0.0128622
0.0140946
0.0130122
0.0171946
0.0127796
0.0169689
0.0147481
0.0149207
0.0138906
0.0189126
0.0116876
0.0210097
0.0130984
0.0199476
0.0120984
0.0236438
0.0109948
0.0259658
0.00842424
0.0262037
0.0109666
0.0277788
0.0121022
0.0307608
0.00804766
0.0302043
0.0102327
0.0343396
0.00846425
0.0384334
0.00585887
0.0392867
0.0035667
0.044091
0.0052646
0.0472218
0.000981298
0.0583777
0.00639399
0.061384
0.000258508
0.0651417
0.00357389
0.0780805
-0.0115881
0.105419
-0.00105077
0.112437
-0.0239252
0.151758
0.0509582
0.223244
-0.508889
0.823712
