-0.0537449
0.12416
-0.109877
0.0533494
-0.121469
0.0597569
-0.102083
0.0422842
-0.0874516
0.0295133
-0.0722959
0.0287692
-0.0632591
0.0228431
-0.0488845
0.0242793
-0.0455411
0.0208728
-0.0350869
0.0228866
-0.0346543
0.0220822
-0.026577
0.0221301
-0.02631
0.022759
-0.0256957
0.0214468
-0.0217906
0.0199685
-0.0218952
0.0165554
-0.0185224
0.0226841
-0.020478
0.0211695
-0.0142281
0.0230776
-0.0161409
0.0202842
-0.0135228
0.0197375
-0.0129048
0.0190216
-0.010661
0.0192677
-0.0088555
0.0185979
-0.00710015
0.017173
-0.00927595
0.0182226
-0.00764889
0.0179028
-0.00562727
0.0152467
-0.00502966
0.0198144
-0.00739046
0.0198844
0.0144096
0.0130662
0.0135194
0.0119089
0.0113966
0.0138912
0.0144019
0.0134308
0.0130429
0.0160812
0.0141085
0.0162697
0.0124343
0.013306
0.015649
0.018831
0.0129363
0.0187423
0.0127715
0.022538
0.0158957
0.0187038
0.014612
0.026491
0.0105204
0.0251344
0.00937543
0.0279873
0.0093023
0.0307858
0.0112572
0.0327526
0.011048
0.0354622
0.0138293
0.0356189
0.0106392
0.0417126
0.0107686
0.0404874
0.0109461
0.0489825
0.0105739
0.0508695
0.00711055
0.0628495
0.00558779
0.0664654
0.00598178
0.0792429
0.0103964
0.110762
-0.0130899
0.111978
0.0027715
0.165811
0.019158
0.213084
-0.339277
0.932988
