-0.00667924
0.128347
-0.178892
0.0468297
-0.173962
0.0328551
-0.128304
0.0164961
-0.0880359
0.0195437
-0.0742285
0.0283265
-0.0559401
0.0266761
-0.0503469
0.0215325
-0.053479
0.0225167
-0.0468896
0.0214824
-0.0390992
0.0220792
-0.0358427
0.0197902
-0.032087
0.0199507
-0.0306183
0.0158134
-0.0313599
0.0149246
-0.0264642
0.0170388
-0.0242389
0.0167618
-0.0205055
0.0186094
-0.0185248
0.0165871
-0.017282
0.0191407
-0.0189761
0.0158591
-0.0148295
0.0180839
-0.0146656
0.0145492
-0.0142627
0.0178768
-0.0130587
0.0174543
-0.0107069
0.0190541
-0.0101745
0.018267
-0.00734325
0.018341
-0.00785214
0.0174073
-0.00781629
0.016237
0.0148503
0.0123056
0.0155061
0.0109836
0.014693
0.0134322
0.0160927
0.0142033
0.0168929
0.0184897
0.0157438
0.0174067
0.0159463
0.0186153
0.0159519
0.0176074
0.0141716
0.0178614
0.0143812
0.0220791
0.0151685
0.0228767
0.0141808
0.025231
0.018014
0.0240696
0.0169327
0.0295478
0.0139531
0.0266803
0.0128295
0.0311171
0.0162068
0.0306667
0.0105864
0.0347335
0.0149203
0.035103
0.0138274
0.0446851
0.00963148
0.0507306
0.00818067
0.0564972
0.0178665
0.0619636
0.00689158
0.0741185
0.0163964
0.0792107
0.0137949
0.114227
0.0143938
0.128874
-0.00492704
0.171373
0.0998452
0.205014
-0.395139
0.88967
