-0.012714
0.138527
-0.164779
0.0502851
-0.153838
0.0413156
-0.129484
0.018242
-0.0944291
0.0177524
-0.0744279
0.0201679
-0.0575533
0.0249458
-0.0518637
0.0248135
-0.046355
0.0232207
-0.0407641
0.0240103
-0.0408945
0.0184573
-0.037709
0.0163493
-0.0314628
0.0178185
-0.028754
0.0172725
-0.0264937
0.0179487
-0.0241826
0.0202335
-0.0220162
0.0201825
-0.0183067
0.0186171
-0.0190374
0.0196609
-0.0205237
0.0179979
-0.0186564
0.0203401
-0.0140266
0.0197319
-0.0127459
0.0177848
-0.00908285
0.0171534
-0.00986457
0.019975
-0.00908347
0.0183918
-0.0100272
0.018992
-0.0081524
0.0180602
-0.00732532
0.016076
-0.0043503
0.0168176
0.0129115
0.0101703
0.0134207
0.0107818
0.0146096
0.0118777
0.0154418
0.0162329
0.0138405
0.0161503
0.0148786
0.0150314
0.0153356
0.0169493
0.0174247
0.0180623
0.0179392
0.0186981
0.0152969
0.0227823
0.0142481
0.0247245
0.0138338
0.0236328
0.0133698
0.0257628
0.0146817
0.0285977
0.0150335
0.032812
0.0137568
0.0349152
0.0150615
0.0326362
0.0143739
0.0351788
0.0115734
0.0406929
0.0124072
0.043331
0.0121712
0.0444285
0.0103092
0.0600212
0.0123448
0.0632551
0.00981331
0.0760282
0.0166718
0.0791474
0.0111787
0.116883
0.0106124
0.113122
0.00355728
0.165691
0.0672321
0.205683
-0.437223
0.88712
