-0.0487923
0.0549593
-0.107739
0.0294461
-0.122494
0.036889
-0.0826505
0.0250629
-0.0704905
0.0287314
-0.0645499
0.0243699
-0.0564422
0.0228563
-0.0455384
0.020225
-0.0450504
0.0251556
-0.038839
0.0189017
-0.0342828
0.0173432
-0.0324377
0.015596
-0.0298525
0.0187699
-0.025696
0.0189527
-0.0248889
0.0172793
-0.0234039
0.0161218
-0.0226266
0.0173158
-0.0184387
0.0147791
-0.0172902
0.0178165
-0.0136754
0.016254
-0.0167633
0.0181362
-0.0104978
0.0194109
-0.0132904
0.0188559
-0.0120389
0.0219704
-0.00987779
0.0149108
-0.00946577
0.017676
-0.0101161
0.0188203
-0.00648819
0.0178767
-0.00666368
0.0170521
-0.00630836
0.0179505
0.0141265
0.00895161
0.0155684
0.00846076
0.0183177
0.0118
0.0122245
0.0116898
0.0162814
0.0140354
0.0166989
0.0131798
0.0181918
0.0162873
0.0168443
0.0158329
0.0152647
0.0167907
0.0148839
0.0175432
0.0142702
0.020943
0.0137773
0.0181144
0.0129528
0.0250573
0.0151137
0.0242013
0.0128365
0.0288781
0.0163994
0.0282081
0.0143042
0.0287841
0.0123178
0.035565
0.0103203
0.0351747
0.015435
0.038723
0.0162636
0.0462946
0.0127279
0.0472326
0.0126374
0.0568268
0.0150644
0.0632544
0.00575774
0.0805346
0.0225069
0.084349
-0.00714808
0.123763
0.0118848
0.171705
0.0139515
0.194368
-0.156711
0.986205
