-0.000533676
0.0901883
-0.111676
0.0424106
-0.102851
0.0620788
-0.0785025
0.0387788
-0.0641543
0.0367491
-0.0620358
0.0322244
-0.0522963
0.0290381
-0.0526524
0.0310599
-0.0408848
0.0247328
-0.0371429
0.0223875
-0.0312548
0.0218198
-0.0309533
0.020937
-0.0246032
0.0200536
-0.023662
0.0200019
-0.0217741
0.0220541
-0.018227
0.019906
-0.0162551
0.0192472
-0.0137387
0.0190405
-0.0166424
0.0219245
-0.0110395
0.0182522
-0.0105356
0.0172301
-0.00931638
0.0180221
-0.0115598
0.0194488
-0.00773551
0.0187601
-0.00708091
0.018684
-0.00441778
0.0169085
-0.00390014
0.0176077
-0.00442346
0.0178883
-0.00240804
0.017092
-0.00279211
0.0179258
0.015137
0.0102042
0.0142271
0.0100162
0.0141731
0.0103989
0.0152541
0.0118402
0.0130212
0.0124793
0.0165476
0.0126216
0.0151221
0.0171005
0.0139052
0.0177691
0.0122949
0.0172732
0.0150357
0.0169408
0.0152336
0.0200663
0.0146433
0.0210523
0.0133035
0.0231467
0.0129188
0.0212108
0.0150569
0.0257628
0.0119977
0.0274108
0.0106688
0.0305514
0.0104618
0.0306553
0.00957989
0.0363806
0.00953675
0.0392115
0.00696569
0.042344
0.0134051
0.0504011
0.00666238
0.0573275
0.00652522
0.0725037
-0.00186058
0.0616208
0.0147407
0.101097
-0.0123933
0.100333
-0.0140219
0.165439
0.015296
0.202752
-0.346092
0.93729
