-0.0646349
-0.174612
0.202731
-0.0764834
-0.0620692
-0.0789745
-0.0255456
-0.0698286
-0.0253897
-0.0538992
-0.0252158
-0.0487371
-0.0249527
-0.0440468
-0.0132838
-0.0286357
-0.0190497
-0.0299332
-0.0205105
-0.0260733
-0.0188765
-0.0218933
-0.0175777
-0.0241193
-0.0158472
-0.019384
-0.0144125
-0.0170738
-0.01498
-0.0147651
-0.018716
-0.0179407
-0.0160416
-0.0137152
-0.0155883
-0.0146225
-0.0159756
-0.00816934
-0.014439
-0.0105018
-0.0130507
-0.0104877
-0.0132619
-0.00792866
-0.0115176
-0.00687689
-0.0136098
-0.00615279
-0.0134998
-0.00812182
-0.0127263
-0.00786757
-0.0123233
-0.00416215
-0.0131809
-0.00460729
-0.0107717
-0.00370137
-0.012148
-0.00598162
0.0121781
-0.00636696
0.0143653
-0.00629331
0.0130299
-0.00315065
0.0141179
-0.00492135
0.0140374
-0.00471267
0.0149192
-0.00497737
0.0156605
-0.0039552
0.0177633
-0.00131687
0.0166852
-0.00627777
0.0203773
-0.00373886
0.016866
-0.00391701
0.0180995
0.00118686
0.020275
0.00161155
0.0210586
-0.00108096
0.0224536
-0.00082124
0.0236548
0.00183398
0.0226465
0.000299791
0.0300468
0.000750993
0.0286749
0.00589762
0.033205
0.000120755
0.0358918
0.0104341
0.0353365
0.00848931
0.0427148
0.00612608
0.0501348
0.0203557
0.0439426
0.0193619
0.074596
0.0236987
0.0816711
0.0624812
0.0938752
0.0474634
0.206232
0.117899
0.20562
0.555299
