-0.0243114
-0.0434722
0.208337
-0.110805
-0.0323732
-0.0665611
-0.0291669
-0.0553275
-0.0201618
-0.0415675
-0.0150569
-0.0449009
-0.00997088
-0.0247689
-0.0211119
-0.0298535
-0.0194932
-0.0280152
-0.0133993
-0.0243541
-0.0120759
-0.0186816
-0.0162075
-0.0191048
-0.0100548
-0.0152355
-0.0163294
-0.0176439
-0.0111597
-0.0139898
-0.0124245
-0.0124509
-0.0141856
-0.0133466
-0.0147163
-0.00992678
-0.0127627
-0.0122535
-0.00942244
-0.00849024
-0.0126926
-0.00510498
-0.0129714
-0.00498656
-0.0131365
-0.00766654
-0.0105033
-0.00931641
-0.00793665
-0.00559495
-0.010805
-0.00616964
-0.0113296
-0.00808295
-0.0109948
-0.00697719
-0.00765993
-0.00480054
-0.00877381
-0.00359432
0.00696224
-0.0035716
0.0092568
-0.00349539
0.0117934
-0.0039846
0.00987087
-0.00315969
0.00839832
-0.0021755
0.0125058
-0.00357237
0.0142262
-0.00215311
0.0153974
-0.00248167
0.0144736
0.00128832
0.0165819
-0.00100063
0.0155619
0.000436152
0.0130346
-0.00163828
0.0180603
-0.000953301
0.0156183
0.00522478
0.0186873
0.00293427
0.017452
-0.00066381
0.0242231
-0.00102084
0.0217745
0.00626153
0.0195494
0.00609887
0.0268584
0.000705402
0.0327427
0.00758672
0.0290946
0.0139749
0.0262977
0.0106256
0.044172
0.014591
0.0601755
0.025704
0.0485315
0.0307861
0.0428017
0.0312304
0.106513
0.054231
0.165552
0.204524
0.0330386
0.455974
