-0.0576474
-0.00800302
0.208673
-0.0831151
-0.00891987
-0.0601588
-0.0127512
-0.0503795
-0.020862
-0.0282235
-0.0171121
-0.0358003
-0.00907204
-0.0246441
-0.0116819
-0.0289774
-0.0188854
-0.0187435
-0.00987952
-0.0157145
-0.0103897
-0.0197164
-0.0111831
-0.016773
-0.011055
-0.0111005
-0.0110604
-0.0113849
-0.00865272
-0.0102243
-0.0124374
-0.0116347
-0.00854683
-0.0103078
-0.0139717
-0.00859239
-0.00799905
-0.00937453
-0.00928333
-0.00748867
-0.0101605
-0.00737462
-0.00863633
-0.00596508
-0.00924935
-0.00749869
-0.00919754
-0.00459226
-0.00838244
-0.00465066
-0.00847212
-0.00396744
-0.00925085
-0.00255664
-0.00785973
-0.00459675
-0.011166
-0.00360322
-0.00931322
-0.00269265
0.00828572
-0.00213729
0.0104819
-0.00448306
0.00937534
-0.00117586
0.00993561
-0.0027743
0.0107883
-0.00129504
0.0100317
-0.00369231
0.0119924
-0.00192649
0.0106272
-0.00162679
0.0103792
-0.00141468
0.0107885
-0.00264539
0.0155133
-0.000887972
0.0109568
0.0019852
0.013612
-0.000949036
0.0142281
-0.000226221
0.0166029
0.000829921
0.0196706
0.00270088
0.0141957
0.00379109
0.0212285
-0.000753949
0.0214859
-4.45203e-005
0.0215481
0.00898193
0.0198777
0.00852259
0.0257745
0.00624626
0.0337782
0.00606835
0.0345074
0.0213119
0.0359097
0.0283218
0.0381621
0.0226695
0.0629513
0.0184358
0.0944467
0.0588832
0.103202
0.200119
-0.0650564
0.407003
