-0.0733078
-0.0570922
0.237261
-0.102278
-0.0201567
-0.0602843
-0.0419802
-0.0604854
-0.0184398
-0.0382235
-0.0122581
-0.0474382
-0.0167819
-0.0286163
-0.0163533
-0.024776
-0.0162147
-0.0290454
-0.0132548
-0.0243805
-0.0147829
-0.018
-0.016924
-0.0181866
-0.0136739
-0.0177191
-0.0100425
-0.0127042
-0.0159814
-0.0138059
-0.0120145
-0.0131257
-0.0144952
-0.0123595
-0.0109207
-0.00956391
-0.0114457
-0.00984195
-0.0114426
-0.0102181
-0.0101205
-0.00930769
-0.0095871
-0.00779102
-0.0108283
-0.00611152
-0.00942363
-0.00571106
-0.0126776
-0.00578954
-0.0124585
-0.00285391
-0.0100268
-0.00617263
-0.0104847
-0.00563307
-0.0106781
-0.00415464
-0.00884848
-0.00253626
0.00977261
-0.00285686
0.00963667
-0.00387918
0.0122515
-0.00460879
0.0119205
-0.00133464
0.0128458
-0.00256218
0.0147768
-0.00134257
0.0123444
-0.00409695
0.012768
-0.00112383
0.0141775
-0.00448039
0.0145124
-0.00317976
0.0142968
-0.00227376
0.0161929
-0.000479765
0.0149486
-0.00147584
0.0219007
0.00173114
0.0172516
0.000939081
0.016928
0.00148541
0.0248583
-1.68851e-005
0.0249669
0.00612262
0.0206676
0.00370219
0.0241388
0.00440932
0.0325304
0.00635783
0.0323457
0.0140194
0.0285328
0.00575083
0.0417571
0.0134087
0.0552027
0.0252835
0.0495537
0.0413838
0.0543569
0.0278284
0.109656
0.0392045
0.152605
0.21589
0.0367443
0.441313
