-0.0133039
-0.058204
0.210595
-0.102713
-0.0429594
-0.0666935
-0.0294435
-0.0554513
-0.0184764
-0.046728
-0.0132923
-0.0441506
-0.0176348
-0.0254806
-0.0184432
-0.0292539
-0.0175785
-0.031718
-0.0162097
-0.0205487
-0.0161485
-0.0202471
-0.0120427
-0.0202664
-0.0120597
-0.0145969
-0.0150572
-0.0175409
-0.0143965
-0.0142241
-0.0121562
-0.0141241
-0.0139429
-0.0137392
-0.0123378
-0.0103209
-0.0109439
-0.00780214
-0.0110464
-0.00721056
-0.00935334
-0.00745596
-0.00976958
-0.00911269
-0.0114199
-0.00853165
-0.0125863
-0.00775472
-0.0107276
-0.00594196
-0.0105147
-0.00499705
-0.0114556
-0.00465218
-0.0102949
-0.007111
-0.00952411
-0.00500763
-0.0103732
-0.00268656
0.0095726
-0.00365718
0.012235
-0.0045957
0.0103779
-0.00306511
0.0121708
-0.00295226
0.013421
-0.00208908
0.0125813
-0.00160172
0.0121116
-0.00212189
0.0126847
-0.0028442
0.0151586
-0.00120136
0.0178815
-0.00361185
0.0181327
-0.0034996
0.0181252
-0.000534255
0.014868
0.000183464
0.0159455
-6.11936e-005
0.0206235
0.00178563
0.0207414
0.00444354
0.0196277
0.000848522
0.0246699
-0.000667287
0.026855
0.00866917
0.0232108
0.00419685
0.0305514
0.00458129
0.0363032
0.0144242
0.0307794
0.0132139
0.0395254
0.0145339
0.0586741
0.0188834
0.0571601
0.0376883
0.0505683
0.0348672
0.103927
0.0475922
0.175957
0.175846
0.0780031
0.495572
