0.0513202
0.00660839
0.16632
-0.104043
-0.0205288
-0.0728005
-0.0479477
-0.0490975
-0.0111478
-0.0415893
-0.0181653
-0.0338964
-0.00895457
-0.0306591
-0.0231299
-0.0237356
-0.020073
-0.0256441
-0.00718713
-0.0186529
-0.0137522
-0.0182055
-0.0159106
-0.0150377
-0.0133582
-0.0164733
-0.0127524
-0.0161148
-0.0144265
-0.0130325
-0.0106585
-0.0100375
-0.0125831
-0.0127511
-0.0106666
-0.00783457
-0.0116994
-0.00938514
-0.0111612
-0.00823002
-0.0138813
-0.00959578
-0.0158651
-0.00797275
-0.0137509
-0.00334276
-0.00657875
-0.00702173
-0.010522
-0.00771473
-0.0109253
-0.00480601
-0.0104119
-0.00408
-0.0109234
-0.00433065
-0.00883775
-0.00462066
-0.00904925
-0.00308485
0.0101111
-0.00523545
0.00961311
-0.00536525
0.0101214
-0.00305333
0.00965723
7.69464e-005
0.0104244
-0.00500146
0.0120689
-0.00499407
0.0107701
-0.00258513
0.0125745
3.59702e-005
0.0143197
-3.20212e-005
0.0113749
0.00195121
0.0124577
0.000728072
0.0168942
-0.00275437
0.0166297
-0.00335073
0.0175207
0.00332859
0.0126048
-0.00180258
0.0187123
0.000798863
0.0217886
0.00228763
0.0208915
0.00650302
0.0186446
0.00267897
0.0298732
-0.00133762
0.028595
0.0114525
0.0279302
0.0117137
0.0302078
0.00564464
0.0380981
0.0149897
0.0556042
0.0292866
0.0396002
0.0335335
0.0467868
0.0274754
0.11578
0.0608518
0.123045
0.204126
0.0625651
0.458402
