-0.0301317
-0.0584941
0.216423
-0.104614
-0.0394493
-0.0615631
-0.0379069
-0.0588355
-0.0171472
-0.0424037
-0.0143619
-0.046344
-0.0191961
-0.0240576
-0.0185512
-0.0260033
-0.0184636
-0.029571
-0.0164985
-0.0222793
-0.0153734
-0.0189773
-0.0135813
-0.0201366
-0.0101438
-0.0124072
-0.0158113
-0.0160537
-0.0182647
-0.0140814
-0.0119319
-0.0129944
-0.0125855
-0.011275
-0.0111799
-0.0109785
-0.00999782
-0.00952598
-0.0113238
-0.0072799
-0.0117579
-0.00642114
-0.0106536
-0.00683021
-0.0121114
-0.00728581
-0.0106531
-0.00573325
-0.0112417
-0.00653328
-0.0104526
-0.00583387
-0.0128638
-0.00485887
-0.0102408
-0.00346567
-0.0112713
-0.0046086
-0.00854337
-0.00301776
0.0105952
-0.0068787
0.0128389
-0.0039111
0.0103645
-0.00273223
0.010962
-0.00281715
0.0128492
-0.00332319
0.012414
-0.00203974
0.0135602
-0.00423042
0.0145733
-0.00292549
0.016053
-0.00217543
0.0148543
-0.00125685
0.0182218
-0.00379027
0.0171871
-0.00202771
0.0142092
-0.00402633
0.0173716
-0.000156669
0.0222031
0.0019392
0.0191547
0.00500268
0.0219626
-0.000432269
0.0242602
0.00140298
0.026476
0.00650605
0.0229094
0.00195011
0.0304345
0.00440343
0.0375722
0.0164992
0.0325072
0.0112462
0.0382893
0.0147079
0.058346
0.0188061
0.0543098
0.0403502
0.0515578
0.0362814
0.106835
0.0440314
0.162886
0.187498
0.0665933
0.482909
