-0.223439
0.277226
-0.0530507
0.170548
0.0103308
0.125888
-0.00161936
0.0877947
0.00570676
0.0741693
0.0106212
0.0644015
0.00645467
0.0546584
0.0129792
0.049654
0.00385782
0.0402899
0.00830548
0.0357385
0.0110457
0.0351602
0.014566
0.0284347
0.0119254
0.0309103
0.0144038
0.0254396
0.0123277
0.0241135
0.0143206
0.0228793
0.0135991
0.0188351
0.0152208
0.0209379
0.0147708
0.018119
0.0163316
0.0148392
0.0171537
0.0143482
0.0151889
0.0164662
0.0176693
0.0125822
0.0171071
0.0113051
0.0131868
0.0123938
0.016178
0.00964776
0.0154955
0.00990154
0.0182792
0.0092551
0.0156412
0.0092049
0.0186443
0.00903302
-0.00369727
0.0188999
-0.00441226
0.0205682
-0.00523497
0.0177994
-0.00520631
0.019443
-0.00432758
0.0169131
-0.00797125
0.0204335
-0.00911173
0.0176421
-0.00769733
0.0197986
-0.00962015
0.0239208
-0.0109009
0.019552
-0.0126069
0.0199144
-0.0120573
0.0223585
-0.0162095
0.0202737
-0.0156162
0.0211086
-0.0173702
0.0197365
-0.0210244
0.0215282
-0.0198971
0.0215196
-0.0260285
0.0240162
-0.0251447
0.0216106
-0.0277217
0.02429
-0.0310278
0.0193871
-0.0393908
0.0230636
-0.0462015
0.0220562
-0.0468744
0.0308321
-0.0566988
0.0296816
-0.0697398
0.0342747
-0.0884291
0.037836
-0.123965
0.0349178
-0.162003
0.0298537
-0.215266
-0.0126132
