-0.196166
0.286614
-0.0775124
0.171929
0.00492152
0.135778
0.00162606
0.0963602
0.00264958
0.0741118
0.00803736
0.0658084
0.00736333
0.0560108
0.00434377
0.0530415
0.0077048
0.046038
0.00454704
0.0426831
0.00947232
0.0374443
0.00866627
0.0346279
0.00909475
0.0295118
0.0117402
0.02687
0.0105705
0.0264569
0.0113711
0.0237381
0.0110537
0.0217416
0.0121715
0.0217879
0.00935165
0.0203524
0.0125157
0.0182381
0.00995717
0.0166527
0.0103351
0.0187638
0.0126897
0.0141453
0.0119657
0.0144839
0.012275
0.0155069
0.0151237
0.01096
0.013469
0.0113342
0.0132623
0.0118849
0.0120634
0.011676
0.0127575
0.0095324
-0.00448655
0.0161143
-0.0070873
0.0171026
-0.00850787
0.0173644
-0.0101298
0.0163318
-0.00836911
0.0153079
-0.00965716
0.0184735
-0.0119156
0.0160333
-0.0111966
0.0151647
-0.0138647
0.017779
-0.0142096
0.0155749
-0.0162274
0.0136854
-0.015684
0.0189636
-0.0172512
0.0158183
-0.0189387
0.0180996
-0.0190258
0.0191626
-0.0228003
0.0198099
-0.0252595
0.0183946
-0.0263694
0.0189013
-0.0325022
0.0183571
-0.0338872
0.0182997
-0.0374596
0.0207105
-0.0421221
0.0178012
-0.0489548
0.0255451
-0.0508195
0.0238221
-0.062772
0.0244063
-0.0729068
0.0288613
-0.0913824
0.0333451
-0.126298
0.0365718
-0.162936
0.0350771
-0.264723
-0.0598627
