-0.195567
0.257208
-0.0529205
0.141075
0.0116167
0.108027
-0.00223625
0.0786774
-0.00163307
0.0667457
0.00636169
0.0586626
0.00227315
0.0450043
0.00490831
0.0446735
0.00948512
0.0369254
0.0087231
0.0314149
0.00774028
0.0318149
0.0103857
0.0303329
0.00845102
0.0266655
0.00878306
0.0224316
0.0109529
0.022999
0.0103581
0.0194801
0.0122176
0.0158502
0.00872736
0.017323
0.0107434
0.016201
0.0099702
0.0137868
0.0107762
0.0155145
0.00989995
0.0143165
0.0112334
0.0121555
0.00998824
0.0115181
0.00877033
0.0120183
0.0104568
0.00916692
0.00994143
0.010321
0.0122863
0.011481
0.0108473
0.00895068
0.0123367
0.00873172
-0.00764104
0.0118003
-0.00711065
0.0147293
-0.00751803
0.0136456
-0.00803529
0.0133722
-0.00699997
0.0110967
-0.00908998
0.013487
-0.00997383
0.0127242
-0.0107698
0.0124978
-0.0109176
0.0155291
-0.0126513
0.0137034
-0.0121856
0.0133773
-0.0122063
0.0142022
-0.0141295
0.0164041
-0.0155417
0.0128302
-0.0173489
0.0179608
-0.0196578
0.0167343
-0.0215956
0.0137258
-0.0260585
0.0155488
-0.0246442
0.0173454
-0.0267311
0.0169269
-0.0319039
0.0161599
-0.0319631
0.0190545
-0.0402821
0.017792
-0.0454424
0.0159696
-0.0520146
0.0160707
-0.0577193
0.0212885
-0.0743922
0.0268175
-0.10185
0.0231028
-0.141579
0.00488821
-0.207623
-0.05139
