-0.183288
0.271401
-0.0541572
0.150516
0.014738
0.114102
-0.000535437
0.0765127
-0.00290744
0.070138
0.00777907
0.0604625
0.00499579
0.0522317
0.00600432
0.0456921
0.0118479
0.0394737
0.00814312
0.0358962
0.0141977
0.0328563
0.0137733
0.0305421
0.00922167
0.0278092
0.0110942
0.0216968
0.00879856
0.0215398
0.0133862
0.0200511
0.0129832
0.0186793
0.0106204
0.0208364
0.0131562
0.0160958
0.0125967
0.0161937
0.013077
0.0152592
0.0133873
0.0126838
0.0149269
0.0136863
0.015147
0.0112318
0.0131785
0.0109385
0.0134364
0.0108764
0.0160785
0.0102445
0.0154929
0.00839685
0.0134689
0.00769197
0.0151413
0.00844465
-0.00308312
0.0170504
-0.00527042
0.0168246
-0.00774303
0.0166652
-0.006283
0.0175572
-0.00596739
0.0170417
-0.00945172
0.0164652
-0.00868544
0.017375
-0.00962535
0.0178318
-0.00981477
0.0176548
-0.0123419
0.0173142
-0.0146962
0.0167956
-0.0123551
0.0154102
-0.0163837
0.0187326
-0.0159129
0.0174715
-0.0153435
0.0168712
-0.0182179
0.0187027
-0.0202371
0.0141869
-0.0264992
0.0200975
-0.0272124
0.021047
-0.0272015
0.0199759
-0.0328854
0.0240485
-0.0368786
0.0189944
-0.0425364
0.0202584
-0.0494661
0.0209726
-0.0490411
0.0205853
-0.062237
0.024935
-0.0769563
0.0285074
-0.108161
0.0275984
-0.150209
0.0239699
-0.228259
-0.0281893
