-0.120504
0.308456
-0.0506404
0.164913
0.0168567
0.123645
0.011278
0.0927541
0.00224253
0.077463
0.00694128
0.0675538
0.00912688
0.0569386
0.00967235
0.0484443
0.00877663
0.0437493
0.0125802
0.0410159
0.0112941
0.0365783
0.0143942
0.0335015
0.0133398
0.0294388
0.0144155
0.0248499
0.0167403
0.0267172
0.0133212
0.0222787
0.0140591
0.0217007
0.0158987
0.0206602
0.0148758
0.0174527
0.0124394
0.0183324
0.0164359
0.0167692
0.0154938
0.0159687
0.0118631
0.0143412
0.0141886
0.0147458
0.0157897
0.0136444
0.0157948
0.0112824
0.015399
0.0100236
0.0129818
0.0103282
0.0141042
0.00971681
0.0173697
0.00876524
-0.00704161
0.0144497
-0.00589108
0.0165742
-0.00749504
0.0173615
-0.00970078
0.0156953
-0.0111116
0.0175597
-0.0104781
0.0184497
-0.0111804
0.0163494
-0.0138355
0.0165779
-0.0153604
0.0168102
-0.0120109
0.0177002
-0.0153486
0.019314
-0.0178599
0.0177424
-0.0181781
0.018494
-0.0190147
0.0183504
-0.0198327
0.0197812
-0.0247198
0.020014
-0.0231173
0.020985
-0.0280081
0.0191603
-0.0334175
0.0191407
-0.0331656
0.0218219
-0.0369847
0.017588
-0.0428196
0.020305
-0.0475518
0.0187614
-0.0538613
0.0190265
-0.0627998
0.0216693
-0.0753621
0.0262254
-0.0920995
0.0258788
-0.122562
0.0253758
-0.167298
0.0338421
-0.285077
-0.0236639
