-0.579878
-0.249616
0.00925051
0.1252
0.183799
-0.0365627
0.00605715
-0.117917
0.0943297
-0.0258824
-0.0269904
-0.0878062
-0.0574057
0.0207872
-0.00129673
0.0252003
-0.0477293
-0.0148016
0.040212
0.0121906
0.027532
-0.0517522
-0.00032251
-0.0253848
0.0115399
-0.00917032
-0.0465534
-0.0141598
-0.0135121
0.0333352
0.000395867
-0.00583362
-0.0031273
-0.0111306
0.0301493
-0.012928
-0.00948834
-0.0366456
-0.00936444
0.00606429
-0.0161326
0.0021801
-0.0268509
0.00936493
0.0115163
0.0139939
-0.00115773
-0.021223
0.0107343
-0.00361037
0.006182
-0.0181209
-0.0237791
-0.00721195
-0.00743864
0.016072
-0.0184975
0.000234905
-0.00246207
0.00996485
0.000533597
-0.0241459
0.0165868
0.00347242
0.0225131
-0.00624455
-0.00326357
0.0114401
0.00579731
0.0135549
-0.0127266
-0.0147015
-0.00797163
-0.00168603
0.0219012
-0.0241927
0.00890525
-0.00901499
0.031274
0.0195332
0.00560011
0.00221563
-0.0128888
0.0223582
0.00233259
-0.0112084
-0.0186687
-0.024324
0.029354
-0.00633943
0.0299998
-0.0257819
0.0124815
0.0293022
0.0284468
0.0185673
-0.0310052
0.00404207
-0.00596356
0.0143074
0.00927102
-0.0559726
0.0142492
-0.0122829
0.0856086
0.000356665
0.0210228
0.00283216
0.0128818
0.107273
-0.00962017
-0.0125927
-0.102685
-0.00943055
0.059775
-0.0124159
0.1426
-0.249045
0.178585
0.792553
