-0.710836
-0.317939
0.0568553
0.0216388
-0.0429904
-0.0561833
-0.0819742
-0.0364358
-0.0145812
0.0039124
-0.0929373
-0.0639645
0.00558432
0.0301217
-0.0577902
-0.0508508
-0.0206275
0.0148871
-0.0312836
-0.0189792
-0.0357657
-0.00912872
-0.00494464
0.0117551
-0.0421851
-0.0265682
-0.00423654
0.0223125
-0.0309265
-0.0264288
-0.0135651
0.016292
-0.0137228
-0.00957846
-0.0241531
-0.00425846
-0.00643739
0.010898
-0.0280801
-0.0168905
-0.00570472
0.0182966
-0.0242144
-0.0157715
-0.011083
0.013934
-0.010699
-0.00406951
-0.0180524
-0.00146057
-0.00505948
0.0133808
-0.0213882
-0.0101033
-0.00481781
0.0162498
-0.0174513
-0.00840132
-0.00981913
0.0120353
0.00536434
-0.00235799
0.0106777
0.00947373
0.0201566
-0.0018437
-0.0036061
0.0119844
0.0285706
-0.000909717
-0.00588541
0.00947368
0.0272191
0.0078657
0.0062281
0.000886054
0.011237
0.0159161
0.0260235
-0.000544554
-0.00869186
0.0183366
0.0353263
-4.75057e-005
-0.00888828
0.0145982
0.0316855
0.013251
0.00798634
0.00424118
0.0108704
0.0258903
0.0343056
-0.000350251
-0.010551
0.030844
0.0559151
0.0113063
-0.0161548
0.0261539
0.044741
0.0303123
0.0129394
0.0130688
0.011745
0.0537822
0.065504
0.0151185
-0.0479685
0.0696807
0.122347
0.0315066
-0.0788719
0.0788605
0.149857
0.111613
0.0203016
0.271128
-0.30624
0.599096
