-0.708834
-0.368822
-0.0243523
-0.0437775
-0.0130591
-0.0392065
-0.0929026
-0.0749212
-0.0178743
0.0395075
-0.064563
-0.0924809
-0.0465097
0.0294196
-0.0149301
-0.037797
-0.059328
-0.00814465
-0.00917364
0.00838632
-0.0387137
-0.0388349
-0.0303651
0.0204953
-0.00536247
-0.0261646
-0.0457894
0.00589302
0.000713121
-0.00276362
-0.0373962
-0.0118868
-0.0153718
0.0140749
-0.0113145
-0.015605
-0.0358118
0.00808807
0.0076675
-0.00308089
-0.0388189
-0.00269037
-0.00246336
0.00846067
-0.0197082
-0.00585053
-0.0212244
0.00609192
0.00153272
0.00342886
-0.0307983
-0.00509093
0.00448321
0.00888745
-0.0237193
-0.00416787
-0.00991521
0.00695463
-0.00766516
0.00417081
0.0245768
0.0146125
0.00553789
-0.00813299
0.0104032
0.00951184
0.020734
0.0041472
0.000319129
-0.00408453
0.0274153
0.0185558
0.00621118
-0.0150095
0.0183121
0.0258851
0.0173055
-0.00411444
0.0055591
0.0081443
0.0262471
0.0197899
0.0075444
-0.0136856
0.0204484
0.0393504
0.0211728
-0.0155651
0.00667015
0.0290894
0.0282446
0.0154474
0.0134867
0.00129729
0.0154028
0.0466381
0.0355978
-0.0207374
-0.00178656
0.059419
0.0551591
0.000843273
-0.000370177
0.0360903
0.0314953
0.0477719
0.0525513
0.000863507
-0.0303592
0.106172
0.126383
0.0133963
-0.0876161
0.110786
0.174052
0.0857309
0.0703233
0.257423
-0.34883
0.608197
