-0.695093
-0.360276
0.00669054
0.00388293
-0.0187553
-0.0282461
-0.0923214
-0.0855223
-0.0452668
0.0368079
-0.0426367
-0.0746844
-0.0646886
0.01652
-4.85818e-005
-0.0225
-0.0696694
-0.0220876
-0.0186663
0.00504071
-0.0207809
-0.0189891
-0.0470445
-0.0026882
0.00826705
0.00144065
-0.0530975
-0.0168232
-0.00470003
0.0114674
-0.0259288
-0.00405546
-0.0316831
-0.0065012
-0.00540247
0.017455
-0.0322793
-0.0225657
-0.00716363
0.020063
-0.0156016
-0.0100058
-0.0198283
0.000631338
-0.00853897
0.0105682
-0.0166014
-0.013128
-0.0171983
0.0177623
-0.00433808
-0.00872939
-0.0280667
0.00600465
-0.0029628
0.00614814
-0.0178156
-0.00400304
-0.0165237
0.00802608
0.00589549
-0.0111048
0.0165784
0.0200755
0.0154225
-0.00994203
0.00546756
0.00771701
0.0162203
0.0119525
0.0141241
-0.0086079
0.00343658
0.022327
0.028423
-0.00853563
-0.00179068
0.0146832
0.0255966
0.0086196
0.0177341
0.000433942
0.00377292
0.0177893
0.0418622
0.00366318
-0.00923294
0.0108306
0.0388823
0.0248966
0.00611122
0.00493969
0.0079508
0.0222713
0.0402241
0.026667
-0.00376623
-0.00192903
0.0440468
0.0605496
0.0146332
-0.0127069
0.0162564
0.0565911
0.0441174
0.0264094
0.0170893
0.0153207
0.0124392
0.112144
0.0761049
-0.0284307
-0.0501948
0.171509
0.157084
0.0345464
0.013414
0.314366
-0.261476
0.647061
