-0.726933
-0.322199
0.0583263
0.0278732
-0.0509152
-0.0603858
-0.0643589
-0.015286
-0.0228244
-0.00333135
-0.0918025
-0.0482884
-0.000766853
0.0284194
-0.0612718
-0.0470588
-0.0164752
0.0238124
-0.0366595
-0.0326924
-0.0283854
0.00706217
-0.00820433
-0.0048641
-0.0380257
-0.0116129
-0.00445746
0.0169779
-0.0348
-0.023611
-0.00930244
0.0233808
-0.0248007
-0.0179556
-0.0133526
0.0109146
-0.0124436
-0.00480902
-0.0231942
-0.00322356
-0.00237233
0.0121963
-0.022221
-0.0131646
-0.00503455
0.0186864
-0.0188769
-0.0150955
-0.0102698
0.0140397
-0.0108245
-0.00508269
-0.0165519
0.0041571
-0.0060507
0.00852611
-0.0196069
-0.0078807
-0.0019915
0.0168788
0.0228087
-0.00219635
-0.00452264
0.0110489
0.027105
0.00279275
-0.00366458
0.00698384
0.0198177
0.00959467
0.00697295
0.000439057
0.00571709
0.0142034
0.0224048
-0.000845878
-0.00491963
0.0169793
0.0310815
0.0045581
-0.0081495
0.0105867
0.0319358
0.0122669
0.00527291
0.00491469
0.0118125
0.0210995
0.0271454
0.00210488
-0.00859844
0.0285155
0.0434635
0.00623767
-0.018381
0.027853
0.0484935
0.0203477
-0.00553003
0.0178314
0.0266437
0.03659
0.0341881
0.00825732
-0.00817151
0.0543982
0.0702754
0.0220953
-0.0586364
0.0610404
0.110994
0.0540316
-0.0771897
0.0636804
0.127268
0.135512
0.0183282
0.282925
-0.353351
0.567719
