-0.704437
-0.347232
-0.00204449
0.0182737
-0.0234798
-0.0538695
-0.0843782
-0.0529183
-0.030434
0.0238083
-0.0715427
-0.0720266
-0.0350584
0.0366987
-0.0189441
-0.0486853
-0.057632
0.00857742
-0.00635847
-0.00728892
-0.0484614
-0.0227562
-0.0163898
0.0163889
-0.0174024
-0.0253921
-0.0392429
0.0107901
0.00121178
-0.00725449
-0.0449201
-0.00375482
0.00239515
0.00799668
-0.0284108
-0.00961617
-0.0196325
0.00668168
-0.00710983
-0.00181375
-0.0348206
-0.00191764
0.00468543
0.0108182
-0.0306137
-0.00788489
-0.00208029
0.0126704
-0.017904
-0.00302167
-0.0160265
0.00179855
-0.00286852
0.0114124
-0.0231166
-0.00902247
0.00103484
0.0154453
-0.0183653
-0.0102065
0.00935403
0.0114415
0.0199549
-0.00156863
-0.00280134
0.00556389
0.03066
0.0074821
-0.00286786
-0.00192671
0.0219288
0.0169392
0.0105983
-0.00347106
0.00849762
0.0131594
0.0266971
0.012097
-0.000663289
-0.00103001
0.028809
0.0279771
0.00176937
-0.0106268
0.0186108
0.0300268
0.0186616
0.00283829
0.00481776
0.0148566
0.0279153
0.0304281
0.00751607
-0.00978651
0.020103
0.0539975
0.0256863
-0.0146422
0.00262681
0.0527207
0.039123
0.0119215
0.00522867
0.0179649
0.0266287
0.0658118
0.0470497
-0.00281167
-0.0337006
0.104013
0.108518
0.00587748
-0.0710034
0.117177
0.139713
0.097517
0.0292847
0.263075
-0.33846
0.610876
