-0.578508
-0.240034
-0.0037891
0.102739
0.214007
-0.0351504
0.00863467
-0.136296
0.0723203
-0.0268195
-0.0357154
-0.0699969
-0.0756553
0.0238314
0.0109534
0.0329563
-0.0239286
-0.0325591
0.0453303
-0.00901848
0.0260514
-0.056989
-0.0247455
-0.0234647
-0.00176579
0.0176064
-0.0456062
-0.0073522
-0.0024632
0.0186802
0.0194075
-0.0182952
-0.00200829
-0.0291808
0.0171596
-0.00621462
-0.0232811
-0.0190044
-0.0217013
0.017741
-0.00214022
0.00769566
-0.0127965
-0.0101873
0.0206209
-0.00274687
0.00386481
-0.0305736
-0.0118892
-0.00322375
-0.00704668
0.00789845
-0.024771
0.00156623
0.00214179
0.0148461
0.00737051
-0.0147654
0.00109808
-0.012955
-0.016096
-0.00663418
0.00127938
-0.00237734
0.0117634
-0.0260477
0.0100589
-0.000720273
0.0281675
0.00843417
-0.00281084
0.00452668
-0.00455828
0.0166201
0.00183569
-0.0195037
-0.00927305
-0.0137221
0.0321143
-0.00995871
0.0181483
-0.0131134
0.0121758
0.030626
0.012112
0.00475013
-0.0270101
0.000313518
0.0109772
-0.00996038
0.0133289
-0.0420947
0.0269623
0.0111031
0.0482871
0.0105187
-0.0172401
0.019284
-0.00185914
0.0334064
-0.0125267
-0.0464198
-0.00110738
-0.0206942
0.081939
-0.0207587
0.0380901
-0.00959075
0.0413158
0.101004
-0.00369513
0.00560957
-0.108337
0.0103173
0.0333786
-0.00463661
0.12391
-0.264128
0.22885
0.781658
