-0.736837
-0.349323
0.0676082
-0.0142544
-0.0214571
-0.0494564
-0.0798299
-0.0504847
-0.0154498
0.0319568
-0.0758988
-0.0786128
-0.0156709
0.0367989
-0.0425396
-0.0468904
-0.0403864
0.00318908
-0.0178423
-0.00624853
-0.0408832
-0.027572
-0.0094598
0.0214133
-0.0222363
-0.0358286
-0.0294766
0.0218614
-0.00955461
-0.0186192
-0.0350276
0.00104118
-0.00607004
0.00789444
-0.0225107
-0.0142201
-0.017253
0.0194227
-0.00781338
-0.0198147
-0.0277708
0.0122566
0.000590276
-0.0016444
-0.0248216
-0.00155098
-0.00881833
0.0107677
-0.00974173
-0.0110648
-0.0189923
0.0147786
0.00269684
-0.00509306
-0.0244885
0.00553307
-0.000271268
0.00667383
-0.017489
-0.00424321
0.0125354
0.0162583
0.0128495
-0.00400013
0.00405554
0.00548797
0.0176817
0.0141326
0.00706047
-0.0119783
0.0151561
0.0251471
0.0163491
-0.0111006
0.00694862
0.021355
0.0209528
0.00214342
0.00728263
0.00143163
0.0164412
0.027138
0.0200911
-0.0153077
0.0040636
0.0370288
0.0300443
-0.00918539
0.00501116
0.0277665
0.0237909
0.0192564
0.0148852
-0.00218653
0.00459015
0.0467
0.0404647
-0.013373
-0.00479258
0.0516819
0.0536573
0.00932564
-8.77634e-005
0.0247801
0.0226035
0.045482
0.0498685
0.0037351
-0.0333988
0.100494
0.107488
0.0185558
-0.0876868
0.112259
0.16897
0.0890711
0.0238056
0.312292
-0.283675
0.587842
