-0.112695
0.186432
-0.489749
-0.112764
0.172828
0.178836
0.0967746
-0.044135
-0.0422518
0.069234
0.00198265
-0.0679636
-0.0303779
0.0212005
0.0562358
-0.00223221
-0.00910512
0.0380208
0.0301342
-0.00379929
-0.0586898
-0.0182383
0.0311165
0.0031789
-0.00715035
0.00207838
0.0301891
0.0271988
-0.0342854
-0.021729
0.0018635
0.00189763
-0.00911847
-0.0179573
0.0175965
0.0307315
0.000869098
-0.0128506
-0.0138087
0.00599695
-0.00160893
-0.0220735
0.000814282
0.0187276
0.0196297
0.00192326
-0.0140424
0.00804357
0.00303311
-0.0146237
-0.0148401
-0.00071432
0.020272
0.00721874
-0.00737773
0.00428284
0.00848857
0.00256564
-0.0193944
-0.0131862
-0.00529212
-0.00619092
0.0102334
-0.00218138
-0.0202514
-0.00329067
0.00969275
0.0168049
-0.000860516
-0.00766823
0.0128201
0.00646445
-0.0113817
-0.0212079
-0.00735855
0.0204765
0.00628987
-0.00583913
0.00565036
0.013463
0.00748913
-0.0260194
-0.025104
0.0113147
0.00941115
-0.00278041
-0.0106923
0.0221326
0.0343568
-0.00998998
-0.0269956
-0.00647211
0.0127943
0.000983938
-0.0251455
0.0126587
0.0432533
0.0222819
-0.0124051
-0.0277914
0.0208954
0.0157925
-0.0325223
-0.0235435
0.0154035
0.0635709
0.00901762
-0.0349477
0.00971815
0.0415025
-0.00749434
-0.092652
-0.0595692
0.0701521
0.0773028
0.0256257
-0.025537
0.172357
0.746911
0.0656519
