0.0251921
-0.187056
-0.46074
0.243971
0.271068
0.0214768
-0.10915
0.0409355
0.0316275
-0.096418
-0.00246603
0.0808426
0.0209795
-0.0227147
0.0197311
0.0106856
-0.0585326
-0.0299423
0.0581361
0.0123264
-0.0246336
0.0281495
0.0155361
-0.0361791
-0.0298922
0.0242452
0.0241426
-0.0139743
0.0115332
0.0233897
-0.0268459
-0.0280063
0.0141543
0.00540643
-0.00835344
0.012469
0.0223787
-0.0117196
-0.0310339
0.00575869
0.0116914
-0.0151227
0.0045206
0.0299119
-0.00422688
-0.0171635
0.000433641
0.00296765
-0.00959853
-0.00214405
0.0246081
0.00499563
-0.0212209
0.00344915
0.00811582
-0.0171671
-0.00213363
0.0189106
0.00869392
-0.00956709
-0.0127093
0.0152424
0.00358876
-0.00613433
0.0111239
0.0114204
-0.0146153
-0.0172438
0.00600141
0.0106372
-0.0127965
0.00690349
0.0217042
-0.0106762
-0.0190803
0.00516605
0.00294489
-0.0112072
0.00558451
0.0250843
-0.00173259
-0.026485
0.00454771
0.0125644
-0.0250022
-0.001632
0.0352981
0.00602459
-0.0220979
-0.0030716
0.0102659
-0.0161578
-0.013966
0.0411353
0.0182371
-0.0307857
0.0105381
0.0168374
-0.036826
-0.0182677
0.0358466
0.0411923
-0.0289793
-0.0101713
0.0386746
-0.0277601
-0.0645254
0.0472233
0.0422475
-0.0203627
0.0222149
0.0699522
-0.0212083
-0.108121
-0.00373232
0.158136
-0.0512159
0.0482785
0.754674
0.414356
