0.21102
-0.298823
-0.279921
0.353701
0.0356537
-0.0884118
-0.0365182
0.041052
-0.023274
-0.0034255
0.0929486
-0.00780173
-0.0718986
0.0362886
0.0136299
-0.0491278
0.0414664
0.0406413
-0.0424399
-0.014406
0.0285353
-0.0295474
-0.0130617
0.0423049
0.00916964
-0.0318762
0.00182478
0.0038307
-0.0227498
0.0166814
0.0369095
-0.0181984
-0.0257893
0.013218
0.00269076
-0.0101285
0.0191109
0.0127035
-0.027899
0.00329601
0.0152465
-0.0183099
0.000383501
0.0256895
-0.00625786
-0.0150026
0.00900614
-0.00334118
-0.0117139
0.0154037
0.0151294
-0.0172587
-0.0109359
0.00847424
-0.00265376
-0.000578391
0.0176038
-0.000820786
-0.0210732
0.00652472
-0.00233907
-0.0176903
0.00850591
0.00691628
-0.0133531
0.00705887
0.0145535
-0.0150568
-0.00781374
0.0142844
-0.0106467
-0.00793881
0.0225452
0.00297879
-0.0193404
0.00278205
0.00447977
-0.0130909
0.0101537
0.0249223
-0.0158937
-0.0215829
0.0166405
0.00488171
-0.0115322
0.019137
0.00788798
-0.0317604
0.000892579
0.0219022
-0.0216283
-0.00394072
0.0371312
-0.0143575
-0.0277783
0.0207352
-0.00346637
-0.0207174
0.0335697
0.0301291
-0.0504906
-0.0204484
0.0335161
-0.00474233
-0.00501818
0.057692
-0.0114993
-0.0687801
0.0312246
0.0566579
-0.0711615
0.0294862
0.11602
-0.0384493
-0.0958178
0.116378
-0.0535251
-0.0282401
0.679216
0.539153
