0.214722
-0.290035
-0.327991
0.313177
-0.0358172
-0.143616
-0.0376236
0.0668005
0.0330007
0.0104647
0.090605
-0.000674054
-0.0776999
0.0525322
0.0351766
-0.0283486
-0.00728612
0.0176193
-0.0472404
-0.0307288
0.0541697
0.00219797
-0.0199235
0.026283
0.0148377
-0.0332308
0.00814675
0.0351593
-0.0193655
-0.00937827
0.00936302
-0.0169491
-0.015944
0.0262349
0.0193542
-0.0201604
-0.0088068
0.0146549
-0.0110937
0.00346439
0.0178309
-0.0127263
-0.0279405
0.00490424
0.0141358
-0.0132164
0.00929844
0.0139509
-0.0150978
-0.00419403
0.0202884
-0.000833873
-0.0156005
0.0131912
-0.00429343
-0.0217537
0.00446283
0.0128664
-0.00628603
0.000794759
-0.0196803
-0.00652928
0.0140275
0.000622119
-0.00614458
0.0105375
-0.00539636
-0.0150327
0.013267
0.0154565
-0.0126799
-0.0112109
0.00682975
-0.0122829
-0.0106607
0.0227745
0.000147316
-0.0208667
0.00886897
0.0157039
-0.0138585
0.00177057
0.0271141
-0.0178618
-0.0183379
0.0159732
-0.00718821
-0.0139821
0.0234195
0.0182827
-0.0352449
0.000893383
0.0331607
-0.00575131
0.00290264
0.0221004
-0.021524
-0.0411775
0.0249825
0.0273561
-0.0415469
-0.00217958
0.0177818
-0.0285511
-0.011906
0.0778677
-0.000269071
-0.0575745
0.0436059
0.0195608
-0.0819607
0.0361092
0.116904
-0.034806
-0.057589
0.101591
-0.0823465
-0.0801657
0.630377
0.578365
