-0.0796845
0.111546
-0.464793
-0.033126
0.204929
0.189929
0.0162069
-0.0665378
-0.0232389
0.068813
-0.0152297
-0.0680022
0.00344536
0.0407051
0.0354099
-0.0186795
-0.00880047
0.0385708
0.00249618
-0.0393466
-0.0298993
0.0153547
0.0326188
-0.00697613
-0.0106471
0.0213673
0.0212103
-0.00874387
-0.0360665
-0.00214431
0.0198967
-0.0080406
-0.0106975
0.00727122
0.0216156
0.0084262
-0.0266806
-0.00774681
0.0125144
0.00209655
-0.011418
-0.00402031
0.0195145
0.0151817
-0.0128106
-0.0101438
0.00500342
0.00534051
-0.010095
-0.0146377
0.0128182
0.0165459
-0.00172685
-0.0061204
0.00175133
0.0102915
-0.00677897
-0.0162421
0.00394488
0.0131891
0.0115135
-0.00788538
-0.00274929
0.00739342
0.00581598
-0.0140705
-0.014889
0.0089956
0.0115524
-0.001545
-0.00891115
0.00719555
0.0132533
-0.00819304
-0.0204004
-0.000922823
0.010877
0.00339093
-0.0123376
0.00533626
0.0236259
0.00182783
-0.0197542
-0.013166
0.00747272
0.008197
-0.019369
-0.00123622
0.0230128
0.0181305
-0.0121074
-0.0215853
0.0107765
0.0105685
-0.0163827
-0.0145099
0.0126266
0.0377519
0.00543432
-0.0280283
0.00532719
0.0265692
-0.0155722
-0.0308017
-0.0150614
0.055523
0.0185783
-0.0253389
-0.0106102
0.0512466
0.0325919
-0.0705973
-0.0589192
0.0489857
0.058976
0.0448127
-0.0481093
0.177321
0.756835
0.0691043
