0.0587853
-0.0752439
-0.426359
0.156174
0.226183
0.0822968
-0.130957
-0.0141922
0.0687968
-0.0398299
-0.0489459
0.0487941
0.0690524
-0.0210438
-0.0384927
0.0283779
0.0020082
-0.0511055
0.00576142
0.0492444
0.0129334
-0.023983
-0.00817299
0.0186291
-0.0210696
-0.022528
0.0278862
0.0237727
-0.0138167
-0.0084458
0.0100698
-0.00371968
-0.0240316
-0.000551406
0.0295168
0.00457708
-0.0204213
0.00805989
0.00748604
-0.0187778
-0.0127309
0.0152811
0.0177508
-0.00750369
-0.00704813
0.0144706
-0.00403861
-0.0216217
0.00448657
0.0181441
0.000607615
-0.00766762
0.00366159
0.0056191
-0.0143649
-0.0111394
0.0153265
0.00965388
-0.0103935
0.00356922
-0.0154825
-0.00689253
0.0152578
0.0088186
-0.00832148
-0.000587674
0.0101871
-0.00865484
-0.0186031
0.00849133
0.0153867
-0.00563836
-0.00410956
0.00906476
0.00314289
-0.0204565
-0.00851843
0.0214604
0.00259264
-0.0146364
0.00833463
0.0129163
-0.0151641
-0.019905
0.0101649
0.0235116
-0.0133333
-0.0101851
0.0236832
-0.000447045
-0.0342876
-0.00579514
0.0263822
0.00713521
-0.0156674
0.0132871
0.0271833
-0.02831
-0.0326739
0.0314138
0.0173804
-0.0168947
-0.00207041
0.0378928
-0.00444101
-0.0542545
-0.00828996
0.0601262
-0.0276315
-0.0322743
0.0603593
0.0553335
-0.0485303
-0.0760207
0.0502815
0.111515
-0.105349
0.0770155
0.733252
0.326857
