0.0990452
-0.16292
-0.39585
0.240743
0.117736
-0.0588452
-0.08908
0.0603021
0.0792307
-0.0571353
0.0150209
0.0945724
-0.0176173
-0.0397306
0.0113802
-0.00359328
-0.0351451
0.00142132
0.0468917
-0.0122696
-0.030788
0.0172681
0.0297221
-0.0195176
-0.00882439
0.0441075
-0.00900052
-0.0294927
-0.00228038
0.00666705
-0.0110252
-0.00633453
0.0243997
0.00346587
-0.0255089
0.00984485
0.0198237
-0.0113672
-0.00806754
0.0238104
0.000250281
-0.0234361
-0.00364968
0.0115255
-0.000802789
-0.00521089
0.012913
0.00832392
-0.0207541
-0.00159153
0.0135782
-0.00732451
-0.00974888
0.0128346
0.00490229
-0.0193176
-0.00379121
0.0134069
0.00420054
-0.0044539
-0.0122123
0.00899836
0.0094861
-0.0151463
-0.00463653
0.0125217
-0.0058259
-0.0100674
0.0134489
0.0151155
-0.00985198
-0.0113555
0.0120802
0.00133973
-0.0187088
0.00969526
0.0154997
-0.0133829
-0.0100003
0.0163485
-0.000702876
-0.0161236
0.0144205
0.0191752
-0.0161085
-0.0224061
0.0146856
0.00550798
-0.0260552
0.00793335
0.0269448
-0.0111541
-0.0204594
0.0191995
0.0115585
-0.0235875
0.0137428
0.0339625
-0.0185971
-0.0377147
0.018469
0.0257185
-0.043925
0.00155343
0.0568382
-0.00893252
-0.0524931
0.0272809
0.0239085
-0.0430504
-0.0119704
0.0857697
0.0189761
-0.0722004
0.0267802
0.112547
-0.158304
0.0116394
0.701342
0.455825
