-0.224841
-0.585961
0.2992
0.0358464
0.241474
-0.140395
-0.0963442
-0.0525416
0.0174753
-0.050495
-0.0584881
-0.0506185
0.0374551
-0.045486
-0.0229278
-0.0577875
0.0126494
-0.0281595
-0.0281153
-0.0408189
0.0108328
-0.00593615
-0.0178546
-0.0453245
0.000622728
-0.0137557
-0.00746846
-0.0379648
-0.00419637
-0.00840513
-0.00409179
-0.0261862
-0.0155979
-0.00914526
0.0060746
-0.022714
-0.0104461
-0.0106109
0.00314534
-0.0158245
-0.0182897
-0.0144013
0.00343357
-0.0102539
-0.0109168
-0.0162277
0.00199575
-0.00754138
-0.0103775
-0.0172239
-0.000655857
-0.00238446
-0.0103596
-0.01536
-0.00353877
-0.00303824
-0.00560649
-0.0195697
-0.00555744
-0.00319067
0.0170321
-0.0013173
0.00318046
-0.0102812
0.0181191
0.00338081
0.00545814
-0.00829512
0.0151967
0.00469539
0.0105438
-0.010537
0.0155174
0.00752621
0.0150245
-0.0131308
0.0115516
0.0034544
0.0199289
-0.0107703
0.00923251
0.00895268
0.0234921
-0.00875772
0.00939737
0.00280915
0.0338106
-0.00460714
0.00771735
0.000312228
0.0297669
-0.000240997
0.0065771
-0.00691261
0.031558
0.0146808
0.0154533
-0.0141484
0.0309118
0.0211198
0.0254074
-0.0145722
0.0408212
0.0355703
0.0277047
-0.0103093
0.0112999
0.0246431
0.0715526
-0.0174744
0.0240009
0.0800364
0.157691
0.0667139
-0.121766
0.162156
0.388873
-0.0868081
0.114094
0.946965
