-0.383999
-0.531094
0.501418
0.122556
0.190124
-0.193231
-0.013979
-0.0116938
-0.0148
-0.0967192
-0.0339993
0.0140829
-0.00595631
-0.0608959
0.00762397
-0.00595938
0.008972
-0.0693001
0.00704267
0.00654772
-0.0082291
-0.0517946
-0.0184668
0.00836525
-0.0166489
-0.0373216
-0.00163025
0.003707
-0.00402275
-0.0369864
0.00299408
-0.00490007
-0.00812569
-0.0332851
-0.00579394
0.00682556
-0.0164639
-0.022478
-0.00800943
0.00480825
-0.00692468
-0.022468
0.00329043
-0.00173543
-0.00531223
-0.0253097
-0.00593938
0.001143
-0.0123454
-0.0194821
-0.00730511
0.00566184
-0.0100823
-0.0182305
-0.000987476
0.00194519
-0.00563872
-0.0178726
-0.000855317
0.00011203
0.0208993
0.0045848
0.00233399
-0.00701244
0.0193
0.00696454
-0.000215636
-0.00713572
0.0195502
0.00561301
0.00140193
-0.00802434
0.0221565
0.00615324
0.00332741
-0.00551406
0.0273262
0.00863899
0.00158871
-0.0068608
0.0246413
0.00878961
0.00231179
-0.0118295
0.0327679
0.0113098
0.00332014
-0.00374799
0.0347319
0.0155872
-0.00317448
-0.00733571
0.0392171
0.0106067
-0.00248168
-0.00792895
0.0485041
0.0202015
-0.00245321
-0.00590792
0.0656254
0.0244639
-0.00212019
0.0114929
0.0608804
0.0159498
-0.00960101
-0.0140813
0.0953787
0.0262277
0.0115733
0.0309801
0.152404
0.165496
-0.172072
0.0541268
0.473017
-0.0375989
0.0272779
0.896852
