0.347813
-0.260191
-0.172866
0.0489872
0.116938
0.0456946
-0.171367
-0.112917
0.119787
-0.0493206
-0.0558962
-0.0287783
-0.0685482
-0.0536137
-0.0735395
0.0595181
0.0515369
-0.0389725
-0.0502937
-0.0385775
0.00530825
-0.028765
-0.0416993
0.0411664
-0.0458904
-0.0383275
-0.00654198
0.0218006
0.017968
-0.0423594
-0.0269916
-0.00551912
-0.0370903
0.000324148
-0.00611868
0.0316723
-0.0322687
-0.0358853
0.0182857
-0.000276983
-0.0159219
-0.0100658
-0.0208001
0.00156555
-0.0344141
0.0145533
0.019455
-0.00162075
-0.0235906
-0.0226615
0.00499304
-0.00703244
-0.027257
0.0230448
-0.017366
-0.0104539
-0.0123395
0.0161516
0.0169094
-0.0186563
0.00957005
-0.00224142
0.0188331
0.00134798
0.0241386
0.0250553
-0.0179617
-0.0114016
0.00922499
0.0161705
0.0135309
-0.0234085
0.0302487
0.00725169
-0.00588619
0.0242636
0.0245854
0.00734196
-0.0281846
-0.0154579
0.0408802
-0.00167158
0.0226106
0.0135555
0.0256188
0.00804343
-0.0282146
0.046324
0.0305344
-0.0318897
-0.0029496
-0.000135157
0.0525937
0.00622123
0.0286986
0.0629735
-0.0221568
-0.0198572
-0.00404258
0.051792
0.0491844
-0.0520042
0.0717628
0.0548383
-0.0189242
0.0511793
0.0435851
0.0828622
-0.097347
-0.0806243
0.141786
0.0820077
0.105296
0.049206
0.187389
0.274041
-0.55791
0.152392
0.570169
0.206141
