0.452923
-0.406448
-0.0679453
0.195044
-0.0250558
-0.0871167
-0.0543722
-0.0144582
-0.0181619
0.0245512
0.0653897
-0.135378
-0.0771331
0.0109362
-0.0218871
0.0119075
-0.0218811
-0.0183069
-0.069358
0.0216446
0.0498968
-0.038904
-0.0179773
-0.0199482
-0.0445506
-0.0009995
0.0129819
0.00204102
-0.0557531
0.0191926
-0.00107163
-0.0182871
0.0264471
-0.00459539
-0.0399548
-0.018405
0.00329475
-0.00934881
-0.0240382
0.0283836
-0.0321482
-0.0114267
0.0248019
0.000549183
-0.0133313
-0.002512
-0.00741861
-0.0281377
-0.00805902
0.0221447
-0.0315978
0.00245694
0.000342464
-0.0088801
-0.00273528
0.0187353
-0.0037273
-0.0286652
-0.00357225
0.00186568
0.0209515
-0.0058719
0.00729941
-0.0026747
0.00389729
-0.0121058
0.0362793
0.022384
-0.0125513
0.0101671
-0.000745424
-0.00651281
0.0161021
0.0123977
-0.00201784
-0.026453
0.0358829
0.0133645
0.0107447
0.031444
-0.00650044
-0.016593
0.0064502
0.0315495
-0.00647771
-0.0148865
0.0321589
-0.0243361
0.0247546
0.0545117
0.0109667
-0.00842177
0.0100336
0.0298558
-0.0292959
0.0278583
0.0339261
-0.0568034
0.0336066
0.0424511
0.00457698
0.0284673
0.0665424
0.0260882
-0.0736059
0.07881
0.0127284
-0.0541986
0.0861356
0.00584829
-0.0372325
0.0639117
0.232322
0.0793527
-0.108257
0.328866
-0.328154
-0.199311
0.535231
0.554198
