0.402404
-0.35579
-0.110918
0.154377
0.0348442
-0.0956311
-0.158656
0.044009
0.0580555
-0.0276555
0.0418331
-0.074084
-0.0952129
-0.0502422
0.0408841
0.0109473
-0.0963868
0.0246533
-0.0259081
-0.0195651
0.0176908
0.0334651
-0.0194697
-0.0681511
0.00541135
-0.00838555
-0.0346065
0.0134891
-0.0279542
-0.0188886
-0.0333912
0.0426535
0.0178033
-0.0225725
-0.00807902
-0.0159628
-0.0133032
-0.0111508
0.00637985
-0.00190537
-0.0561672
0.01266
0.00676144
0.00898578
-0.0102145
0.0103375
-0.00723104
-0.0288663
0.0152315
0.00570112
-0.0289887
-0.00945856
-0.0119553
0.000953131
-0.0178398
0.031345
-0.0025407
-0.0195392
-0.00146386
0.00701845
0.0238351
-0.00563076
0.023538
0.0163625
-0.0134782
0.00333875
0.0151869
0.0179675
-0.014262
-0.00898991
0.0128424
-0.0160276
0.0230302
0.01958
0.016675
-0.0137248
0.00904513
0.0429098
-0.0102612
0.00401404
0.00894448
-0.0141635
-0.01393
0.00794821
0.0503215
-0.0224195
0.014723
0.0315361
-0.00146716
0.0219962
0.023913
0.0298034
-0.0504099
-0.00979847
0.0452712
-0.0067155
0.0160621
0.00511933
0.0307012
-0.00617519
0.0436482
0.113533
-0.0288271
-0.0154328
0.00435445
0.024199
-0.028592
0.0110847
0.113779
-0.0780546
0.0219941
0.17838
0.102081
0.0786518
-0.0333421
0.285992
-0.443809
-0.152478
0.613346
0.386405
