0.262936
-0.266704
-0.201235
-0.149743
0.11824
0.19014
-0.0705408
-0.103574
-0.011849
-0.0770292
0.0409889
-0.0742546
-0.00572057
0.030029
-0.100411
-0.0569674
-0.0625662
0.0304429
0.0373267
-0.0167871
-0.00724282
-0.0336991
-0.0155858
-0.0644829
-0.0414263
0.0259748
-0.00584794
0.0165581
-0.0509819
-0.00605159
0.0174065
-0.0291018
0.0030661
-0.0079929
0.00144761
-0.0184344
-0.0659143
-0.00594728
-0.00282657
0.0221879
-0.0117069
-0.00204063
0.00864046
-0.0263056
-0.0196896
-0.0248192
0.00337975
0.0172218
-0.0381142
-0.000287482
-0.016406
0.00830688
-0.00214915
-0.00908529
0.017459
0.00202173
-0.0231978
-0.0310219
-0.0196094
0.0139818
0.00344281
-0.000546484
0.0044188
-0.00872388
0.0252679
-0.0254313
0.00768066
0.0183247
0.0349015
0.0192804
-0.0124034
0.00558171
-0.00129367
-0.00842588
-0.00113941
-0.00291216
0.0548272
-0.00661758
0.00491084
0.00433509
0.0145706
0.0369104
-0.0147764
0.0103236
0.0211662
-0.016099
-0.00604847
-0.0262787
0.0574923
0.036815
0.0321111
0.00914701
0.00103318
0.0400075
-0.0299337
-0.00582221
0.0346889
0.013169
0.0452949
-0.0563777
0.0376536
0.0663754
0.0267489
0.058346
-0.00874213
0.0959912
-0.0182661
-0.0928473
-0.00209448
0.0586547
0.206732
-0.0307234
0.0907739
0.166484
0.0280424
0.172176
-0.512527
0.240811
0.647593
-0.0266887
