-0.852862
0.0279045
-0.0347648
0.140883
-0.16183
-0.0196325
0.00941028
0.0262224
-0.0923867
0.0274722
0.0265583
0.0315083
-0.0573607
0.0332696
0.0187395
0.0127903
-0.0347833
0.0452998
0.0010195
0.00701914
-0.0262385
0.036235
-0.00413155
0.00370599
-0.0190809
0.0355003
-0.0167821
-0.000443908
-0.00916223
0.0261875
-0.0163486
0.00170716
-0.00151684
0.0202703
-0.0164866
0.00366931
0.00907084
0.0151817
-0.0158266
0.0115386
0.00870134
0.0111753
-0.0124663
0.0163096
0.00855029
0.00799648
-0.0136633
0.0207118
0.00139635
0.00470036
-0.0100571
0.0202354
-0.00176124
-0.000291125
-0.00505378
0.0162698
-0.0016269
-0.000383431
0.00152777
0.0167651
0.00971411
0.00623499
-0.00329769
0.0156711
0.0073364
0.000463437
-0.000894282
0.0171005
0.00427251
-0.000375428
-0.00226324
0.0201798
-0.00477424
-0.00131364
-0.000351798
0.0212643
-0.0113801
0.00297595
0.00187432
0.0228016
-0.0143756
0.0100371
0.0104628
0.0230562
-0.0148241
0.0166039
0.0158237
0.0134214
-0.0130913
0.0194241
0.0117151
0.00574145
-0.0211882
0.0260484
0.000164484
-0.00135347
-0.0214269
0.0389394
-0.0104423
0.000917105
-0.0191691
0.0491335
-0.0209036
5.22679e-005
-0.0082318
0.0709447
-0.0331865
0.0121861
0.0138196
0.0838584
-0.0494508
0.0292527
0.0754598
0.0803741
-0.11409
0.00387652
0.0619904
-0.00659585
-0.42704
0.218494
