-0.900166
6.94313e-006
-0.182143
0.105824
-0.019851
-0.0023682
-0.12387
0.0235506
0.0215673
0.0841174
-0.0532762
0.0147871
-0.0228468
0.0613116
-0.0407853
0.00671307
-0.0515993
0.0257591
-0.0076543
0.0135872
-0.0458072
0.00299621
0.00303013
0.0348595
-0.0151265
0.00757189
-0.00847219
0.0363922
-0.00522485
0.0143997
-0.0316615
0.0177099
-0.00275219
0.0147658
-0.025289
-0.00262924
0.000483017
0.0243441
-0.00470253
0.00344611
-0.00652129
0.0258216
0.00136681
0.0150752
-0.0176531
0.0145015
0.000167121
0.0166915
-0.0162706
-0.000347047
-0.00286456
0.019543
0.000346242
0.00410938
-0.00484265
0.0190236
0.00879007
0.0156036
-0.0122151
0.0101043
-0.00792473
0.00234226
0.00187534
0.0184503
-0.0017752
0.00602387
0.000734168
0.0278256
0.0142768
0.00699662
-0.00415961
0.0134507
0.0131437
0.0119277
-0.00836523
0.00241456
-0.00294431
0.0240807
-0.00330316
0.00763368
-0.0125981
0.0323702
0.0140726
0.0168349
-0.00836969
0.0163699
0.0149379
0.0219495
-0.0117661
-0.00209243
-0.0116811
0.0341077
-0.00758748
0.00951143
-0.0228645
0.0421565
0.0166741
0.0337419
-0.0207286
0.0233983
0.0138404
0.0460953
-0.0145071
-0.00155219
-0.0292819
0.0516433
-0.0113826
0.0181725
-0.0833326
0.0697218
0.0193758
0.107039
-0.0473702
0.0657274
0.0535493
0.188068
-0.00646906
-0.103835
-0.225945
0.352631
