-0.849318
-0.134465
-0.102104
0.119615
-0.153157
0.00474113
-0.0395201
0.0144022
-0.00135129
0.0192125
-0.0266722
0.0509785
-0.00890062
0.0183161
-0.0297314
0.0422242
-0.0426659
0.0225236
-0.0159196
0.00526894
-0.0372285
0.0111996
-0.0123869
0.00276817
-0.0101041
0.0121841
-0.0162832
0.0180956
0.00351723
0.0124001
-0.0120205
0.0286426
-0.012456
0.00756242
-0.0103921
0.0094848
-0.024267
0.0108767
-0.00675245
-7.53213e-005
-0.0115068
0.0117123
-0.00723639
0.00677367
0.00506795
0.00840952
-0.00779791
0.020044
-0.00117876
0.0081636
-0.0077704
0.0139771
-0.0138373
0.00877468
-0.00367859
0.000982299
-0.00877148
0.0103751
-0.00297908
0.00155655
0.00265749
0.016679
0.002871
0.00360248
0.00911721
0.00879533
-0.00600233
0.00930055
0.000465864
-0.000291977
-0.0060971
0.0177982
-0.00997828
0.0084601
0.00641952
0.0170653
-0.00516388
0.0212752
0.00290443
0.00703198
0.00833804
0.0204494
-0.00923646
0.00569724
0.00326365
0.00299935
-0.0168386
0.0242608
-0.0148207
0.00762779
0.00389264
0.0324169
-0.015933
0.0291552
0.0112999
0.0125306
0.0015684
0.0336349
-0.0124666
0.00360491
0.0103886
0.018852
-0.037562
0.0237147
-0.0179187
0.0057395
-0.0180437
0.0751177
-0.0675156
0.0402205
0.0362424
0.0716294
-0.0336984
0.137781
0.0410811
-0.0337455
0.139263
0.112341
-0.478908
-0.00722197
