-0.906081
-0.00882612
-0.131336
0.16278
-0.0275206
-0.0532883
-0.0823016
0.0795707
0.00391181
0.00433923
-0.041711
0.0723477
0.0218416
0.0258928
-0.0598995
0.0406844
0.00833405
0.0316061
-0.0462235
0.0115167
0.00650589
0.0255442
-0.0372784
-0.00184657
0.00813818
0.0315884
-0.017628
0.00242416
0.00639838
0.0386942
-0.00781852
0.00317406
-0.00116671
0.0343623
-0.00876759
0.00257215
-0.012198
0.0246758
-0.0034489
-0.0031367
-0.0138241
0.0175013
0.00498569
0.00260642
-0.010929
0.0182868
0.0120989
0.0108312
-0.0105552
0.0169131
0.00979178
0.0157854
-0.0149264
0.00850694
0.00577998
0.0142737
-0.0125945
0.000313604
0.00716577
0.0146332
0.0140911
0.0140901
-0.00587742
0.00335852
0.0105718
0.0130211
-0.0083113
-0.000678091
0.000839529
0.0193938
-0.00936429
0.000908175
-0.00226418
0.0286624
-0.000803757
0.00558766
-0.00351034
0.0311187
0.00715752
0.0010987
-0.00783585
0.0225095
0.00758582
-0.000841075
-0.0224163
0.0176952
0.00468576
0.00846326
-0.030805
0.0221261
0.0119229
0.025078
-0.0216149
0.0237437
0.0194544
0.0312327
-0.0246944
0.00378158
0.0113885
0.028239
-0.030305
-0.00601521
-0.00913806
0.0452537
-0.0374207
-0.00268535
-0.0310977
0.0827457
-0.0278783
0.0122194
-0.0466055
0.136074
0.0437866
0.00520112
-0.0617726
0.145265
0.0907258
-0.103743
-0.358273
0.221375
