-0.794676
-0.0284708
-0.0763249
0.060166
-0.192671
0.0144302
-0.0196856
0.0307649
-0.0216304
0.0148014
-0.0134978
0.0283735
-0.0331095
0.0324444
-0.00100333
0.0292315
-0.0272126
0.0368665
-0.041613
0.00919729
-0.0113214
0.0107465
-0.0281917
0.016166
-0.016395
-0.00178168
-0.00717544
0.00853882
-0.011789
0.0201454
-0.00482708
0.00541265
-0.00475766
0.0211683
-0.00870583
0.0236224
-0.00690673
0.00350117
-0.0165384
0.0127551
-0.0125568
0.00952384
-0.00624293
0.000365644
-0.0131744
0.0100248
-0.00304378
0.00719944
0.00113503
0.00663913
-0.0081273
0.0162529
-0.000498531
0.0121908
-0.00389153
0.0100785
-0.014666
0.0104863
-0.00316548
0.00337935
0.00274717
0.0102664
-0.00410854
0.00871884
0.0015528
-3.20048e-005
-0.0065017
0.0157006
-0.0100417
0.014675
0.00614735
0.0102969
-0.0050026
0.0213477
-0.00316143
0.0127281
0.0131097
0.00948063
-0.00570101
0.0136824
-0.00375083
0.00264426
0.00311282
0.00984962
-0.0223982
0.0161197
-0.00682271
0.0137931
0.00425081
0.0255626
-0.0200429
0.0225018
0.00666982
0.0189395
0.0071863
0.0278332
-0.0201386
0.00772091
0.0105945
0.0104346
-0.0109022
0.0247997
-0.0444688
-0.00135735
-0.0107195
0.0497545
-0.0324623
0.0735104
-0.0326354
0.00611309
0.0148729
0.116821
-0.0158575
0.0980179
0.0611046
-0.0616874
0.0235532
0.121687
-0.468846
0.0658176
