-0.834642
-0.0926586
-0.14379
0.148814
-0.0882169
0.00313535
-0.0550509
0.00602309
-0.0130598
0.0312328
-0.0380251
0.0267272
-0.010496
0.0378065
-0.0337462
0.0346899
-0.00760188
0.0168819
-0.029068
0.0319105
-0.023118
0.00486053
-0.0243531
0.0170661
-0.0165548
0.00975695
-0.00625925
0.00867267
-0.0170035
0.013292
-0.00363355
0.00631435
-0.00650523
0.0219019
-0.00386026
0.0113351
-0.00535195
0.0183467
-0.0136048
0.00991729
-0.00667059
0.00960008
-0.0156838
0.00984342
-0.00592335
0.00106888
-0.00736394
0.0108118
-0.0046257
0.00314179
0.00138105
0.0129269
-0.00329013
0.0112886
0.00021886
0.0113148
-0.00817091
0.0146155
-0.00344918
0.00481962
0.00243093
0.00999443
-0.00829005
0.00845847
0.0031571
0.00934924
-0.00683065
0.0178106
0.000992098
0.00872751
0.00236914
0.0177709
0.000518658
0.00542654
0.00592856
0.0118612
-0.00849926
0.0096889
0.0026871
0.00351477
-0.0134517
0.0155176
-0.0079184
0.0066562
-0.00548752
0.0281515
-0.00854392
0.0159334
0.00676659
0.0223252
-0.00941041
0.0182397
0.00988434
0.0117559
-0.00696594
0.0239841
-0.00509945
0.00162734
-0.00677678
0.0234815
-0.0308086
0.00852249
-0.00536566
0.0355939
-0.0419494
0.0474084
-0.000171072
0.0334877
-0.0259789
0.0930322
0.00253559
0.0249945
0.0338716
0.110337
-0.0573134
-0.0101423
0.11605
0.0113612
-0.449453
0.198841
