0.473781
-0.0300344
-0.258449
-0.179111
0.0878065
-0.043394
-0.0602581
-0.129442
0.0549598
-0.0319107
-0.0236019
-0.102499
0.0361625
-0.0137482
-0.00313913
-0.0720136
0.0239011
0.0020696
0.00284641
-0.0560125
0.00699069
0.00935113
0.00519773
-0.0482123
-0.0128762
0.000655068
0.00484719
-0.0438735
-0.0212052
-0.00792317
0.00776158
-0.0366285
-0.0187606
-0.0169518
0.0157289
-0.0312256
-0.0187231
-0.0139745
0.0170581
-0.0205408
-0.0173271
-0.0111246
0.0133018
-0.0121702
-0.0216555
-0.0149647
0.00507218
-0.00628841
-0.0234421
-0.0182979
0.00389956
-0.00758921
-0.0219743
-0.0259855
0.00115597
-0.00472324
-0.0141697
-0.0251185
0.000847444
0.00133878
-0.00544142
-0.0185368
0.0150285
0.000429385
0.00344199
-0.0210727
0.0158833
-7.30203e-005
0.00751392
-0.0265302
0.0155064
0.00122678
0.0109637
-0.0301053
0.00792538
-0.00285775
0.0152125
-0.0334851
0.00537792
0.00212283
0.0229378
-0.0284723
0.0021173
0.00736368
0.0277402
-0.0246851
0.00279558
0.000205375
0.0410578
-0.0216695
0.00307718
-0.00712637
0.0496101
-0.0236162
0.000516617
-0.0178234
0.05021
-0.0233922
-0.00678191
-0.0259158
0.0572961
-0.0174493
-0.00964593
-0.0381054
0.0727387
0.00898915
0.000762597
-0.0467133
0.0850648
0.041654
0.0239543
-0.078817
0.120505
0.0738846
0.167157
-0.163989
0.257119
0.155035
0.82644
0.0649878
