0.339678
0.0608451
-0.0775352
-0.195879
-0.0101563
-0.0438879
0.0583226
-0.102228
-0.0385294
-0.0832458
0.0444907
-0.0461806
-0.016273
-0.0839096
0.019468
-0.0240574
0.0150789
-0.0603457
-0.00378423
-0.0287456
0.0325613
-0.0258852
-0.0125177
-0.0421815
0.0204171
-0.0021738
0.00165373
-0.0369972
-0.00784021
-0.01191
0.0122144
-0.021696
-0.0191561
-0.0301572
0.00626013
-0.0107482
-0.0118332
-0.0351193
-0.00515514
-0.0122958
0.00417023
-0.0263111
-0.0127357
-0.0218919
0.00959707
-0.00825628
-0.00817525
-0.0259871
0.00190525
-0.00420639
0.00134934
-0.0185188
-0.00964501
-0.0120009
0.00651048
-0.00613524
-0.0121922
-0.0184879
-0.00277826
-0.00263104
-0.00032758
-0.0158325
0.0150106
-0.00613442
0.00828725
-0.0236501
0.00527309
-0.00641248
0.0166311
-0.0183517
-0.00338545
-0.0141974
0.0172415
-0.00726357
0.00508761
-0.0203453
0.0114852
8.03915e-005
0.022307
-0.0209601
0.00445225
-0.00669745
0.0336833
-0.00982417
0.0106891
-0.0272788
0.0254901
-0.00142327
0.0314919
-0.033981
0.00687319
-0.0107223
0.0390124
-0.0217759
0.0071503
-0.0321801
0.0349189
-0.0072075
0.0258876
-0.0426581
0.0146849
0.00143262
0.0519934
-0.0336086
0.00594059
-0.0233389
0.0838863
0.00111132
0.0496632
-0.055903
0.0585343
0.0500507
0.148542
-0.0724481
0.044656
-0.0529188
0.426204
0.0387167
0.817697
-0.010424
