0.373345
-0.0750193
-0.247463
-0.22459
0.0756788
-0.0661981
-0.0493742
-0.152876
0.0548578
-0.0329433
0.0110645
-0.0960545
0.0304517
0.00260358
0.0146681
-0.0584014
-0.00435507
-0.00191496
0.0033928
-0.0574556
-0.0295291
-0.022913
0.00895061
-0.0558201
-0.0234049
-0.0291453
0.0255058
-0.0309377
-0.015234
-0.020765
0.0232606
-0.0102712
-0.0196192
-0.0234033
0.00633016
-0.00795701
-0.023728
-0.0364894
-0.00270572
-0.0131379
-0.0130348
-0.0351365
0.00314011
-0.00405038
-0.000778066
-0.0271226
-0.000589439
0.00444255
-0.00254865
-0.0228384
-0.0133959
-0.00163922
-0.00672586
-0.0238828
-0.0203394
-0.0134374
0.00209548
-0.0196106
-0.014913
-0.0111311
0.00150338
0.00250057
0.0144581
-0.0178389
0.00714867
-0.00271561
0.02447
-0.0190081
0.00277894
-0.0106762
0.0249028
-0.0214987
-0.00649241
-0.0145825
0.0222614
-0.0135738
-0.00479902
-0.0133059
0.029508
0.000367532
0.00779524
-0.0199638
0.0325407
-0.00181035
0.0158424
-0.0325718
0.0254641
-0.00641647
0.0162657
-0.0403204
0.014863
0.0016909
0.0239549
-0.031914
0.0162253
0.0131917
0.0491342
-0.0315952
0.0209661
0.00397127
0.0730794
-0.0434072
0.0122579
-0.0235562
0.0850155
-0.0385539
-0.0122657
-0.0372341
0.0863137
-0.00154976
-0.00477147
-0.0582819
0.139596
0.0638127
0.132027
-0.115489
0.340534
0.176647
0.853904
0.127806
