-0.770423
-0.0227026
-0.0803424
-0.113418
-0.174701
0.0644532
-0.100059
-0.0579097
0.00146276
-0.0290265
-0.113734
0.0278017
-0.00846074
-0.0608454
-0.0253217
0.0200678
-0.0669535
0.00524584
0.0169773
-0.0245855
-0.0443956
0.0406899
-0.0262998
-0.0108279
0.00217007
0.00999495
-0.0507173
0.0312232
-0.0032688
-0.0182858
-0.0185171
0.0258798
-0.0398732
0.00695022
-0.00183874
-0.013477
-0.0361326
0.024252
-0.0182054
-0.00928322
0.000427703
0.00725521
-0.0312147
0.0185391
0.00489173
-0.0109896
-0.00817999
0.0233419
-0.0194182
0.01021
0.00620134
0.000197595
-0.0222332
0.0263117
-0.0103919
-0.00192474
-0.00235744
0.0123654
-0.0287832
0.0169973
0.00454482
-0.007515
0.0294206
0.00678747
-0.00164776
0.0127546
0.0136324
-0.0107739
0.0176248
0.020241
-0.00842888
0.00325925
0.0221246
-0.0011094
0.00108828
0.0335928
-0.00265614
-0.0023984
0.0296183
0.0223673
-0.0076294
0.0267404
0.0215809
-0.00209262
0.0298086
0.0423909
-0.00274004
0.00892448
0.0429909
0.00365563
0.00241152
0.0464468
-0.00188103
-0.0141054
0.0375713
0.0305322
-0.0293495
0.0352775
0.0198573
-0.0111035
0.0176798
0.0765384
-0.0440898
0.018133
0.0696069
0.0366071
-0.0191747
0.125035
0.00414064
0.0129356
0.114639
0.138178
-0.0903652
0.167709
0.122957
-0.035016
0.0459606
0.558305
-0.469256
-0.428695
