-0.729219
-0.0368237
-0.119603
-0.0147212
-0.198624
0.0456728
-0.0282207
-0.0692687
-0.0853595
0.0518915
-0.0629045
-0.048693
-0.0212461
0.0158135
-0.078982
-0.00104122
0.00646431
-0.0171778
-0.0633092
0.0301296
-0.00614188
-0.0211975
-0.0258816
0.036145
-0.0281271
-0.0120186
0.000129993
0.0168474
-0.0402328
0.017071
0.00444223
-0.000772215
-0.0340776
0.030806
-0.0118002
-0.0106866
-0.0183014
0.025472
-0.026224
0.000324322
-0.00188854
0.00849558
-0.0307669
0.0133415
0.00103031
-0.00659843
-0.0219398
0.0214384
-0.00935023
-0.00844265
-0.00609004
0.0167726
-0.0203403
0.00379324
0.00405499
0.0059924
-0.0208208
0.0187933
0.00332461
-0.000784688
0.00660386
0.0213852
0.000275594
-0.00336483
0.0174892
0.0210687
-0.00776891
0.00950857
0.0231213
0.011028
-0.00256741
0.0258174
0.0156631
0.000206766
0.0145036
0.0318504
0.000311633
0.00137022
0.0296581
0.0221071
-0.00759447
0.013124
0.0301634
0.00402197
0.00193218
0.0337821
0.0146941
-0.0078149
0.0191394
0.0385338
-0.0132503
-0.000437273
0.032383
0.0299228
-0.0274845
0.0366476
0.0260082
0.00686559
-0.0131591
0.0663416
-0.00117496
-0.000966384
0.0334646
0.0863841
-0.0361033
0.0248052
0.0757598
0.0717482
-0.0347149
0.105629
0.070196
0.0259558
0.0235049
0.236664
-0.0617855
-0.0124215
0.180948
0.43779
-0.635306
-0.231633
