-0.771304
-0.0361851
-0.0966302
-0.0981211
-0.195005
0.0713807
-0.103234
-0.0507315
-0.0121075
-0.0182082
-0.116247
0.032426
-0.00448985
-0.0587083
-0.0302291
0.0236863
-0.0609978
0.00595363
0.0148507
-0.020209
-0.0457962
0.0436447
-0.0236037
-0.00886918
0.000283125
0.0111586
-0.0540314
0.033805
-0.00450212
-0.0156465
-0.0226796
0.0276678
-0.0406374
0.00868682
-0.00113432
-0.0125144
-0.0357364
0.0220827
-0.0158992
-0.0107846
0.00179848
0.00512304
-0.0340701
0.0186947
0.00422725
-0.00933473
-0.00980469
0.0245517
-0.0196531
0.00960354
0.00650537
0.0024214
-0.0232853
0.0258001
-0.00841564
-0.00216707
-0.00263375
0.0137086
-0.0276917
0.0171693
0.00570246
-0.00688563
0.029821
0.00856846
-0.00135373
0.0148096
0.0140837
-0.00831927
0.0185087
0.0221018
-0.00907704
0.00515413
0.0242079
0.00114047
-0.000875364
0.0325061
0.000920592
-0.00259178
0.0313371
0.0252458
-0.00900225
0.0270357
0.0206284
0.00173652
0.0261244
0.0428528
-0.00670326
0.00680892
0.0424252
0.00432703
0.000122007
0.0424625
0.00052866
-0.0168299
0.0396365
0.032304
-0.0278924
0.0333863
0.0194168
-0.00939397
0.0190293
0.0789627
-0.0449449
0.0207466
0.0650816
0.0463218
-0.024717
0.133448
-0.00795784
0.019874
0.104212
0.145603
-0.101019
0.165995
0.11873
-0.0360808
0.0380909
0.548048
-0.447252
-0.449229
