0.261555
0.070003
-0.0260316
-0.183431
-0.0600495
-0.0858547
0.0835008
-0.0446226
-0.035285
-0.111663
0.0106165
-0.0314266
0.0212179
-0.0596946
-0.0320896
-0.06477
0.0250332
-0.0150626
-0.00619932
-0.0589092
-0.0181023
-0.0345459
0.0240566
-0.0194841
-0.0173918
-0.0519758
-0.00211506
-0.0169786
0.00927909
-0.0287129
-0.0180092
-0.035005
0.00768212
-0.00808998
-0.00355213
-0.0325376
-0.0109864
-0.0195443
0.0120976
-0.00867137
-0.0150571
-0.0304216
-0.00386978
-0.00624173
0.0038089
-0.0130444
-0.0193997
-0.023003
0.00223621
-0.00178671
-0.0096605
-0.0206425
-0.0153254
-0.0127602
0.000710487
-0.00664161
-0.016288
-0.0239393
-0.00942837
-0.00594024
0.000441144
-0.00865748
0.0196135
-0.00971989
0.00581161
-0.0237014
0.00592304
-0.00564869
0.0223439
-0.0176399
2.93245e-005
-0.0210373
0.0168693
-0.00314634
0.0165589
-0.0269336
0.00206386
-0.011475
0.0285734
-0.0105334
0.00942431
-0.0289307
0.0109759
-0.00119575
0.0327196
-0.0232926
0.00267236
-0.0252111
0.0253619
-0.00239293
0.032182
-0.0337206
0.00496026
-0.012571
0.0411655
-0.00904863
0.0200761
-0.0385691
0.0231491
0.00488328
0.0579026
-0.0275841
0.00766768
-0.030281
0.0611362
0.0147982
0.0822098
-0.0596336
0.021802
-0.00433883
0.134696
0.0313421
0.0948649
-0.103314
0.0797916
0.00688934
0.485921
-0.0486045
0.795445
-0.00740144
