-0.365369
0.232258
-0.376586
-0.0373184
0.0478078
0.00671317
-0.0667727
0.0894514
0.0328135
0.0102366
-4.17604e-005
0.0246843
-0.0812125
0.0869954
-0.0122329
-0.0407417
-0.0136229
0.0271362
-0.0497564
0.0172188
0.0206245
-0.00654307
-0.000301401
0.0375448
-0.0286802
0.037345
0.0164201
-0.0140546
-0.0265996
0.0339611
-0.0261888
-0.00823694
0.0104198
-0.00225029
-0.0138981
0.0282429
-0.00289519
0.00968014
0.0159833
0.00467818
-0.028114
0.031716
-0.000832589
-0.0119707
-0.00118664
0.00561445
-0.016051
0.014698
0.00725795
-0.000917268
0.0066489
0.0164646
-0.0167746
0.0231916
0.00960182
-0.0073466
-0.0116378
0.0168572
-0.0130087
0.0020567
0.00553945
0.0191147
-0.0092998
-0.00305317
0.00339963
-0.00323268
-0.00267426
0.0235587
-0.0249604
0.00443141
0.0206549
0.0109989
-0.00974768
0.0286265
-0.000179638
-0.0093904
0.00816181
0.00420188
-0.0173714
0.0174054
-0.0199312
-0.00898701
0.0140802
0.0308301
-0.0297224
0.0326651
0.0158363
-0.00881069
0.00739523
0.0247128
-0.0242188
0.0065769
-0.00995887
-0.0167531
-9.55573e-006
0.049242
-0.0548214
0.0159491
0.0347865
0.0114502
-0.0117923
0.0631476
-0.0195573
-0.0178742
0.0195397
-0.000856169
-0.0506477
0.0682843
-0.0994609
-0.0477727
0.0565138
0.131507
-0.150911
0.141235
0.12414
-0.0188102
0.162566
-0.0245745
-0.559912
0.227369
