-0.488697
0.261045
-0.38156
-0.082681
0.0106614
0.0610669
-0.0777938
0.0293631
0.0752845
0.0151725
-0.0552896
0.0870201
-0.0353537
0.037485
0.00163015
-0.00295578
-0.0767961
0.0488013
0.00227831
-0.036228
-0.0156883
0.0417329
-0.0225237
0.0128328
0.0246194
0.0162805
-0.0186168
0.037833
-0.0144798
0.00767033
-0.000166249
0.00787894
-0.0421234
0.0180823
0.0132342
-0.018643
-0.0141715
0.0296911
-0.00247063
0.00589298
0.0108879
0.0170237
-0.0159093
0.0250393
-0.0078947
-0.00162461
-0.00400243
0.010396
-0.0249721
0.00879319
0.0139271
-0.00714283
-0.0133314
0.0249894
0.00590473
0.00249288
0.00285964
0.0149441
-0.0143548
0.017024
-0.0157895
0.0184519
-0.0082641
-0.00587023
-0.000228942
0.024943
-0.0115152
0.0163103
0.00801064
0.00372205
0.00816604
0.0215762
-0.0176102
-0.00294459
0.0165261
0.00166258
-0.0312278
0.0230474
-0.00227953
-0.00359549
-0.00330808
0.0367872
-0.0125538
0.0142329
0.0130629
0.00429455
-0.000292341
0.0264116
-0.0275212
-0.0182175
0.0149055
0.0158276
-0.0576779
0.0319604
0.013979
0.00448183
-0.00911005
0.0569344
-0.0138982
0.00556655
0.0274468
0.0109254
-0.0299812
0.0360747
-0.0422219
-0.0365531
0.0163411
0.0773014
-0.144495
0.017276
0.0644992
0.0636367
-0.106134
0.193906
0.0789622
-0.0128501
0.18217
-0.0974899
-0.533368
0.286818
