-0.484278
0.319157
-0.263359
-0.0572662
-0.0199472
0.0408307
-0.0569067
0.0453453
0.0499903
-0.00943049
-0.0192566
0.118234
-0.0499398
0.0018991
0.0288755
0.0274628
-0.0650955
0.0388608
-0.0100115
-0.0236257
-0.00457515
0.0306905
-0.0371807
0.0105638
0.0368657
0.00444012
-0.0256166
0.0422516
0.00122765
0.00831947
0.00243054
0.0158881
-0.0353043
0.0220722
0.0127441
-0.0151413
-0.0191193
0.0238191
-0.00242072
0.00356603
0.0169494
0.00522919
-0.0129234
0.0340324
0.00588285
-0.00649397
-0.00601742
0.0235476
-0.0166648
0.00341733
0.00314179
-0.00556613
-0.00953525
0.0187408
-0.00260043
-0.00518801
0.0138046
0.0173074
-0.0139332
0.016704
-0.0121251
0.020204
-0.0116397
0.00587202
0.0139158
0.0125435
-0.0152602
0.0212584
0.00973474
-0.0129003
-0.00228262
0.0208544
-0.0188509
-0.00362181
0.000511655
0.000671515
-0.018665
0.0337624
-0.00882197
-0.00900398
0.012821
0.0335846
-0.017342
0.00458764
0.00982443
-0.007052
-0.000879339
0.0240283
-0.0421921
-0.0147103
0.0173798
0.0233033
-0.0466242
0.0260326
-0.000762749
0.00909738
0.0108545
0.0452661
-0.0363784
0.00769084
0.0397422
-0.00952802
-0.0563059
0.0422089
-0.022652
-0.0383672
-0.0175419
0.0474877
-0.121348
0.0807352
0.057779
-0.00968911
-0.045694
0.247715
0.0353898
-0.152024
0.0794789
-0.0318515
-0.480537
0.286506
