-0.445604
0.289749
-0.348
-0.072308
-0.00502103
0.0498771
-0.0716141
0.0386498
0.0720569
0.0116974
-0.0420725
0.0759917
-0.046034
0.0371254
0.0160529
0.00111248
-0.0805399
0.0431152
0.0044622
-0.0341585
-0.0145476
0.0314915
-0.021752
0.021923
0.0189916
0.00792464
-0.0107514
0.0428175
-0.0211636
0.00215458
0.00647705
0.0114863
-0.0428501
0.0142772
0.0108215
-0.0118556
-0.00954414
0.0195036
-0.00515295
0.015814
0.0105942
0.00365828
-0.0132099
0.0337897
-0.00852757
-0.00657789
-0.00168436
0.0136169
-0.0238866
0.00589958
0.0133093
-0.00217198
-0.00562179
0.0179737
-0.00201457
0.0112801
0.0102606
0.00402365
-0.0168103
0.0224794
-0.00954424
0.0140002
-0.0125024
-0.00967029
0.00388276
0.0242215
-0.0203291
0.0110565
0.0161258
0.00836466
-0.00124755
0.0189715
-0.00513806
-0.00343296
0.0100097
-0.000244304
-0.0253895
0.022413
-0.00947898
-0.00906632
-0.00116024
0.0410538
-0.016856
0.00694054
0.0194974
0.0134737
-0.00969124
0.0184008
-0.0168806
-0.0106491
0.0100577
0.00997176
-0.0497477
0.0306608
0.00827753
-0.00285513
-0.0142465
0.0658082
-0.0159477
-0.00312603
0.028015
0.02274
-0.0315583
0.0251193
-0.0323179
-0.0288795
0.00944408
0.0555572
-0.14927
0.0290079
0.0589886
0.0567647
-0.0786439
0.181689
0.0734194
-0.0214524
0.130663
-0.0893663
-0.495855
0.334302
