-0.377321
0.22627
-0.346234
-0.0376555
0.0132397
-0.00255807
-0.0737115
0.0747897
0.00662078
-0.00647284
0.0386211
0.0136171
-0.0849167
0.0827124
0.0137212
-0.00895149
-0.0221138
0.0133022
-0.0540884
0.0365574
0.00236515
-0.0339333
-0.000403422
0.0300364
-0.0376064
0.0209505
0.0266262
-0.00105693
-0.00729785
0.0281824
-0.0273141
0.0226658
0.0131117
-0.0152107
-0.0259092
0.0273525
-0.0158645
-0.00239414
0.0119078
-0.00874434
-0.00891203
0.0295511
-0.00727973
0.00179825
0.0169895
0.00857907
-0.0248219
0.0240483
-0.00227144
-0.00177113
0.000532013
-0.00225149
-0.0184061
0.0198843
0.00495713
-0.0140214
0.00863673
0.0153153
-0.0118966
0.016823
-0.0111141
0.0219484
-0.00608472
0.00120661
0.0140501
0.00792969
-0.00593381
0.0244164
-0.00212816
-0.0167872
0.0142598
0.0148941
-0.0186976
0.00998407
-0.0115686
-0.00158696
0.012301
0.0212988
-0.02589
0.0258879
0.0140328
-0.00822708
0.0103013
0.0292155
-0.016765
0.00324424
0.000385643
-0.0153503
0.00425719
0.0339559
-0.0468899
0.00278758
0.0200573
0.010469
-0.0109831
0.0475603
-0.0227198
0.0124894
0.0393357
-0.000464396
-0.0135351
0.0554499
-0.0407397
-0.0460871
0.0220331
0.0318935
-0.0657762
0.0599705
-0.0773848
-0.00998437
0.0942359
0.112675
-0.151298
0.13987
0.164539
-0.0978144
0.101246
0.038176
-0.539029
0.225889
