-0.561686
0.264195
-0.26683
-0.0819154
-0.0150542
0.0932011
-0.0458666
0.0056865
0.0544288
0.0459336
-0.0681438
0.079278
-0.0184808
-0.00171526
-0.0148559
0.0361175
-0.0687781
0.00068888
0.0296648
0.000366099
-0.0454653
0.0445787
0.0191001
-0.000912104
-0.00523442
0.0372136
-0.0247449
0.0186001
-0.000838529
-0.00452576
-0.0331198
0.0296746
0.00296845
-0.0188095
0.000128708
0.0339191
-0.00817317
0.00944616
0.0143253
0.0159943
-0.0209
0.0215097
-0.00661831
-0.00750273
-0.00571486
0.0143578
-0.0170871
0.00465221
0.0199738
0.00728225
-0.0139342
0.0255186
0.0118569
0.00110452
-0.00938732
0.0176811
-0.0114317
0.00308443
0.00192135
-0.00402237
0.0044242
-0.00795723
0.00545725
0.0191849
-0.0152279
-0.00674066
0.00433162
0.00903039
-0.0148294
0.0172326
-0.00419979
0.00424673
0.0134832
0.0269829
-0.0171395
0.00393385
0.0217494
0.00017138
-0.0293765
0.016294
-0.00388649
-0.00534749
-0.00897842
0.0326752
-0.0138944
0.0134458
0.0166619
0.0127147
-0.00757744
0.0284826
-0.0103142
-0.0259903
-0.00392963
0.0411705
-0.0452754
-0.00463833
0.00973084
0.0366185
-0.0331853
0.0438226
0.0131633
0.00345834
0.0159742
0.0404398
-0.0640738
-0.01016
0.0312086
-0.00279496
-0.143936
0.0845915
0.0170571
-0.00404251
-0.0558244
0.220566
0.0197237
0.00343342
0.164029
-0.0889796
-0.47343
0.29925
