-0.428038
0.272482
-0.30958
-0.0499402
0.00156326
0.0237208
-0.0817337
0.0549276
0.0149461
-0.0133902
0.0329245
0.052889
-0.0924078
0.0626492
0.036105
-0.00109116
-0.038765
0.0365735
-0.0472653
0.0240938
0.00963598
-0.0309477
-0.028136
0.047446
-0.0163289
-0.00768009
0.0188199
0.00913821
-0.016301
0.03831
-0.00454441
0.00233475
0.0113125
0.0169506
-0.038579
0.0223287
0.00823079
-0.00913308
-0.0107307
0.0100748
-0.0168514
0.0177022
0.0144917
-0.0114541
-0.00333297
0.0339088
-0.00867754
0.00594949
0.00944053
0.00656649
-0.0158003
0.0191316
-0.0126253
-0.000721042
0.0103871
-0.00057852
-0.0191047
0.0186555
0.00971294
-0.00390474
0.0112888
0.0191093
-0.00435131
0.0163853
-0.00307497
-0.00328945
0.0199524
0.0107644
-0.0232964
0.00769851
0.0040506
-0.00660195
-0.00613088
0.0226516
-0.0203945
0.0151621
0.00865158
-0.00094582
0.00377091
0.0419829
-0.0130532
-0.0119388
0.0187264
0.0130905
-0.0111928
0.0152812
-0.026921
-0.0114886
0.0171735
0.0151184
-0.044351
0.0383007
0.00349483
-0.00659267
0.00256513
0.0443021
-0.0184179
0.029781
0.0116527
-0.024231
0.0101619
0.0544355
-0.0643679
-0.0241784
0.0147104
0.0142332
-0.0579128
0.0746717
-0.0832655
0.0210335
0.0973389
0.0723054
-0.132531
0.170374
0.13389
-0.134148
0.0287451
0.0253779
-0.518101
0.260982
