-0.432282
0.284041
-0.307648
-0.0180744
0.00700359
-0.0222323
-0.0895382
0.108063
0.00320126
-0.0526124
0.0527903
0.055103
-0.0705081
0.0671705
-0.00220706
0.00214748
0.0152856
0.0295904
-0.0690442
0.0354114
0.00378871
-0.0139064
-0.00502994
0.00652819
-0.0458054
0.0355913
0.0218883
-0.0167277
-0.00630966
0.0244672
-0.0159886
0.030981
0.0124195
-0.00962636
-0.0113934
0.0346169
-0.0229868
0.0109134
0.00380371
-0.0098423
-0.00787618
0.0215089
-0.0214803
0.0020141
0.0193962
-0.00129163
-0.00802493
0.0209688
-0.00760036
0.0136485
0.0196446
0.000454808
-0.0193878
0.0231494
-0.00584756
0.00727827
0.00260033
-0.00677046
-0.0133479
0.0207745
-0.00768045
0.00909542
0.00743873
-0.011793
-0.000913717
0.0219921
-0.0165394
-0.00189215
-0.00115376
0.00132866
0.000134067
0.029835
-0.0216222
0.00170507
0.0177444
0.0111343
0.000801379
0.0208873
-0.018055
4.83416e-005
0.0223329
-0.00332692
-0.0216034
0.0241046
-0.0216132
-0.00374619
0.00599678
0.00509815
-0.0207944
0.0518914
-0.0147224
-0.0102706
0.014475
0.0281573
-0.00696487
0.0412414
-0.0197602
-0.0266587
0.0289872
0.0304171
-0.0465136
0.0172264
-0.0351582
-0.0214768
0.0211837
0.045045
-0.111118
0.0570784
0.0161191
0.0154211
0.0221462
0.0837813
-0.0839814
0.148131
0.132547
-0.203236
0.00267143
0.133222
-0.540723
0.132182
