-0.494669
0.259834
-0.262811
-0.081171
-0.0134491
0.0433217
-0.100471
0.0422247
0.0409474
-0.0320627
-0.00900122
0.0761225
-0.0679419
0.0241168
0.0378933
0.0120251
-0.0494243
0.0436891
-0.0290846
0.00412589
0.0106222
-0.00769692
-0.0544623
0.0393558
0.00338054
-0.0184009
-0.00127229
0.0158375
-0.0163532
0.0279543
0.0117061
-0.00882035
-0.00485126
0.0365552
-0.0219077
0.00678914
0.00942754
0.00250836
-0.0216925
0.0201839
-0.0133401
-0.0033268
0.0118705
0.000465473
-0.0227113
0.0205248
0.0142558
-0.00355081
0.000297665
0.0147647
-0.0108886
0.0203763
0.00779178
-0.00536629
-0.00875717
0.0224569
-0.0139654
0.000146178
0.00504101
-0.00210833
0.0179853
-0.00072153
-0.00476341
0.0146737
-0.00707554
-0.00295892
0.00686881
0.00220472
-0.0139394
0.0234106
-0.00787454
-0.00882889
0.00816388
0.0270551
-0.011054
0.014333
0.0058427
-0.00220955
0.0153287
0.022669
-0.0249053
-0.00111225
0.0165957
-0.00330517
-0.0180508
0.0256863
-0.0227785
0.000713807
0.0111449
0.0127289
-0.022277
0.0473562
0.00364661
-0.0114873
0.0154515
0.0360411
-0.0204885
0.01815
0.00226154
-0.0194534
0.00402919
0.0495628
-0.0716286
-0.0119602
0.0257594
0.0220687
-0.0543741
0.069932
-0.0545085
0.0378459
0.0799747
0.0542332
-0.100377
0.164309
0.108282
-0.132019
0.0590155
0.0247142
-0.528361
0.214678
