-0.463609
0.309025
-0.276662
-0.0676316
0.00879572
0.0401329
-0.0693128
0.0722851
0.0574232
-0.0274929
-0.0214924
0.116501
-0.0609839
0.00969077
0.0121404
0.00721814
-0.0483871
0.0419303
-0.0300813
-0.0219427
0.0205277
0.0187664
-0.0401601
0.0367721
0.0239429
0.00231771
-0.00422752
0.0338498
-0.0322321
0.0196779
0.0161063
-0.00392993
-0.0341891
0.0227905
0.000614501
-0.00126039
0.00975132
0.00506397
-0.0144654
0.0351821
0.0121579
-0.00371424
-0.0062186
0.0239084
-0.0172273
0.0118982
0.00220258
-0.0120376
-0.0107326
0.0246688
-0.00496436
-0.00468599
0.0149526
0.0123439
-0.00687981
0.0229828
-3.71791e-005
0.000998843
0.00158001
0.0135555
-0.0130653
-0.00333664
0.00853487
0.00786444
-0.022637
0.0187334
0.00454344
0.00331353
0.00510858
0.020787
-0.0105411
0.00927795
0.0135817
-0.00760243
-0.0126809
0.0240216
-0.0156698
-0.00860909
-0.000293051
0.0145769
-0.0161936
0.0325818
-0.00343685
-0.00600821
0.0170759
0.0336206
-0.0193756
-0.00136898
0.00265456
-0.00600558
-0.00451975
0.025544
-0.0478003
-0.00419895
0.0161893
0.0331249
-0.0343993
0.0417508
-0.00263398
0.00449513
0.0365431
0.029736
-0.0675985
0.0159362
0.0234283
-0.035388
-0.0676672
0.0652879
-0.0820498
0.0353106
0.0171406
0.0302113
-0.0565895
0.237678
0.0592981
-0.148678
0.0787205
0.0188686
-0.471376
0.22635
