-0.522825
0.273678
-0.235301
-0.0723592
-0.0336725
0.0596635
-0.0781912
0.0277957
0.0608106
-0.029093
-0.0477381
0.108131
-0.0202322
-0.0130087
0.0139451
0.0442317
-0.0537309
0.0372255
-0.00588173
-0.0230519
-0.0162323
0.0360877
-0.0388587
-0.000710799
0.0201237
-0.000844546
-0.0233608
0.0298015
0.00331642
-0.00234089
0.0121317
0.0277111
-0.0292991
0.0167695
0.0135774
-0.000133918
-0.0224624
0.0202649
-0.013689
-0.00260461
0.00804017
0.000957578
-0.022069
0.018573
0.0139109
-0.00243324
-0.00339319
0.0197614
-0.0100286
0.0150771
0.00906837
-0.000559974
-0.0179716
0.0240319
-0.00108693
-0.00732017
-0.00221124
0.00640104
-0.0121964
0.0125115
-0.00587108
0.0225852
0.00307819
-0.00922038
0.0072396
0.0152421
-0.0127686
0.00574548
0.00377817
-0.00787781
-0.00690248
0.0273233
-0.0166504
-0.00218209
0.00939299
0.0221899
-0.00932859
0.020401
0.000978867
-0.00398527
0.0137372
0.0241029
-0.0253337
-0.00541791
0.0117861
0.00265233
-0.0228983
0.0215532
-0.023438
-0.000752293
0.0172848
0.0296372
-0.0357154
0.0239206
0.0168616
0.00238734
-0.000558074
0.0399569
-0.0240748
-0.00533596
0.0252893
0.00029717
-0.0630535
0.0433796
-0.00462829
-0.0266241
-0.0308118
0.0698945
-0.0710359
0.0641333
0.0464156
0.00347946
-0.0340241
0.207392
0.0309848
-0.141776
0.101788
0.00648377
-0.497002
0.253596
