-0.60317
0.280413
-0.201076
-0.0864843
-0.0928949
0.108476
-0.053745
-0.0317198
0.0277836
0.00331835
-0.0560795
0.0846782
0.00792181
-0.0239997
-0.00948834
0.0706629
-0.0323244
0.00891855
0.00450798
0.0101352
-0.0380239
0.0413674
-0.0187326
-0.0142495
-0.00349804
0.0316403
-0.0370951
-0.00287436
0.0192514
0.00739572
-0.023556
0.0241566
0.00102527
0.00193863
0.0101072
0.0224168
-0.0246771
0.0152543
0.0154521
0.00436291
-0.0245558
0.0206591
-0.00241355
-0.0025903
-0.00229193
0.00647402
-0.0178729
0.0124079
0.0119736
-0.00731244
-0.0123251
0.0222867
0.00698904
0.00248715
0.00356929
0.0121454
-0.0104803
0.0194379
0.00424217
-0.00418481
0.00647247
0.00201646
-0.0150641
0.0176679
0.00132303
-0.00474436
-0.00348251
0.028109
-0.00684415
0.00156336
0.0081956
0.0109943
-0.00525475
0.0208058
-0.00246079
-0.00954716
0.00724049
0.0257682
-0.019378
-0.00886311
0.0040268
0.00908777
-0.0151462
0.0201438
-0.017587
-0.000337782
0.00995169
0.035832
-0.0294867
0.0110527
0.0289726
0.0178018
-0.015053
0.0264484
-0.00709114
-0.00155072
0.0173775
0.0166908
-0.0548214
0.0185698
0.0222729
-0.00322225
-0.0567067
0.0535075
-0.0192749
-0.00395567
-0.0114149
0.0589707
-0.0603766
0.0807686
0.0442986
-0.0132225
-0.0380163
0.203234
0.038701
-0.13147
0.0704026
-0.0129618
-0.488988
0.276742
