-0.503635
0.27221
-0.267073
-0.0483053
-0.0272074
0.0170587
-0.100046
0.0786426
0.0280651
-0.0587005
0.0219612
0.0683386
-0.080014
0.0431139
0.0286629
-0.000460103
-0.0179874
0.0453292
-0.0546627
0.0208674
0.0197762
-0.0121444
-0.0373526
0.027921
-0.0252084
0.00911328
0.0179435
-0.0138394
-0.02399
0.0383855
0.00233707
0.00267469
0.0125774
0.00763578
-0.0224242
0.0365383
-0.00341992
-0.0049672
0.00235614
0.014945
-0.0265456
0.0142226
0.00098666
-0.0108342
0.00299774
0.0112173
-0.0209907
0.0131074
0.0162467
-0.00321875
-0.00544011
0.0192419
-0.0101095
0.017762
0.0121522
-0.00485994
-0.0142654
0.0219872
-0.00755488
0.00229369
-0.0022045
0.0200842
-0.00768726
-0.00688178
0.00541939
0.000300674
-0.0079343
0.0248849
-0.0141784
-0.00580662
0.01086
0.0205507
-0.0130353
0.0222999
-0.00563074
-0.0015301
0.0227373
0.015717
-0.0225353
0.0122692
0.00536395
-0.00980319
0.00344309
0.0164195
-0.0328776
0.017935
0.0050756
-0.0109402
-0.00995143
0.0467949
-0.0156644
0.0124007
0.012878
-0.000541671
0.0034034
0.0499306
-0.0311261
-0.0170138
0.0252117
0.0105301
-0.0314215
0.03484
-0.0458084
-0.0113654
0.0267713
0.0369703
-0.0910208
0.0621474
-0.019552
0.0160303
0.0603115
0.0767614
-0.115239
0.149464
0.14439
-0.147959
0.028276
0.0961787
-0.53444
0.140992
