0.187793
0.0474829
-0.4244
-0.0456436
0.0673052
0.0638287
0.0540836
0.00221634
-0.00663753
0.0388433
0.00916167
-0.00331751
-0.0507804
-0.0126167
0.0133279
0.00450123
-0.0194924
-0.00900284
0.0352209
0.0259757
-0.0145083
-0.0143382
-0.00161385
0.0171351
-0.00941529
-0.0229098
-0.00530372
0.0150113
0.0194143
-0.000863433
-0.0103172
0.00535528
0.0112789
0.00188759
-0.0205932
-0.00953489
0.0110817
0.00638267
-0.00234088
-0.00647154
0.00964179
0.0162992
-0.00483411
-0.0106291
-0.00831923
0.00515542
0.00220572
-0.00828311
-0.00442454
0.0072074
0.0154663
0.00247256
-0.0112887
-0.000682746
0.00690467
0.0048636
-0.0115803
-0.0105603
0.00668845
0.00851553
-0.000647786
-0.00576155
-0.00395481
0.0116823
0.0108336
-0.00793382
-0.00613596
0.000950743
0.00793415
-0.00402177
-0.0127171
0.0011635
0.0114634
0.00919331
-0.00519232
-0.0069416
0.00722363
0.0081455
-0.0046766
-0.0145473
-0.00503184
0.0163514
0.00592567
-0.00915783
-0.00769366
0.0129214
0.0203561
-0.00894277
-0.0178142
-0.00496704
0.00973891
0.0056155
-0.0179274
-0.00510703
0.0130769
0.0237718
0.00164139
-0.0176035
0.00374462
0.0198762
0.0011401
-0.0317928
-0.0267324
0.0296241
0.0256962
-0.0117075
-0.0349871
0.0303105
0.0730459
0.00723805
-0.0602992
-0.0449314
0.0583549
0.0802987
-0.0540076
-0.129218
-0.00198148
0.327751
0.653078
-0.12851
