0.368802
-0.282145
-0.330039
0.0642305
0.0483193
0.0520335
-0.0063706
0.0347815
0.00181718
-0.0244132
-0.0364325
0.00827127
0.0180395
-0.0283374
0.00497825
0.0417725
-0.0100194
-0.0183929
-0.00572354
0.0189371
-0.0163996
-0.0170134
0.0180179
0.0192404
-0.0124909
-0.00509814
0.00873696
0.000239299
-0.0171696
-0.000226619
0.018034
0.000744047
-0.0143424
0.0130356
0.00960669
-0.0114471
-0.0115741
0.00836392
0.00947393
-0.00805363
-0.00191635
0.0157417
0.000297508
-0.0124655
-0.00582031
0.00630852
-0.00174048
-0.00706462
0.00899969
0.0133288
-0.00810353
-0.0063961
0.00479561
0.00168599
-0.00836248
-0.00189741
0.0120585
0.00459159
-0.0089594
0.00276929
-0.00775696
0.00283379
0.00404793
-0.00652704
-0.00490955
0.0108301
0.00682003
-0.00934864
0.000941095
0.00615937
-0.00561487
-0.0105521
0.004557
0.0137152
-0.00623838
-0.00810729
0.0109695
0.00678555
-0.0127408
-0.00888837
0.0106831
0.00653233
-0.0104775
0.0007461
0.0187195
-0.00274348
-0.0148006
0.000521419
0.00618318
-0.00777913
-0.00867086
0.0198088
0.0172155
-0.015794
-0.00619847
0.0145606
-0.000840767
-0.0260547
-0.00364445
0.0375026
0.00189049
-0.0167904
0.022429
0.0246618
-0.0241872
-0.0323462
0.0233168
0.0223046
-0.0423236
0.0117881
0.0730545
0.0086358
-0.0919651
-0.00304035
0.136841
-0.0386254
-0.261402
0.185529
0.774884
0.0966576
