0.0151806
0.151119
-0.280909
-0.0490271
-0.00360122
-0.00716544
0.0792343
0.0420009
-0.013503
-0.0135556
-0.014535
0.0276034
0.0130539
0.00687428
-0.0448425
-0.0295435
0.0180731
0.0217646
0.00412224
-0.0124323
-0.0102435
0.0113003
0.0196813
0.0169292
-0.019236
-0.0168949
-0.00105619
0.0107569
0.00603327
-0.00910085
-0.0111337
-0.00191034
0.0143916
0.016017
-0.00552915
-0.0105836
-0.00713909
0.00701228
0.00498375
-0.000733961
-0.0106686
-0.00737285
0.011295
0.014154
-0.000221522
-0.00649412
-0.00853663
0.00224828
0.00498703
0.00295171
-0.00927201
-0.0106354
0.00585808
0.00949117
0.00414347
-0.00210635
-0.00863348
2.33523e-005
0.00407367
0.00552127
0.0091313
-0.00253916
-0.00900375
-0.00416884
0.00280724
0.00636123
-0.00114503
-0.00695393
-0.00661463
0.0085942
0.0114984
0.00194217
-0.00555923
-0.00874537
0.00065847
0.0090785
0.00412938
-0.00955268
-0.0133457
0.0042006
0.0133591
0.00881686
-0.00284946
-0.0107084
-0.00196305
0.0143541
0.0132222
-0.00999528
-0.0206307
-0.00675626
0.00880938
0.0160035
0.000102658
-0.0141727
-0.0115436
0.0161815
0.0297703
0.0020354
-0.0171946
-0.0235467
-0.000684605
0.0284007
0.0172676
-0.0247494
-0.0379575
0.0169362
0.043186
0.0296747
-0.0068463
-0.0466003
-0.0200661
0.0468409
0.070894
-0.0291754
-0.12925
-0.0200272
0.0920258
0.263869
0.516191
-0.228355
