0.243015
-0.162503
-0.325361
0.0912354
0.0989236
0.0491209
-0.0381074
0.0194569
0.0136558
-0.0284908
-0.0350786
0.00885989
0.0339776
-0.00566385
-0.0123577
0.0329606
-0.00491409
-0.0191536
-0.0153932
0.0168732
0.0152259
-0.0180312
0.00378012
0.0278397
-0.00707782
-0.0184671
-0.00161722
0.013234
-0.00568039
-0.00690598
0.0128948
0.0160828
-0.0147351
-0.0103182
0.00873413
-9.96835e-005
-0.00934491
0.00351258
0.0135107
0.000912503
-0.0155633
-0.00131394
0.00767504
-0.00561027
-0.00874955
0.0095927
0.0138934
-0.00362561
-0.0111808
0.00503717
0.00219371
-0.0106077
-0.00322073
0.0120441
0.0054602
-0.00623416
-0.00256931
0.00730302
-0.00264864
-0.011821
0.00365673
0.00853205
-0.00276518
-0.00741473
0.00693765
0.00546317
-0.0096375
-0.00683678
0.0109834
0.00775784
-0.00800497
-0.00348665
0.0110627
0.000708667
-0.0126894
-0.000820413
0.0108544
0.00222152
-0.00745315
0.00378048
0.00904642
-0.00745582
-0.0142107
0.011146
0.0101271
-0.00839295
-0.00270706
0.0143966
0.00790318
-0.0172964
-0.00719636
0.0188726
0.00151667
-0.0129193
0.00697808
0.0238077
-0.00118351
-0.0256181
0.00266317
0.0182624
-0.0163399
-0.0100554
0.0273277
0.0243566
-0.0224757
-0.0192744
0.0377322
0.00866036
-0.0630739
0.0152742
0.0737892
0.00467048
-0.0799272
0.00480421
0.131606
-0.0426499
-0.243774
0.15181
0.746122
0.19119
