0.210956
0.0924124
-0.389238
-0.0669869
0.0281679
0.0587693
0.0747096
0.0033072
-0.0470374
0.00423034
0.0364363
0.0345977
-0.0484147
-0.0390627
0.00128807
0.0352576
0.00126292
-0.0303905
-0.00521029
0.023354
0.0233851
0.00485863
-0.0272335
-0.00414925
0.0163967
0.0153265
-0.0182512
-0.0194906
0.00734873
0.0196176
0.00499001
-0.014834
-0.00668425
0.0153574
0.0127794
-0.00225257
-0.0185822
-0.00551052
0.0124062
0.00786352
-0.00984425
-0.0135394
0.00728798
0.0160297
0.00199381
-0.00768289
-0.00703871
0.00626608
0.00962983
-0.00227933
-0.0123187
-0.00216165
0.0110384
0.0114177
-0.00620128
-0.00780084
0.00400276
0.0104138
0.00060213
-0.00987235
0.00721941
0.00782542
0.00155777
-0.0124105
-0.00472947
0.00910558
0.00703878
-0.00803737
-0.0104942
0.00702554
0.0140138
0.00483747
-0.00859004
-0.00844687
0.0077073
0.00859847
-0.00232252
-0.0163494
-0.00891977
0.0139513
0.00854237
-0.00502835
-0.0159302
0.00683801
0.020171
0.00441582
-0.0112149
-0.0138627
0.00724621
0.0152237
-0.00345429
-0.0222383
-0.0143758
0.0259891
0.0262819
-0.00979411
-0.0249542
0.00317577
0.0339067
0.0114299
-0.0276613
-0.0274112
0.0078931
0.0416061
0.00697349
-0.0375504
-0.0305985
0.0485953
0.070605
-0.0184992
-0.0802849
-0.0117877
0.0734197
0.0690703
-0.0801863
-0.107933
0.0305463
0.316547
0.60304
-0.192592
