0.283043
-0.151448
-0.395071
0.0388367
0.0822611
0.0697625
0.00120401
8.00234e-005
0.0107409
0.0190845
-0.0406791
-0.0343708
0.00826711
0.0155836
-0.00951404
-0.00700593
0.0232977
0.0323688
-0.0295976
-0.0187465
0.0113266
0.0107864
-0.0145628
-0.0133594
0.015832
0.0207208
-0.0101621
-0.0115353
0.00154141
0.0122864
-0.00836458
-0.0150329
0.00929768
0.0157777
-0.00405417
-0.0099692
0.00162018
0.0122763
-0.00904606
-0.0157891
0.00373355
0.0165164
-0.00029896
-0.00692395
0.00398766
0.0138047
-0.00409845
-0.0138658
-0.00076755
0.00897543
0.00257715
-0.00682498
0.00331684
0.0126884
-0.00278831
-0.0114193
-0.00203826
0.00681802
0.000367559
-0.00809386
0.00234332
0.00711709
-0.0058311
-0.00465843
0.00780136
0.00746414
-0.00573848
-0.0102562
0.0032734
0.00707729
-0.00434961
-0.00904372
0.00613653
0.0108505
-0.000774027
-0.0127378
0.00249207
0.00874376
-0.00551166
-0.00965932
0.00604572
0.0168109
0.000267179
-0.0134511
0.00279794
0.0120261
-0.00967242
-0.0198387
0.000362722
0.0254294
0.00413008
-0.0147384
0.00571619
0.0161512
0.0027525
-0.0273758
-0.0134404
0.02629
0.00368496
-0.0138562
0.00553703
0.0276328
0.0126023
-0.0302575
-0.00872948
0.0309844
-0.00249048
-0.0393594
-0.0091894
0.070663
0.043407
-0.0628433
-0.0507089
0.0891699
0.0705636
-0.133848
-0.14663
0.280993
0.725563
0.018472
