0.382442
-0.201581
-0.330721
0.01054
0.0769286
0.0973864
-0.0107308
-0.027382
0.010711
0.0214486
-0.0346271
-0.0517763
0.0264466
0.0372661
-0.00625481
-0.0133582
0.00888543
0.02267
-0.0280197
-0.0245358
0.00821489
0.0179224
0.0020951
-0.0139318
0.0072018
0.018339
-0.0137161
-0.0243488
0.00246767
0.014935
-0.00112171
-0.0130191
0.0080269
0.0181617
-0.00972321
-0.0175861
-0.00110519
0.011694
-0.00131531
-0.0109198
0.00439352
0.0193025
-0.00547845
-0.0128724
-0.00633502
0.00982223
0.000917212
-0.0127672
0.00350133
0.0153175
-0.000195644
-0.0111088
-0.00629531
0.00667999
0.00196564
-0.010005
-0.00144226
0.0135207
0.00327443
-0.0102923
0.00570052
0.00552482
-0.0100409
-0.00754839
0.00305326
0.0127099
0.000211788
-0.0109097
0.00521805
0.00887547
-0.00645502
-0.012507
0.00232543
0.0148881
0.000286372
-0.0107245
0.00468812
0.0126741
-0.002285
-0.0135328
0.000525926
0.0174254
0.0034536
-0.0118494
0.00212431
0.0126784
-0.00244444
-0.0205949
-0.0094234
0.0219607
0.00332627
-0.0135495
0.00495489
0.0189735
0.00375971
-0.0317394
-0.0139287
0.0244124
0.00260003
-0.0171364
0.00108368
0.0399136
0.0211087
-0.0423776
-0.0194012
0.0321477
0.0114068
-0.0427516
-0.0266148
0.0679847
0.0603033
-0.0637296
-0.073973
0.0666485
0.0854555
-0.111625
-0.197286
0.222331
0.71732
-0.0114609
