-0.537895
0.0626775
-0.0712218
0.0073993
-0.132637
0.0400423
0.0240568
-0.0678729
0.00212683
0.0387988
-0.0474402
-0.0268382
0.0401983
0.0112936
-0.0373644
0.0190126
0.0218298
-0.0283766
-0.0193721
0.0294364
0.00378765
-0.0270388
-0.00652548
0.0158067
-0.01078
-0.00743889
0.0200635
-0.0014476
-0.0240233
0.0068108
0.0240896
-0.0100725
-0.0166624
0.0145535
0.00462446
-0.0167478
0.005516
0.0161224
-0.00866205
-0.0101958
0.0123466
0.00341589
-0.0126301
0.00583755
0.0118563
-0.0137656
-0.00887922
0.015764
0.00539594
-0.0136149
-0.00194541
0.00874579
-0.00660514
-0.0040315
0.0119483
0.000486399
-0.0134584
0.000203238
0.013942
-0.00553634
0.00926184
-0.000425129
-0.00749571
0.00849716
0.00442681
-0.0151795
-0.000428843
0.0178476
-0.00402746
-0.0138651
0.00795019
0.0093044
-0.0154741
0.000878885
0.017286
-0.00389584
-0.0166889
0.00953916
0.0103064
-0.0103303
0.000218198
0.0159409
-0.00807383
-0.010726
0.0205519
0.0138098
-0.0198012
-0.00621363
0.0215064
0.00116583
-0.00920575
0.0163283
0.0130672
-0.0236595
0.0036879
0.0345938
0.00225256
-0.0324254
0.0216148
0.0165863
-0.031884
-0.00436135
0.054634
-0.017904
-0.0527209
0.0217401
0.0416496
-0.031814
0.0134955
0.0428849
-0.0294804
-0.0884654
0.0744281
0.0856873
-0.0745759
-0.143074
0.0272254
-0.0671849
-0.277252
0.227557
