-0.372157
0.0474383
-0.0777858
-0.0367712
-0.120918
0.0621309
0.0226042
-0.0468348
0.0355127
-0.0101431
-0.0490453
0.0167331
0.0336404
-0.0356605
-0.033375
0.0217548
0.00111389
-0.0201936
0.0155138
0.00212762
-0.0195979
0.00578494
0.0327925
-0.0112617
-0.0191389
0.0205239
0.0095334
-0.0110391
0.0086143
0.0110311
-0.0167345
0.00353924
0.020675
-0.00316835
-0.0195082
0.0145795
0.00498721
-0.0106318
-0.000840739
0.0123055
-0.0128081
-0.0024789
0.0137721
-0.00449265
-0.0179614
0.00683985
0.00871123
-0.0101255
-0.00321933
0.00716293
-0.0079871
-0.00683099
0.0124317
-0.00191827
-0.0126177
0.00207188
0.00951654
-0.00796261
-0.00245272
0.00675637
-0.0106914
-0.00942979
0.0115439
0.00514999
-0.0070991
0.00364676
0.0047621
-0.00815921
0.00517159
0.0137331
-0.00874693
-0.0141052
0.0154724
0.00656231
-0.00814711
-0.000622675
0.00768451
-0.0135737
0.00220584
0.0143687
-0.00886626
-0.0202448
0.0150961
0.00935837
-0.0199562
-0.004929
0.00868869
-0.00886644
-0.00624161
0.0215494
-0.01339
-0.0238985
0.014818
0.0282142
-0.0247176
-0.00733336
0.020077
0.00394903
-0.00501048
0.0383434
0.0077326
-0.0356741
0.0264355
0.0562011
-0.0147707
-0.032653
0.0423962
-0.00124851
-0.0204679
0.0399612
0.050285
-0.0953885
0.00239142
0.0810728
0.0148856
-0.143504
0.0631595
-0.117147
-0.298587
0.195789
