-0.861232
0.11283
-0.471878
0.030432
-0.0253837
0.0102778
-0.105229
0.00135809
-0.0962403
-0.000279017
-0.0272257
0.0438643
-0.0404166
-0.00691478
-0.045348
0.00832956
-8.34564e-005
0.0404273
-0.0349464
0.00335296
-0.026658
0.017895
-0.00202115
0.036594
-0.028367
0.00623913
-0.0295714
0.0189669
-0.00417152
0.0266568
-0.0294861
-0.000332274
-0.0242701
0.0143676
-0.0055075
0.0173321
-0.0251716
-0.00539197
-0.0165464
0.0122649
-0.00164206
0.0140344
-0.0188527
-0.00200566
-0.00708829
0.0158081
0.00136959
0.0136127
-0.0175267
0.00158846
-0.00390024
0.0198891
-0.00272984
0.0137768
-0.018663
0.00361592
-0.00619362
0.0178475
-0.00475478
0.00864579
0.00643266
0.0168607
0.00742334
0.00204444
-0.0091734
0.00753127
0.00350868
0.0190242
0.00192337
0.00430231
-0.0140107
0.0139636
0.00338425
0.0256331
0.00475066
0.00601415
-0.0118679
0.022109
0.0120007
0.0272201
0.00373478
0.00530316
-0.00723043
0.023412
0.0156776
0.0235097
0.0018292
-0.00358527
-0.0165206
0.0252115
0.0172653
0.0212336
-0.0132654
-0.0016974
-0.0236147
0.0350867
0.00722794
0.0312205
-0.0192314
0.0112881
-0.0312841
0.0594335
0.0185691
0.0453782
-0.0347026
0.0248085
-0.00882327
0.100835
0.0480014
0.046187
-0.0451129
0.0250448
-0.0433097
0.166596
0.192701
0.0721753
-0.140675
-0.157176
0.0070978
0.496402
