-0.852962
0.0398074
-0.459198
0.0291171
-0.0514768
-0.00397958
-0.0753644
0.00620208
-0.094551
-0.00618158
-0.0124479
0.0517316
-0.0267405
0.0136491
-0.0457821
0.0194758
-0.0108589
0.0470338
-0.035106
0.0161717
-0.0485257
0.00697428
-0.0169808
0.026318
-0.0344131
-0.00179354
-0.0329748
0.00038191
-0.00702014
0.0195074
-0.0177816
0.00212783
-0.0200498
0.0134567
0.0017698
0.0269263
-0.0154535
0.00719851
-0.0210893
0.0144927
-0.00618425
0.0204291
-0.0224361
-0.00369457
-0.0195509
0.00695432
-0.00351615
0.012212
-0.0160946
-0.00256789
-0.0110108
0.00970667
0.00354686
0.0177426
-0.0107346
0.00546155
-0.00862545
0.0170768
-0.00172414
0.0166755
0.00700129
0.0150458
0.00148788
0.00270496
-0.00997472
0.0176892
0.00798498
0.0224821
0.00362374
0.00905173
-0.00358124
0.0210167
0.0142448
0.0202007
0.0041018
0.000757958
-0.0063667
0.0164377
0.00930819
0.0158653
-0.00529574
0.00155738
-0.0149278
0.027517
0.00991198
0.0253005
-0.00833197
0.0132925
-0.00572238
0.042491
0.0199495
0.0310953
-0.000592789
0.00564779
-0.00435879
0.0376164
0.0221885
0.0162037
-0.0197525
0.00545087
-0.0225897
0.0466291
0.0107177
0.0323721
-0.0430004
0.0227973
-0.0287731
0.11353
0.0462644
0.0539493
-0.0415642
0.0489381
-0.0203557
0.173733
0.177298
0.115309
-0.0822931
-0.128943
0.0413656
0.499272
