-0.847903
0.198942
-0.437514
-0.0248427
-0.0950996
-0.0145638
-0.0951461
0.0398537
-0.0520345
0.0262013
-0.0769139
-0.0127095
-0.0434846
0.0105613
-0.0106657
0.0378007
-0.0297127
0.0168272
-0.0353069
0.00130361
-0.0220503
0.0276042
-0.00776985
0.032868
-0.0274375
0.0102505
-0.0347309
0.0074037
-0.0162785
0.0235616
-0.0142328
0.018167
-0.0313066
-0.000941659
-0.0247369
0.00718968
-0.00716487
0.0177281
-0.0111197
0.00848824
-0.019897
-0.00056045
-0.0102481
0.0119523
0.000826087
0.0192384
-0.00852862
0.0090965
-0.0143182
0.0043382
-0.00837708
0.0192558
-0.00363813
0.0184195
-0.0145904
0.00553662
-0.01461
0.00587346
-0.00558758
0.0145543
0.0123318
0.0126568
0.00816492
-0.000572826
-0.00441003
0.00881465
0.0031711
0.017594
0.00820384
0.0106167
-0.00577091
0.00343991
-0.0112109
0.0181598
0.00572205
0.0237081
0.00586372
0.0137377
-0.00653547
0.0132411
-0.00347641
0.0287729
0.017509
0.0269237
0.00954874
0.00792899
-0.00960551
0.0145711
0.000890089
0.0314595
0.0157796
0.0189965
-0.00501994
-0.00128475
-0.0287679
0.026577
-0.00191405
0.0436022
0.00622388
0.0225598
-0.0265815
0.0190662
-0.0376463
0.0597037
0.0156207
0.0828539
0.0212807
0.0295815
-0.0437239
0.0481983
-0.0150928
0.111884
0.0617785
0.13277
0.0810694
0.00173116
-0.173145
0.0229212
0.206374
0.478276
