-0.869341
0.046866
-0.0789691
0.109724
0.0172209
-0.0134629
-0.0388878
0.0874501
-0.0207969
-0.0207554
-0.0270421
0.0516451
0.0311762
0.00629198
-0.0252773
0.0363625
0.0215381
0.0135897
-0.0307285
-0.000173489
0.0299619
0.0289959
-0.0113689
0.00124697
0.0216797
0.0308355
-0.00776949
-0.0103122
0.00951489
0.025498
0.0126235
-0.00490348
0.00460927
0.023173
0.014823
-0.00357394
-0.00775051
0.00895248
0.0238595
0.00365693
-0.00309214
0.00471505
0.0206859
0.00832448
-0.00612135
-0.0100071
0.0169067
0.0109102
0.00423939
-0.00850121
0.0113078
0.0133944
0.00549409
-0.0133599
0.00334801
0.00524666
0.0146062
-0.00773742
0.00119996
0.0051334
-0.00908696
0.00151575
0.0188389
0.00413626
-0.00182079
-0.00522944
0.0164771
0.00427658
-0.00192772
-0.00926291
0.00862803
0.0174212
0.00980302
-0.00973255
0.00631218
0.0125679
0.0109901
-0.0117151
-0.00713763
0.0176139
0.0226514
0.000441921
-0.00543733
0.00892153
0.0231641
0.00511755
-0.019008
0.00168456
0.0219318
0.027723
-0.00169829
-0.00665218
0.0132554
0.0284526
-0.00555517
-0.0114614
-0.00526355
0.0467517
0.021637
-0.00504576
-0.0154008
0.0355404
0.0211379
-0.0156142
-0.061531
0.0388831
0.0443822
0.0391979
-0.0522092
0.00753555
0.0567599
0.0527683
-0.0968223
-0.0765905
-0.0826628
0.17751
-0.0362393
-0.029826
-0.00733788
0.345393
