-0.8492
0.12389
-0.478229
-0.00714697
-0.052727
0.0102739
-0.0958716
0.0329777
-0.104389
-0.0191816
-0.0666507
0.0130373
-0.0101254
0.0313704
-0.0467589
-0.00684419
-0.0405783
0.011006
-0.00536861
0.0328207
-0.0220827
0.0112479
-0.0362048
0.00914682
-0.0103349
0.0343345
-0.0156399
0.0141597
-0.0354791
0.00111304
-0.0174079
0.0220335
-0.0132727
0.0169161
-0.0314544
-0.00196332
-0.0201506
0.00988997
-0.00503604
0.0148719
-0.0216374
-0.001726
-0.0161413
0.00538117
0.00058974
0.0193507
-0.0106754
0.00525601
-0.0141593
0.00509407
-0.00133823
0.0213176
-0.0060594
0.011468
-0.0176448
0.00383685
-0.00611387
0.0198341
-0.00375769
0.0139586
0.00709563
0.0162749
0.00987909
0.00221197
-0.00879143
0.00676848
-0.00218326
0.0225387
0.00976421
0.0105428
-0.00782733
0.0099027
-0.00423694
0.0254288
0.0126221
0.0199811
0.000995372
0.00957567
-0.00739269
0.0272182
0.0178773
0.0244513
0.00764897
0.00442651
-0.00797751
0.020421
0.00975391
0.0284431
0.0091678
0.00385551
-0.0214943
0.0107442
-0.00441328
0.0402353
0.00905494
0.0135207
-0.024873
0.0184764
-0.0185943
0.0566464
0.0124199
0.0427879
-0.0181459
0.0184674
-0.0323509
0.0864793
0.0488828
0.0746542
0.00205838
0.0147744
-0.0514406
0.0886765
0.0441683
0.17469
0.156187
0.0017314
-0.204289
-0.0666549
0.112882
0.494936
