-0.304911
0.0654973
-0.0810834
-0.01032
0.0943458
0.046109
0.0240101
0.0203264
-0.0607141
-0.0388083
-0.0205816
-0.0047403
0.0307177
0.0221388
0.0221662
0.0148224
-0.0260586
-0.016967
-0.0196375
-0.0140784
0.0178295
0.0178037
0.0134317
0.014867
-0.0136159
-0.0130518
-0.0164966
-0.0132952
0.012512
0.0109751
0.011762
0.0142126
-0.0135608
-0.00637858
-0.0133371
-0.00841916
0.00411322
0.00407701
0.0106375
0.0145632
-0.00764334
-0.00478502
-0.0143898
-0.0136852
0.00354713
0.00473376
0.0107446
0.0113352
-0.00138779
0.00182409
-0.0109496
-0.0114527
0.000610604
0.0022724
0.0113509
0.00987362
-0.000102246
-0.00042397
-0.0104684
-0.00801721
0.00688829
-0.00926801
-0.009445
-0.00825804
-0.00566568
0.00749225
0.00888224
0.00487677
0.0102861
-0.00803775
-0.00755435
-0.0102027
-0.00799771
0.0056282
0.00743773
0.0102353
0.00954932
-0.00714035
-0.00802346
-0.00922715
-0.00940243
0.00701081
0.00963236
0.0138999
0.0128845
-0.00432593
-0.00183643
-0.0154835
-0.0174068
0.00730584
0.00690034
0.0185727
0.0193658
-0.00734693
-0.00674673
-0.022894
-0.0185449
0.0049231
0.00537167
0.0271009
0.0273058
-0.00253753
-0.00108659
-0.0327931
-0.0343365
-0.00139127
0.00228422
0.0397362
0.0461988
0.00667241
0.0151582
-0.0556722
-0.0726918
-0.00881764
-0.026934
0.107786
0.163659
0.0297309
0.238488
-0.220791
