-0.427266
0.0838725
-0.0458371
-0.0290872
0.074127
0.0330104
0.0275993
0.0480755
-0.0453432
-0.0272337
-0.0401822
-0.023525
0.0213914
0.00758956
0.0233382
0.0267324
-0.0100237
0.0018835
-0.0247404
-0.0235982
-0.00309072
-0.00574882
0.0208252
0.0199659
0.00117176
0.00595737
-0.0188298
-0.012548
-0.00817005
-0.0104738
0.0120498
0.0146847
0.0113925
0.0136568
-0.0119228
-0.00730262
-0.0112424
-0.00922234
0.00125918
0.00586428
0.0113294
0.0115063
-0.00341989
-0.000812682
-0.0101861
-0.0107675
-0.00417279
-3.15289e-005
0.00804127
0.0121741
0.00465649
0.00472985
-0.0113244
-0.00690051
-0.00780137
-0.00335503
0.00572224
0.00704599
0.00514861
0.00772252
-0.00626306
-0.000856309
-0.000238603
0.0125566
0.0101502
0.00203056
0.00571338
-0.0100105
-0.00805975
-0.00345152
-0.0034389
0.00857071
0.00882275
0.00696946
0.00703375
-0.0071503
-0.00522741
-0.00967116
-0.00999402
0.00373254
0.00649727
0.0156394
0.0160298
-0.00452708
-0.00181467
-0.0124263
-0.0124585
-0.00281044
0.000336255
0.0165605
0.0183853
0.00314321
0.00417209
-0.0188296
-0.0180655
-0.00476942
-0.0119247
0.0183162
0.0193224
0.014826
0.0169313
-0.0185364
-0.0133722
-0.0216171
-0.0291884
0.0204538
0.0158482
0.0325868
0.0450277
-0.00806444
-0.00457852
-0.0496313
-0.0614593
0.01464
-0.00392262
0.108402
0.153632
0.00979974
0.248299
-0.191171
