-0.409849
0.0964643
-0.0586469
-0.0473087
0.0493291
0.0109924
0.0406677
0.0434769
-0.0143462
0.00166503
-0.0479443
-0.0188282
-0.0119103
-0.0189795
0.0171462
0.0143745
0.0155576
0.0241354
-0.0102621
0.00199896
-0.0226101
-0.0182625
-0.0041667
-0.00654216
0.0129475
0.0131451
0.00843567
0.0146911
-0.00896335
-0.000155592
-0.0122043
-0.0138346
0.000367291
2.54288e-005
0.00956132
0.0111429
0.00472646
0.0121201
-0.00754437
-0.00314304
-0.0109068
-0.00913868
0.00170552
-0.000169761
0.00662073
0.00964809
5.08501e-005
0.0052086
-0.00622484
-0.00689468
-0.0067898
-0.00589026
0.00598316
0.00395382
0.00367054
0.00761637
0.000168523
0.00194534
-0.00725146
-0.00661789
0.00249415
-0.0067142
-0.00737494
-0.00350154
-0.00535626
0.00649932
0.00533764
0.00643115
0.010542
-0.00283071
0.00056323
-0.0125158
-0.0116717
-0.00144985
-0.00401511
0.0103841
0.00919826
0.00969197
0.0111682
-0.00615808
0.00169022
-0.0135468
-0.0118889
0.00126727
-0.000461045
0.0121803
0.011264
0.00717424
0.0141423
-0.0109248
-0.00483916
-0.015898
-0.0147839
0.00487386
-0.000363142
0.0207688
0.019074
0.00535181
0.0160891
-0.017503
-0.0156149
-0.0155492
-0.0203944
0.0148696
0.00627815
0.0336184
0.0364398
0.00172025
0.0172371
-0.030862
-0.0434608
-0.0206813
-0.0489274
0.0469428
0.0357125
0.0902503
0.154822
-0.0234437
0.159322
-0.213188
