-0.441005
0.0811582
-0.0421397
-0.0312468
0.0649448
0.0199166
0.0352622
0.0497434
-0.0337167
-0.0155855
-0.0466505
-0.0286261
0.0118084
-0.0026981
0.023374
0.0268082
-0.000873426
0.00976862
-0.0218193
-0.0179393
-0.012642
-0.0112884
0.0144229
0.0147665
0.00780512
0.0138966
-0.0106133
-0.00360557
-0.0155515
-0.0132208
0.00312186
-0.00112786
0.0127035
0.0149761
0.0047035
0.00380553
-0.0117276
-0.00803409
-0.00513816
-0.00290535
0.00828731
0.0057654
0.00649649
0.00709306
-0.00714918
-0.00307336
-0.0097887
-0.00662954
0.00140227
0.00226101
0.00869202
0.00897086
-0.00182432
0.00323275
-0.0100166
-0.00776313
-0.00518765
-0.00369939
0.00727648
0.00554024
0.00163548
0.00723565
0.00846683
0.00135154
0.00279052
-0.00811827
-0.00896602
-0.0026945
-0.00233088
0.00903172
0.00919953
0.00604257
0.00841376
-0.00648424
-0.00517752
-0.0087858
-0.011774
0.00257865
0.00245335
0.0136048
0.0165452
-0.0020319
0.00536388
-0.0141772
-0.0147932
-0.00741079
-0.00778908
0.0104565
0.0132017
0.0102265
0.0140482
-0.00857387
-0.00609828
-0.0162429
-0.0184495
0.00924436
0.00358406
0.0222656
0.0267175
0.00370937
0.00598297
-0.0267011
-0.0261721
-0.0100208
-0.0196144
0.0319369
0.0317244
0.0278391
0.0337029
-0.023419
-0.02009
-0.0469474
-0.0633931
0.0333717
0.0141692
0.102718
0.15493
-0.000385043
0.225822
-0.21643
