-0.2298
0.0483127
-0.0575625
0.0441561
0.0998955
0.0524974
-0.0289199
-0.0441096
-0.0592907
-0.0265106
0.0382275
0.0404853
0.00673662
0.00804627
-0.0313126
-0.0312264
-0.00336192
0.00499871
0.0226363
0.0309364
-0.0092345
-0.0129376
-0.0228335
-0.0132701
0.0129344
0.0173257
0.00892671
0.00739692
-0.0230002
-0.0143779
-0.00424129
-0.000144362
0.0159426
0.0153379
-0.00418254
-0.00445974
-0.0172598
-0.0126515
0.00782995
0.0107564
0.0106147
0.0105612
-0.0138363
-0.011575
-0.00588647
-0.00265298
0.0120231
0.0127904
0.000255093
-0.00114044
-0.0120825
-0.00806443
0.00187754
0.00768916
0.00871438
0.0088424
-0.00747673
-0.00974213
-0.00818942
-0.00370762
0.0110116
-0.00170994
-0.00138634
-0.0102086
-0.0097396
0.00563872
0.00982242
0.00892573
0.00978876
-0.00905458
-0.010583
-0.00777926
-0.00477157
0.0122307
0.0149782
0.00257361
0.000479761
-0.0157196
-0.0126303
0.00422009
0.00836795
0.0149476
0.0102483
-0.0108673
-0.0108924
-0.0109814
-0.00795234
0.0170105
0.0183459
0.00682942
0.00555669
-0.018849
-0.0240261
0.00367623
0.0096809
0.026706
0.0255217
-0.0125378
-0.0146554
-0.0206521
-0.0193266
0.0243004
0.0321043
0.0198376
0.0150918
-0.0366451
-0.047043
-0.00460446
0.00290459
0.0584813
0.0625341
-0.00903677
-0.0286106
-0.0702787
-0.0916014
0.0686721
0.130197
0.103886
0.316855
-0.19948
