-0.548834
0.106186
-0.0152283
-0.0339268
0.0509719
-0.00193541
0.0245673
0.0542281
0.00195748
0.0165908
-0.0362875
-0.022595
-0.0197991
-0.0210521
0.010211
0.0124404
0.0181741
0.0202254
0.00324945
0.0100247
-0.0183893
-0.00853695
-0.0149709
-0.0131228
0.00937521
0.00445902
0.0135769
0.0144216
-1.07796e-005
0.00584727
-0.0107547
-0.00838968
-0.00731042
-0.00448691
0.00501162
0.00512386
0.00909678
0.0109549
0.000611444
0.00452896
-0.0119793
-0.00743134
-0.00844917
-0.00677457
0.00342981
0.00256408
0.007424
0.0100865
-0.000239682
0.00491172
-0.00992771
-0.0040216
-0.00736672
-0.00571284
0.00571284
0.00311814
0.00681703
0.0057681
0.00168004
0.00465905
-0.00639966
-0.00568587
-0.00572576
0.00382658
0.00259675
0.00571284
0.0100517
0.00118591
0.00353909
-0.00695283
-0.00725308
-0.00319568
-0.00677875
0.0061966
0.00535483
0.008931
0.0074782
0.00121566
0.00127633
-0.00791211
-0.00763806
-0.00512129
-0.00656176
0.00850738
0.00728216
0.0101777
0.013323
-0.00184323
0.00419318
-0.0135205
-0.01578
-0.00841671
-0.0109432
0.0104608
0.00892816
0.0171404
0.0179889
-0.00250579
0.00528018
-0.0208174
-0.0200614
-0.00713842
-0.015056
0.0179935
0.0119046
0.027535
0.0332421
-0.00455867
0.00489892
-0.0345009
-0.0474014
-0.0150004
-0.0308892
0.046992
0.0504629
0.0885145
0.121526
-0.0308157
0.212661
-0.196765
