-0.450867
0.084667
-0.0330142
-0.033551
0.0533803
0.0048991
0.0325464
0.0433834
-0.0139715
0.00843679
-0.0426998
-0.0262935
-0.00740623
-0.0178538
0.0175826
0.0148657
0.0103059
0.0218256
-0.00175319
-0.000377695
-0.0216369
-0.0181299
-0.00896519
-0.0089131
0.0140757
0.0102476
0.00856821
0.0124349
-0.0064102
0.00237513
-0.0128867
-0.0122867
-0.00340498
-0.00113658
0.00786218
0.00916627
0.00406204
0.0107975
-0.00893144
-0.0011295
-0.00941951
-0.00811301
-0.000646712
-0.00188857
0.0069924
0.00827396
0.00224139
0.00937142
-0.00488847
-0.00368729
-0.00846991
-0.00746756
0.000638622
-0.00050375
0.00785179
0.0084642
0.00109594
0.00495488
-0.00714024
-0.0055472
-0.000390184
-0.00811342
-0.00835367
-0.00064213
-0.00198638
0.00808004
0.0068081
0.00425824
0.00787797
-0.00624906
-0.001206
-0.00791011
-0.00807045
0.000664649
-5.74579e-005
0.00925863
0.00779399
0.0054004
0.00957387
-0.00734646
-0.00177326
-0.0084943
-0.0101818
0.00406204
0.000811282
0.0146912
0.0127482
0.00357175
0.0130452
-0.00929339
-0.0104024
-0.0138226
-0.0117811
0.00618808
-0.00114545
0.0192728
0.0169712
0.00216511
0.0111369
-0.0162776
-0.0177173
-0.0144463
-0.0188435
0.0155708
0.00982016
0.0256428
0.0327995
0.00498478
0.0110384
-0.0366659
-0.0396009
-0.0244176
-0.0429477
0.0575119
0.0382911
0.083022
0.143512
-0.0255675
0.192491
-0.236897
