-0.294786
0.319127
-0.0964043
0.0271129
-0.017172
-0.0383321
0.117119
-0.0250181
-0.0336283
-0.0963525
-0.0564112
0.0353553
-0.0459997
0.0316174
-0.0688373
0.0223273
0.029409
0.0223262
0.00830322
-0.0481662
-0.00162388
-0.0116668
-0.005754
-0.00024858
-0.0550416
0.0101396
-0.0108513
0.0422845
-0.00482422
-0.0108058
0.00547373
-0.00610632
0.0205453
-0.0124403
-0.0265355
-0.0122531
-0.0136222
0.0279497
-0.0210913
0.00865018
-0.009592
0.0123571
0.0219717
-0.00231393
-0.00444953
-0.0204009
-0.000725463
0.00802924
-0.0158069
0.00217694
-0.0230245
0.0187096
0.00596693
0.0152506
-0.00294958
-0.0101457
0.0120212
0.00114566
0.00108918
-0.01084
0.00066394
0.0269661
-0.00252569
0.00135604
-0.0165121
-0.00163167
0.0148597
-0.00597373
0.008663
-0.0102185
0.0134325
0.0246558
0.0107612
0.0105932
-0.0222785
0.0139199
0.000432737
0.00550998
-0.00539818
-0.0226184
0.012817
0.0107071
0.0317917
0.00447264
-0.0119187
0.0255988
0.000268999
0.0304021
-0.0239173
-0.0130657
-0.0132583
0.00650712
0.0368224
-0.016063
0.00622742
0.0103284
0.0242478
0.0572804
-0.020645
0.0125125
-0.0523555
0.0397873
0.0177709
-0.0221213
-0.0187012
-0.0311117
0.0677714
0.0619641
0.0341925
0.0305291
-0.0745465
0.139161
-0.00548923
0.053598
-0.215308
-0.0868567
0.00631277
0.177771
0.652236
-0.0213857
