-0.533155
0.324221
0.124904
0.0189469
-0.0160149
-0.165597
0.0034975
0.000557496
-0.0571982
0.0444468
-0.13842
0.0168708
0.0124488
0.0435551
0.0369191
-0.0472957
-0.0351497
-0.0313964
-0.0211103
0.0472985
-0.0503603
0.0188847
-0.0250246
0.00364198
0.040174
-0.00410365
-0.0158135
-0.0302655
-0.0357917
0.0233221
-0.012086
0.0366285
-0.0196806
-0.00860073
0.0128158
-0.00109024
0.00886399
-0.00513733
-0.0379041
0.00119601
-0.0166563
0.0389188
0.0028465
0.00345978
-0.00424092
-0.0156935
0.0116937
0.0106515
-0.0183167
0.00506096
-0.0273466
0.0211642
0.0104317
0.0166887
0.0023439
-0.0169942
-0.000969886
0.00249788
-0.00348269
0.0153757
0.0129809
0.0293163
-0.000264766
0.00425077
-0.020176
0.00203878
0.0165223
-7.56648e-005
0.0186489
-0.00852323
0.000605992
0.0285002
0.00423069
0.0195141
-0.0166692
-0.0136164
-0.00171313
0.00220357
0.0368252
-0.000515558
-0.000757726
0.0136031
-0.0128797
0.0411641
0.00154793
-0.0109428
-0.014045
-0.0198637
0.03508
0.0247033
0.0229274
0.0126139
-0.0384053
0.0372466
-0.00585294
0.021292
-0.000286939
-0.0433983
0.0103763
0.0304456
0.0548173
0.0576293
-0.0488341
0.0209433
-0.0618519
0.0526139
0.0399516
-0.0381209
0.00204506
-0.0143587
0.0327536
0.182148
0.0193712
0.07322
-0.278079
0.0201147
-0.0548268
0.165464
0.597627
-0.00830508
