-0.334489
0.354549
-0.0732531
0.0228299
-0.0274263
-0.0543888
0.119837
-0.0160663
-0.0440967
-0.0942298
-0.0734017
0.0443385
-0.0446426
0.0416528
-0.0689893
0.0121527
0.0390159
0.0240558
0.0114932
-0.053454
-0.0114418
-0.00812223
-0.00928927
0.0144809
-0.0590308
0.013642
-0.00468285
0.0425605
0.00402176
-0.0146781
0.00503126
-0.0128913
0.0193681
-0.00714927
-0.0361388
-0.00665788
-0.017085
0.0351028
-0.0125672
0.00924343
-0.00446988
0.00421582
0.0264944
-0.0024642
-0.00944572
-0.0219325
-0.00959945
0.015712
-0.0156945
0.0109186
-0.0231089
0.012931
0.0127899
0.0145301
0.00132441
-0.0177677
0.00378951
0.00208239
-0.00388075
-0.00251712
0.00966995
0.0282652
-0.00447685
0.00245295
-0.0175653
0.00675712
0.0110474
-0.00805359
0.00408447
-0.0143081
0.0180382
0.0232874
0.0154922
0.00814228
-0.0184262
0.0209398
-0.0002799
0.00800296
-0.0116356
-0.0218476
0.011242
0.00999487
0.0306248
-0.00406824
-0.00797253
0.027511
0.005451
0.0339606
-0.0295143
-0.0084464
-0.0160319
0.00984074
0.0324227
-0.0228157
0.000876024
0.0108205
0.0321265
0.0552622
-0.0231454
0.0123029
-0.0564055
0.0448642
0.00941457
-0.0275442
-0.0265384
-0.0303126
0.0664842
0.0608428
0.0338763
0.0303006
-0.0843438
0.149658
-0.0138375
0.050012
-0.217212
-0.0871678
-0.00824132
0.182213
0.670787
0.00242986
