-0.0769112
0.33299
-0.213981
-0.0539217
0.051191
0.0244725
0.0763716
-0.11223
-0.0895072
-0.0105084
-0.0153184
0.0262052
-0.113949
0.0271342
0.0253843
0.0381075
-0.00962909
-0.0527634
0.0164252
0.0064963
-0.0303042
-0.0277226
-0.0461654
0.0467799
-0.0122709
0.0103987
-0.0180674
0.0110349
0.0346798
-0.0159526
-0.0246287
-0.0182488
-0.00203414
0.0244332
-0.0373142
0.00465119
-0.00250454
0.0339081
0.00570105
-0.0194009
0.000769187
0.00231853
0.00304462
-0.0103955
-0.0318057
0.0176599
-0.000978944
0.0206692
-0.015799
0.00294218
0.0191702
0.008573
-0.00507502
-0.0188132
-0.00532317
0.0170397
-0.0165663
0.00290471
-0.0124288
0.0243178
0.00454209
-0.0181332
0.0141997
0.017513
0.0150329
0.00483473
-0.0137624
0.0269803
0.00475777
-0.00269954
-0.014842
-0.00843258
0.0285222
0.000209157
0.00166722
0.000390137
0.0158098
0.0363254
-0.0147551
-0.000620332
-0.0131093
0.0176959
0.0146881
-0.0262403
0.00291606
0.0142463
0.0366701
0.012881
-0.0260557
0.0308656
0.002171
0.0250131
-0.0358707
-0.0213573
0.0283748
0.0106655
0.0170013
-0.0168089
0.00874829
0.0755064
-0.000402932
0.0120201
-0.0654625
0.0455256
0.0309222
-0.0356467
-0.0278934
-0.00525047
0.106522
0.0776171
-0.0487933
0.059916
-0.0302974
0.186875
-0.144849
-0.106016
-0.166956
0.228753
0.735202
0.00371494
