-0.161733
0.375035
-0.187339
-0.0834557
0.0457095
-0.0160811
0.0732547
-0.0801464
-0.150884
-0.00172321
-0.0338381
0.0862928
-0.0799135
-0.0101934
0.0353393
0.0188659
0.0131358
-0.062031
-0.0488949
0.02291
-0.0250914
0.0284233
-0.0543862
0.0163124
0.0353469
0.0110435
-0.0093094
-0.044585
-0.00705247
0.0221779
-0.0306617
0.00572185
-0.0328111
0.030441
0.0193158
-0.000983458
-0.0074672
-0.0192903
0.0101226
0.0122865
-0.0376597
0.00134184
-0.0158642
0.0389383
0.00222229
-0.00923869
0.000442075
-0.00213931
0.010465
-0.00225455
-0.0330115
0.00879092
-0.00294631
0.0304364
-0.0100718
-0.00449456
0.0110982
0.00783577
0.00383632
-0.014898
0.00579901
0.0306757
-0.00574393
-0.00860271
-0.00706487
0.00407666
0.028773
-0.0106025
0.00173091
0.0130755
0.0174005
0.0271449
-0.0211754
-0.0024749
-0.00112748
0.0102229
0.0178871
-0.0240097
0.0127752
0.0264992
0.0220556
0.019028
-0.0321307
0.0148588
0.00857225
0.00342467
-0.00256425
-0.0284087
0.029598
0.0391257
0.0178621
0.0117937
-0.0367446
0.0477149
0.00380107
-0.00966146
-0.0243392
-0.0125681
0.0612014
0.0323168
-0.0031458
0.0210049
-0.025211
0.0961419
-0.0331477
-0.0342813
-0.0449378
0.0208792
0.110489
0.00437692
-0.0353285
0.0833755
0.0126334
0.198931
-0.228617
-0.0445278
-0.132979
0.237169
0.718395
-0.0565619
