-0.359437
0.332229
-0.0310109
0.0135583
-0.0213576
-0.114773
0.0702487
-0.0048483
-0.0750291
-0.043597
-0.109253
0.0645588
-0.00225756
0.0502914
-0.018213
-0.0467434
0.0281818
-0.00453421
-0.0083812
-0.0188987
-0.0683228
0.0168863
-0.0108178
0.0459955
-0.00883958
-0.0176429
0.0114841
-0.00679055
0.0111155
-0.00262913
-0.0451604
0.000285945
-0.0169164
0.0409905
-0.00188131
0.000451194
-0.000880039
-0.00945151
0.0193086
0.00224491
-0.0258948
-0.00701967
-0.0218107
0.0308867
-0.00123618
0.0127891
-0.00463526
-0.00948895
0.0159644
0.00443184
-0.0132137
-0.00872968
-0.0238159
0.021228
-0.000534581
0.0206285
-0.00716925
-0.00637268
0.01317
0.00152594
0.000909649
0.00260693
-0.0173862
-0.00545174
0.0201115
0.000544492
0.0139948
-0.00359928
0.00151759
0.0303545
0.00529231
0.0129577
-0.0206266
-0.00789424
0.0108923
0.00344931
0.0251797
-0.0094107
0.000756647
0.0298448
0.00895932
0.0287865
-0.023727
-0.0101366
-0.00710555
0.00632709
0.0349879
-0.00897849
0.0012056
0.018721
0.00876168
0.0508349
-0.019639
-0.00657526
-0.0334349
0.00634409
0.0442478
-0.00936484
0.0067262
0.00661401
0.00613319
0.0894208
-0.0103702
0.0151193
-0.0783143
0.00688455
0.0428957
0.00700884
0.0331717
-0.0186582
-0.00774463
0.166993
0.0126045
0.0956296
-0.25982
-0.00661767
-0.0729652
0.20684
0.630857
-0.0690673
