-0.207184
0.393266
-0.133297
-0.0197193
-0.0111549
-0.011446
0.138539
-0.0463099
-0.0698094
-0.090318
-0.0410407
0.0684541
-0.069369
0.0134737
-0.053457
0.0447896
0.0468863
-0.000152026
-0.0102985
-0.0499608
0.0108024
0.0105887
-0.0355484
-0.007619
-0.0502614
0.0398896
0.00283585
0.0225747
-0.0127562
-0.0136544
0.0285348
0.00146895
-0.0118932
-0.0279718
-0.028186
0.0223267
-0.0137605
0.0198561
-0.0260835
0.00792082
0.0214815
0.0154278
0.00486232
-0.0262286
-0.0048609
0.00646189
-0.00886141
0.00452087
-0.0357737
0.0149083
0.00507853
0.0255776
0.000375692
-0.0141955
0.0101647
0.00225118
0.00467175
-0.00830588
-0.0244262
0.00692858
-0.000982136
0.0108153
0.00798338
0.0259129
-0.0101921
-0.00643416
-0.0158998
0.00734908
0.0188273
-0.0148067
0.00293524
0.000866966
0.0255924
0.0275074
-0.00546387
0.00811358
-0.0186012
0.0241514
0.00406715
-0.0167937
-0.00934797
-0.0109153
0.0344695
0.0139856
0.0070425
0.0070711
-0.00642661
0.0514976
-0.00706267
-0.00220806
-0.0361102
1.78429e-005
0.0340736
-0.00699495
0.0117169
-0.0143155
0.0220589
0.0684245
0.0103523
0.0184809
-0.0694887
0.0384476
0.0121764
-0.00196039
-0.0248591
-0.0534558
0.0602014
0.0695696
0.0663622
0.0187032
-0.0866365
0.141581
-0.0076214
0.0836655
-0.239143
-0.092416
0.0283693
0.198975
0.688739
-0.0883707
