0.482167
-0.089661
-0.219401
-0.0883618
0.0662543
-0.0192905
0.0235027
-0.0567433
0.00898411
-0.00338131
0.0028659
0.0159327
-0.00392279
0.0182276
-0.0236356
0.00819042
-0.0113855
0.00382459
-0.00113392
-0.0104856
0.0125872
-0.0223902
0.018104
-0.016227
0.0229232
-0.0114201
0.00756507
-0.00934487
-0.00303529
-0.00592681
-0.0168889
-0.00777931
-0.0180645
-0.00736002
-0.0158443
-0.00728323
-0.00938244
0.000904384
-0.000853114
0.00730583
0.00560985
0.00841689
0.00773775
0.00624585
0.00487393
-0.0025007
0.000370803
-0.00950214
-0.00177019
-0.0149269
-0.00255029
-0.0138766
-0.000940831
-0.0076883
-0.00423586
-0.00125085
-0.00158567
0.00348676
-0.00552557
0.00607481
5.25224e-006
0.00647432
-0.000393257
0.0105256
-0.000921367
0.0103413
-0.00014241
0.00274484
0.00262108
-0.0059106
7.46225e-005
-0.0124808
-0.000653626
-0.0158179
0.00199518
-0.011092
0.00661466
-0.00158229
0.0119547
0.00628912
0.0199702
0.0106178
0.0214478
0.00920271
0.012334
0.00836559
-3.58207e-005
0.00537874
-0.012254
0.000957395
-0.0191571
0.00170617
-0.0180006
0.00551438
0.000594289
0.00177828
0.0169167
-0.0130847
0.0288471
-0.0166512
0.0411821
-0.0214605
0.0307107
-0.0185972
0.0211183
0.0151759
0.00533021
0.0491387
0.00129893
0.0821467
0.00121088
0.09218
-0.00267079
0.0851832
0.0115822
0.0372324
-0.0514526
-0.202927
-0.362181
-0.157591
