0.280865
0.0617421
-0.164395
-0.12467
0.0626905
-0.063056
0.0577798
-0.0419265
-0.0218087
0.0128223
0.0192355
0.0213514
0.0181268
0.00854439
0.0071615
-0.0176712
-0.00746504
-0.0375362
-0.00100937
-0.033261
0.000351955
-0.0268525
-0.00355053
-0.00852844
-0.00205042
0.00703942
-0.00425721
0.0125048
-0.00871683
0.0018061
-0.00602528
-0.0100818
-0.001673
-0.0199797
0.00112765
-0.0184435
0.00581478
-0.0156879
0.00287659
-0.00352219
-0.00340446
0.00369593
-0.0128025
0.00363236
-0.0147583
0.000473078
-0.0075627
-0.00417071
-0.000762179
-0.0107625
0.00683556
-0.00913076
0.00795761
-0.00656429
0.00283885
-0.00184777
-0.00551944
-0.000902768
-0.0121103
-0.0013652
0.000317059
-0.00105512
-0.00526673
0.00367216
-0.00685156
0.00312894
0.000441258
-0.000506642
0.00999613
-0.0047669
0.018447
-0.00857057
0.0172184
-0.00823956
0.0113269
-0.00266256
-0.00172448
0.00606356
-0.00383064
0.0141407
-0.00442955
0.0113642
0.00346898
0.00556672
0.0131284
-0.00810727
0.0164501
-0.0207985
0.014398
-0.0170169
0.0113353
-0.00373077
0.00782922
0.0152227
0.00653936
0.0306982
0.00476823
0.0314084
0.0115878
0.0119133
0.0126833
-0.0179044
0.00799634
-0.0438201
0.0153407
-0.0370913
0.0220803
-0.00183449
0.0373466
0.050341
0.0584047
0.0987642
0.0527964
0.142548
0.047002
0.103438
-0.0896192
-0.153238
-0.308516
-0.0981312
