0.0883002
0.127537
-0.0983676
-0.161931
0.0456363
-0.0898419
0.031169
-0.012076
-0.0151246
-0.00859219
0.0439996
-0.00671203
0.0301723
-0.0155952
0.00335794
-0.024581
-0.0240758
-0.0296202
-0.0327787
-0.0223422
-0.0155378
-0.0120658
-0.00526532
-0.00651112
0.0125308
-0.00658762
0.0155772
-0.00784909
0.00521419
-0.00919319
-0.0117636
-0.0125461
-0.0218741
-0.00951785
-0.0174169
-0.00673002
-0.00703696
-0.00663069
0.00610719
-0.0063585
0.0128663
-0.00753793
0.00600773
-0.00584125
-0.00784642
-0.00705756
-0.0166281
-0.00634486
-0.0149019
-0.00409002
-0.0103092
-0.00655531
0.000211
-0.00718957
0.00777961
-0.00772696
0.00636947
-0.00537063
-0.00330267
-0.00176969
-0.0063807
-0.000240622
-0.0024314
-0.00377251
0.00815103
-0.00137723
0.0161589
-0.00160232
0.018993
0.00150005
0.0129461
0.00260274
0.000235522
-0.000896977
-0.00846056
-0.00305028
-0.00620059
-0.00344573
0.0062277
-0.00296045
0.0209909
0.00222122
0.0290481
0.00611354
0.0237965
0.00604071
0.0060501
0.000282267
-0.00875023
-0.00639152
-0.00751238
-0.00862755
0.00404798
-0.00440074
0.024244
0.00762444
0.0400612
0.0230632
0.0409616
0.022043
0.0215109
0.0114626
-0.0118764
-0.00904911
-0.0184348
-0.0295685
0.00197267
-0.0176087
0.0447172
0.0217203
0.0815315
0.0735763
0.110421
0.145772
0.0970086
0.128294
-0.0946403
-0.0704808
-0.308106
-0.0802573
