0.372075
-0.0218311
-0.226933
-0.102823
0.0567193
-0.0296919
0.0406446
-0.0450372
0.00164846
0.0152863
0.0102786
0.0132301
0.00299223
0.0207993
-0.00189076
-0.00387745
-0.00616602
-0.0319672
0.0074805
-0.0361734
0.0044286
-0.026736
1.11846e-005
-0.0139373
-0.000562293
0.00487067
-0.00693347
0.00780575
-0.0157039
0.00585121
-0.0116579
-0.00224703
-0.00723689
-0.0105631
0.00299617
-0.0117946
0.0110538
-0.0106749
0.0114358
-0.00650586
0.00054385
-0.00292855
-0.00643093
-0.00206122
-0.0166672
-0.00203455
-0.0158453
-0.00432332
-0.00806044
-0.00410893
0.00226713
-0.00114526
0.00759742
-0.00125413
0.00769
-0.000672286
0.0026992
-0.00318038
-0.00455477
-0.007958
-0.00385305
-0.00764043
-0.00601304
-0.00622637
0.00055889
-0.00394416
0.0106209
-0.000611933
0.0164376
0.0023518
0.0168013
0.0017882
0.0115592
0.000482191
-0.00285621
0.00120036
-0.00956232
0.00108075
-0.00872923
0.00316871
-0.00111513
0.000283053
0.0121868
-0.00422034
0.0222087
-0.00782211
0.0259944
-0.0113519
0.0160296
-0.00774295
0.00411186
0.00774248
-0.0028586
0.0220342
-0.00809006
0.0250163
-0.00398692
0.0161846
0.0113849
0.00142132
0.0237014
-0.0283449
0.0201002
-0.0420111
0.0237993
-0.0182509
0.0280363
0.0133131
0.0262468
0.0638923
0.0319532
0.107715
0.0251597
0.121427
0.0432967
0.0810661
-0.0606848
-0.163571
-0.354742
-0.124625
