-0.413393
0.194553
0.0197641
0.035923
-0.114436
0.0461674
-0.0288106
0.0215162
0.0433446
0.0299097
-0.00190221
0.0179983
0.0132198
0.00424665
0.0221017
-0.0098583
-0.0104673
0.014052
-0.0285074
0.0346647
-0.00293219
0.0206161
0.0195001
0.00353843
0.0160098
0.00624923
-0.000324424
0.0111993
-0.000757112
0.00159001
0.00930188
-0.00203635
-0.000235399
0.00995242
-0.010844
0.0219475
0.00208169
0.0160756
0.0162521
-0.00260931
0.0110799
-0.00390717
-0.00141273
0.00622542
-2.7163e-005
0.00494869
0.00594017
0.000660872
0.00344558
0.00574777
-0.0073415
0.0154024
0.000376719
0.00886929
0.0122808
-0.00334146
0.00941788
-0.00328201
0.000682828
0.00572633
-0.0045986
0.0102915
-0.00929191
0.0020848
-0.00390193
0.000137227
-0.00558487
0.00665005
-0.0135213
0.00576943
-0.0133565
-0.00921377
0.00215025
-0.0091412
0.00888444
0.00990706
-0.00879517
0.0140134
-0.0178612
0.000828376
-0.0100538
-0.00446463
-0.00514283
0.00318559
-0.015341
0.00542828
-0.0152049
-0.0116497
0.00323608
-0.0132488
0.011144
0.00911041
-0.0137906
0.0253563
-0.0352757
0.0043889
-0.0163514
-0.0150676
-0.00565261
-0.00354764
-0.0214174
0.00584295
-0.0323541
-0.0149093
0.00479611
-0.0282412
0.014282
0.0201059
-0.0402603
0.0588253
-0.113316
0.00397832
-0.0506226
-0.113751
0.0248533
-0.0957009
-0.148938
0.0745071
-0.338039
0.1825
