0.286336
0.0534559
-0.180815
-0.117868
0.0512083
-0.0549511
0.0389226
-0.0529096
-0.0344597
-0.00338813
0.00368621
0.0141202
0.0257561
0.0134627
0.0251285
-0.000811341
0.0107343
-0.0134499
0.00701346
-0.0204412
-0.00772935
-0.0266311
-0.0147375
-0.0241567
-0.0175744
-0.0172697
-0.00999166
-0.000553568
-0.00607532
0.00388503
0.00476694
0.0068676
0.0117054
0.00289821
0.00921916
-0.00264867
0.00250413
-0.0128664
-0.00336902
-0.0147171
-0.00625329
-0.0125011
-0.00513972
-0.0152093
0.00447989
-0.0103364
0.0143525
-0.00202434
0.0193668
0.0114093
0.0252952
0.0214577
0.020752
0.019876
0.00909828
0.0116325
-0.003633
-7.05923e-005
-0.00631189
-0.0171285
-0.012053
-0.028425
0.000521124
-0.023029
0.0237456
-0.000929902
0.0495792
0.0338379
0.0649293
0.0627377
0.0659227
0.090136
0.0419999
0.110268
-0.00231738
0.0411554
-0.129101
-0.181917
-0.34248
-0.06535
