0.331204
-0.358798
-0.171113
0.00939937
-0.154048
-0.0706411
0.042654
-0.131888
-0.0682939
-0.0579865
-0.0566944
-0.0408085
-0.0468172
0.0238864
-0.0494015
-0.0139336
0.0232415
-0.0658891
-0.0239392
-0.0134712
-0.0501001
-0.00652955
-0.0313982
0.00881834
-0.0285824
-0.00574243
0.0114787
-0.0418476
-0.0167358
-0.006901
-0.0435332
0.00400157
-0.0191648
0.00109392
-0.0141808
-0.00187508
0.00111765
-0.028443
-0.0115113
-0.00544284
-0.0357937
0.0102687
-0.0118143
-0.00159245
-0.00496707
-0.00595624
-0.00358161
-0.0189598
-0.0142321
-0.00134288
-0.0302911
0.0134757
-0.00694141
-0.00249705
-0.000537009
-0.00684325
-0.00774649
-0.0127738
-0.0120435
0.0020628
-0.00290113
-0.00562633
0.021766
-0.00461662
0.0168057
0.0108557
0.0142054
0.0120474
0.00131443
0.0138618
-0.00222538
-0.00724208
0.0278584
-0.00518994
0.0226264
0.0165598
0.00830313
0.0160297
-0.000269996
0.0149051
0.00182985
-0.00800925
0.036161
-0.00385992
0.0245695
0.0293408
0.00109225
0.0220465
0.00493079
0.00565734
0.00641245
-0.00858264
0.0393907
-0.00542105
0.0331944
0.04682
-0.0127664
0.0347747
0.00441641
-0.00248041
0.0145709
0.00744417
0.0562186
0.0136008
0.0626261
0.0720463
-0.0359107
0.0516554
0.0111601
-0.0394115
0.0497649
0.0362547
0.0752149
0.0703265
0.0798253
0.144707
-0.492668
0.349115
0.588567
0.455887
