0.25428
-0.27991
-0.259739
-0.0202519
-0.0248202
-0.177301
-0.0443411
-0.0524675
-0.133679
-0.0369054
-0.070394
-0.02395
-0.0403257
-0.05768
-0.00234195
-0.0616491
-0.078976
0.0100372
-0.0541215
-0.019021
-0.00895473
-0.0299365
-0.016487
-0.0345094
-0.0350824
0.00545433
-0.0493663
0.00268296
-0.00628099
-0.0318379
-0.014694
-0.0179027
-0.0320222
-0.00153734
-0.0343115
0.00720932
-0.0110814
-0.0204602
-0.00523289
-0.0152017
-0.0307754
0.00288354
-0.0241237
0.00254585
-0.0124741
-0.0107642
-0.00553077
-0.017211
-0.0240702
0.00578739
-0.0251523
0.00256675
-0.00304743
-0.00698429
-0.0088507
-0.0100592
-0.0181049
0.00310394
-0.025273
0.00847067
0.00199577
0.0140015
0.0109648
-0.00741269
0.0266323
0.00551581
0.0166454
0.0149049
0.00497867
0.0114722
0.00488419
-0.00394448
0.0304747
0.00277119
0.0214532
0.0247497
0.00146087
0.0104314
0.0104747
-0.000240986
0.0280688
0.00258811
0.0289736
0.0290187
-0.00263721
0.0182398
0.0128227
-0.00456102
0.0311848
0.0117649
0.0378876
0.0324396
0.00369598
0.0341815
0.0133158
-0.00773676
0.050219
0.0102781
0.0306061
0.0415995
0.0110536
0.0404141
0.0125102
-0.00507409
0.0583081
0.00287929
0.0576479
0.0872034
-0.0341875
0.0635157
0.0320014
0.00431531
0.10252
0.0713725
0.0700863
0.125825
-0.316149
0.589335
0.597898
0.316305
