0.297116
-0.345637
-0.195295
0.0198235
-0.122118
-0.121009
0.0178528
-0.104859
-0.108036
-0.0277659
-0.0721579
-0.0328083
-0.048833
0.000699751
-0.0124612
-0.0566944
0.00290828
-0.0442842
-0.0665416
0.0130254
-0.0380704
-0.00564149
-0.0105172
-0.0128838
-0.0107764
-0.0317172
-0.0192844
-0.013362
-0.0482523
0.0150797
-0.0162979
-0.0130629
-0.00173253
-0.0142489
-0.0185794
-0.0153049
-0.0238962
0.00186226
-0.0290588
0.0114179
-0.00210266
-0.0177706
-0.00621679
-0.0107211
-0.0241149
-0.000267792
-0.0197986
0.00437696
-0.0158656
0.000582192
-0.000484106
-0.0172025
-0.00968153
-0.00226078
-0.0254901
0.00871428
-0.0103753
-0.000790956
-0.00738739
-0.00454661
0.0199994
0.0153997
0.00574609
0.0133347
0.00503391
0.00412994
0.00794417
-0.00254709
0.0255687
0.00205342
0.0138644
0.0239296
-0.00417246
0.00908953
0.0137155
-0.00174243
0.0192174
0.00367604
0.0263389
0.0145225
0.00550268
0.0281246
-0.00508535
-0.00322798
0.0256303
-0.0036617
0.025764
0.0190605
0.0184127
0.0253673
-0.00566405
0.0241073
0.00525223
-0.00631315
0.046081
0.0137262
0.0278993
0.0436395
0.00489677
0.0298058
0.00261899
0.0177572
0.0371121
-0.0063772
0.0721737
0.0380782
-0.00292371
0.0832117
-0.0335532
0.00215403
0.0502426
0.0338899
0.0737904
0.0624991
0.0705109
0.11434
-0.412296
0.493412
0.63531
0.37484
