0.225745
-0.243667
-0.233544
-0.0652655
-0.0337983
-0.146524
-0.099357
-0.00148758
-0.120769
-0.0184952
-0.0408129
-0.0581052
-0.045361
-0.0519775
-0.0520816
-0.00720548
-0.0612368
-0.0031806
-0.0175703
-0.0450065
-0.0319635
-0.0149658
-0.0546432
-0.00063763
-0.025533
-0.0157424
-0.0167437
-0.0245013
-0.0297367
-0.00243571
-0.0405173
0.000686538
-0.0131313
-0.0195683
-0.0161185
-0.0107207
-0.0321615
0.00211961
-0.0231981
-0.00477255
-0.011909
-0.0159286
-0.0167147
-0.00247506
-0.0295308
0.0038051
-0.0133683
-0.00776004
-0.010727
-0.00808849
-0.022667
0.00279251
-0.0205985
0.00308566
-0.00913786
-0.00974095
-0.0125173
-0.000999708
-0.0210999
0.00739954
0.00904463
0.00158328
0.0196656
0.00149092
0.018388
0.0158177
0.00125165
0.0100259
0.0156224
-0.000986196
0.0257647
0.00955493
0.0129893
0.0172846
0.00357544
0.00747087
0.022173
-0.0019662
0.0258259
0.023312
0.00732198
0.0183796
0.0105052
0.00135418
0.0281499
0.010695
0.0208957
0.0312059
0.00339563
0.0190522
0.021558
-0.0020961
0.0369948
0.0282535
0.00778012
0.0356267
0.0037868
0.0196906
0.0379251
0.012445
0.0463322
0.0498312
-0.00986758
0.0445033
0.0161177
0.0179817
0.0648695
0.0546051
0.0142375
0.113416
0.000219924
0.063383
0.0840369
0.0459977
0.0690698
0.116134
-0.134439
0.628186
0.607828
0.24953
