0.277667
-0.307257
-0.203031
0.0152869
-0.0411155
-0.111226
0.023494
-0.0829527
-0.112901
-0.0598653
-0.0847921
-0.0204685
-0.0644676
0.00749837
0.0061029
-0.0556
-0.0138747
-0.0431763
-0.0639251
-0.0131163
-0.0506588
0.00148109
-0.0210144
-0.00954618
0.00196607
-0.0363166
-0.0204763
-0.018401
-0.0496341
0.00159446
-0.0244559
0.00207039
-0.00868466
-0.013797
-0.00218551
-0.0218889
-0.0293389
-0.00402354
-0.033578
0.00409044
-0.01062
-0.00408709
-0.00583178
-0.0167448
-0.0126963
-0.0125188
-0.0297052
0.00412769
-0.0225199
0.00450931
-0.0029884
-0.00612862
-0.00480196
-0.0124732
-0.0162453
-0.00463377
-0.0247935
0.00864279
-0.010921
-0.000352559
0.00763582
0.0132465
0.000392877
0.00440027
0.0137245
-0.00941156
0.0264354
0.00835554
0.0130273
0.0158437
0.00124242
0.0120199
0.00314885
-0.00359778
0.0275734
-0.00571389
0.0266621
0.0200344
0.00947613
0.0214409
0.00106965
0.00889446
0.0163256
-0.00607729
0.0368563
0.00446862
0.0241976
0.0326077
-0.00151172
0.0188223
0.00563714
0.00222676
0.0287499
-0.00990894
0.0488968
0.0250482
0.00841547
0.0449208
-0.00919722
0.0176109
0.0158111
0.00133302
0.0572595
0.00431018
0.0417157
0.0649875
-0.0139476
0.0781063
-0.022587
0.00765016
0.0712793
0.0200238
0.108675
0.135022
0.0194418
0.160949
-0.318342
0.471135
0.693696
0.236569
