0.252897
-0.220613
-0.213528
-0.0407896
0.00756053
-0.144304
-0.059124
-0.0482234
-0.0965593
-0.00978735
-0.0798322
-0.00582517
-0.0229069
-0.0584999
-0.0154211
-0.0348921
-0.0577225
0.000489996
-0.0491546
-0.00313192
-0.0146363
-0.0328233
-0.0167047
-0.0235243
-0.041241
0.00487521
-0.0326398
0.00224949
-0.0109528
-0.0208926
-0.0120682
-0.0157024
-0.0353978
0.00818088
-0.0298714
0.002029
-0.00793676
-0.0152204
-0.0125994
-0.00949109
-0.0269303
0.00598793
-0.026147
0.0049026
-0.00538691
-0.0124345
-0.0088043
-0.00890842
-0.0239256
0.00644981
-0.0229087
0.00672825
-0.00817553
-0.00960164
-0.00499278
-0.0084053
-0.0220861
0.00464478
-0.0201827
0.00525285
0.00110126
0.00771488
0.00878009
-0.00505273
0.0228056
0.00448126
0.0155881
0.0201975
0.00302654
0.0106362
0.0089983
-0.00341599
0.0263455
0.00595407
0.0159559
0.022475
-0.000779589
0.0124629
0.0138202
-0.00112507
0.0286399
0.00761782
0.0184961
0.027718
-0.00236129
0.0166436
0.0146861
-0.0014867
0.0369361
0.0106119
0.0257245
0.0355366
-0.00208815
0.0223809
0.00675457
-0.00514377
0.0504162
0.0206829
0.0273824
0.0531229
-0.000336754
0.0356858
0.00143044
0.000640146
0.0740378
0.0261473
0.0352974
0.0956603
-0.0148652
0.0809274
0.0220861
0.00486602
0.140411
0.0475625
0.00704816
0.175949
-0.129673
0.547499
0.646995
0.087436
