0.224934
-0.301004
-0.201655
-0.015573
-0.058854
-0.105737
-0.0482158
-0.0247186
-0.113398
0.000505733
-0.0451419
-0.0406257
-0.0358952
-0.0235512
-0.043396
-0.0177478
-0.0506189
0.00425707
-0.0427743
-0.009366
-0.0132365
-0.0274073
-0.037948
0.000685178
-0.0428199
0.00234033
-0.0178286
-0.0110748
-0.0234976
-0.00713191
-0.0281738
-0.00113351
-0.0272516
0.00350444
-0.0189212
-0.00916933
-0.0121777
-0.0082556
-0.0292567
0.00684766
0.0115924
0.00263065
0.0237782
0.0200022
0.00914564
0.0260472
0.00672153
0.017148
0.0102523
0.0129585
0.0279434
0.0191855
0.0144514
0.0397642
-0.00242146
0.0172984
0.0272082
0.00844357
0.0331811
0.0470205
0.00705112
0.0511609
0.0131006
0.0196995
0.0221594
0.0236817
0.0539162
0.0661656
-0.00421924
0.105491
0.00725218
0.024261
0.0980483
0.0742951
0.0346778
0.105892
-0.227475
0.505571
0.659884
0.344599
