0.248156
-0.288405
-0.196869
-0.0289112
-0.0386271
-0.178239
-0.035928
-0.0639514
-0.148829
-0.0234249
-0.0477346
-0.0383844
-0.0287115
-0.0348218
-0.00781198
-0.0553538
-0.0608846
0.00871622
-0.0457849
-0.021115
0.00918563
-0.0362221
-0.029391
-0.0166733
-0.0293562
-0.00582712
-0.0376763
0.00231358
-0.0068059
-0.0320968
-0.0115008
-0.0100343
-0.0406565
0.00385853
-0.0173894
-0.00716242
-0.00992834
-0.0146014
-0.00780537
-0.0164974
0.0258573
-0.00742747
0.0234461
0.023546
0.00680338
0.0174318
0.00710859
0.00465333
0.0207413
-0.00119379
0.0358125
0.0252421
0.00274222
0.0349775
0.0104661
-0.00376476
0.0432028
0.00875675
0.029205
0.03357
0.0174611
0.0447788
0.00773643
0.0121639
0.0531196
-0.0133849
0.0534744
0.0771893
-0.0309018
0.0379478
0.0237724
0.0194857
0.0644101
0.0431271
0.102789
0.0680342
-0.310086
0.520002
0.600746
0.401267
