0.277667
-0.307257
-0.203031
0.0152869
-0.0411155
-0.111226
0.023494
-0.0829527
-0.112901
-0.0598653
-0.0847921
-0.0204685
-0.0644676
0.00749837
0.0061029
-0.0556
-0.0138747
-0.0431763
-0.0639251
-0.0131163
-0.0506588
0.00148109
-0.0210144
-0.00954618
0.00196607
-0.0363166
-0.0204763
-0.018401
-0.0496341
0.00159446
-0.0244559
0.00207039
-0.00868466
-0.013797
-0.00218551
-0.0218889
-0.0293389
-0.00402354
-0.033578
0.00409044
0.00106965
0.00889446
0.0163256
-0.00607729
0.0368563
0.00446862
0.0241976
0.0326077
-0.00151172
0.0188223
0.00563714
0.00222676
0.0287499
-0.00990894
0.0488968
0.0250482
0.00841547
0.0449208
-0.00919722
0.0176109
0.0158111
0.00133302
0.0572595
0.00431018
0.0417157
0.0649875
-0.0139476
0.0781063
-0.022587
0.00765016
0.0712793
0.0200238
0.108675
0.135022
0.0194418
0.160949
-0.318342
0.471135
0.693696
0.236569
