0
1.82067e-008
1.44213e-008
2.07456e-009
4.10561e-008
-1.07404e-008
3.31427e-008
-1.22681e-008
1.61959e-008
-5.92832e-009
5.89626e-009
-1.29451e-009
2.46301e-009
-1.6689e-009
5.01405e-009
-1.88704e-009
6.43649e-009
-3.25834e-009
5.37731e-009
-2.89627e-009
5.41659e-009
-2.46439e-009
3.76777e-009
-2.41216e-009
2.50418e-009
-2.52427e-009
2.90463e-009
-2.21888e-009
3.05077e-009
-2.56505e-009
2.49665e-009
-1.7323e-009
2.08388e-009
-1.97495e-009
2.15193e-009
-1.95706e-009
1.92727e-009
-1.92146e-009
1.69294e-009
-1.97002e-009
1.77593e-009
-1.70775e-009
1.74772e-009
-1.7951e-009
1.0988e-009
-1.9293e-009
1.21284e-009
-1.57412e-009
1.23676e-009
-1.27599e-009
1.15777e-009
-1.39231e-009
1.20672e-009
-1.6826e-009
1.03628e-009
-1.99858e-009
1.14302e-009
-1.24169e-009
6.34388e-010
-1.45951e-009
8.51656e-010
-1.21515e-009
9.10694e-010
-1.55663e-009
7.36353e-010
-1.63669e-009
6.09429e-010
-1.27953e-009
5.79132e-010
-1.53926e-009
7.71188e-010
-1.02397e-009
1.33027e-010
-1.3103e-009
6.71589e-010
-1.22292e-009
6.04351e-010
-1.47436e-009
3.62208e-010
-1.32537e-009
5.30147e-010
-1.08871e-009
-5.52172e-012
-1.24214e-009
5.02775e-010
-1.01778e-009
4.83088e-010
-1.17372e-009
2.33446e-010
-1.43452e-009
3.11657e-010
-1.4375e-009
2.07613e-010
-9.42104e-010
-1.04092e-011
-9.84225e-010
1.54621e-010
-1.20418e-009
3.48135e-010
-1.04058e-009
-1.20782e-010
-1.22411e-009
8.91062e-011
-1.15434e-009
1.76719e-010
-8.30431e-010
1.30153e-010
-1.25886e-009
-5.98428e-011
-8.6466e-010
-1.83811e-010
-1.05587e-009
1.3641e-010
-1.2305e-009
2.5222e-012
-7.80814e-010
4.379e-011
-1.15664e-009
-8.89662e-011
-1.02618e-009
-1.50567e-010
-1.11649e-009
-1.04001e-010
-9.30653e-010
-2.87252e-010
-1.00591e-009
-1.76995e-010
-9.09936e-010
-1.60574e-010
-8.30085e-010
-2.51226e-010
-9.25816e-010
-2.10363e-010
-8.60366e-010
-1.84109e-010
-9.19545e-010
-2.07716e-010
-8.27015e-010
-1.85537e-010
-1.08025e-009
-1.15309e-010
-1.0189e-009
-1.54883e-010
-1.01171e-009
-5.64454e-010
-7.99739e-010
-5.93505e-010
-9.51732e-010
-3.46083e-010
-6.77475e-010
-3.52919e-010
-7.46632e-010
-3.33695e-010
-8.16209e-010
-4.38371e-010
-6.2063e-010
-3.30122e-010
-1.08743e-009
-3.1831e-010
-7.9522e-010
-3.9761e-010
-9.07415e-010
-4.42864e-010
-7.63365e-010
-5.6541e-010
-7.85405e-010
-5.31578e-010
-7.87396e-010
-5.67613e-010
-8.11691e-010
-5.13827e-010
-7.13292e-010
-5.02478e-010
-6.41574e-010
-6.26509e-010
-8.68277e-010
-6.30523e-010
-6.14883e-010
-4.9238e-010
-7.46535e-010
-5.84853e-010
-6.70897e-010
-7.09851e-010
-7.90912e-010
-6.35137e-010
-6.34628e-010
-6.26113e-010
-6.67678e-010
-6.91847e-010
-5.62977e-010
-7.12127e-010
-6.64861e-010
-5.43065e-010
-8.22529e-010
-6.81787e-010
-7.43882e-010
-8.65716e-010
-7.80449e-010
-8.7116e-010
-2.83104e-010
-8.48168e-010
-6.6465e-010
-8.43395e-010
-6.17899e-010
-8.67075e-010
-4.36202e-010
-8.04886e-010
-4.67958e-010
-7.63498e-010
-6.12577e-010
-7.45624e-010
-6.29335e-010
-9.67999e-010
-6.28888e-010
-8.4192e-010
-6.52785e-010
-9.47745e-010
-2.71892e-010
-1.09764e-009
-6.70497e-010
-1.04299e-009
-5.02522e-010
-1.03006e-009
-3.88073e-010
-8.93242e-010
-6.13284e-010
-1.40517e-009
-1.00426e-010
-9.47777e-010
-2.7265e-010
-1.01694e-009
-6.69688e-010
-1.36196e-009
-2.93749e-010
-7.4834e-010
-5.09502e-010
-1.19625e-009
-3.31129e-010
-1.32124e-009
-3.9761e-010
-1.4579e-009
-2.23323e-010
-1.37629e-009
-8.28498e-011
-1.07696e-009
-7.04606e-010
-1.20566e-009
-1.31105e-010
-1.57189e-009
-3.13336e-010
-1.71247e-009
1.18207e-010
-1.32365e-009
-2.63681e-011
-1.66893e-009
-3.14525e-010
-1.29181e-009
-1.44485e-010
-1.36794e-009
-3.53007e-010
-1.79515e-009
1.50998e-010
-1.73707e-009
2.24993e-011
-1.96539e-009
1.35781e-010
-1.77884e-009
-1.09883e-010
-2.03897e-009
5.65509e-011
-1.66731e-009
3.84635e-010
-1.66258e-009
4.20372e-010
-2.26413e-009
1.03047e-010
-2.48363e-009
1.12385e-010
-2.2634e-009
9.84272e-011
-1.83748e-009
3.58667e-010
-2.54524e-009
8.59564e-010
-2.8991e-009
9.70633e-010
-3.18067e-009
1.24909e-009
-3.26704e-009
6.0358e-010
-2.5521e-009
1.03261e-009
-2.18014e-009
1.11369e-009
-2.81988e-009
1.82391e-009
-4.05317e-009
1.64514e-009
-4.22732e-009
8.24594e-010
-4.1996e-009
1.62249e-009
-4.96755e-009
2.23917e-009
-3.92353e-009
2.30469e-009
-4.71407e-009
7.37397e-009
-1.07548e-008
6.42552e-009
-1.25884e-008
1.54605e-008
-9.00707e-009
1.16389e-008
5.95182e-009
-2.23051e-008
1.92066e-008
2.52959e-007
-3.64248e-009
