-9.17128e-012
1.23117e-012
1.84589e-012
7.99878e-013
1.35588e-012
1.08516e-012
-1.89935e-013
-1.22908e-013
-4.15321e-013
-3.14017e-013
3.06642e-013
1.0443e-013
2.9422e-013
2.8635e-013
-2.23975e-013
-1.83254e-013
-4.75735e-014
-7.27575e-014
1.93291e-013
2.45615e-013
6.80356e-014
5.07279e-014
-2.0357e-013
-2.03986e-013
1.43866e-014
3.68364e-014
1.83346e-013
2.0072e-013
-4.00655e-014
-6.71447e-014
-1.4799e-013
-1.28858e-013
6.8998e-014
1.04072e-013
1.12154e-013
1.14493e-013
-9.99054e-014
-9.66707e-014
-7.37742e-014
-3.39485e-014
-1.64478e-012
3.95258e-012
1.65566e-012
1.53414e-012
7.169e-013
-4.13814e-013
-3.25621e-013
-1.52129e-013
-5.69127e-014
6.07067e-013
5.38379e-013
1.88066e-014
4.69378e-014
-3.20416e-013
-3.03231e-013
9.87967e-014
1.45622e-013
3.5076e-013
2.59889e-013
-1.24775e-013
-1.24238e-013
-1.99865e-013
-1.64311e-013
2.1553e-013
2.06349e-013
1.49531e-013
1.09262e-013
-1.6009e-013
-1.62622e-013
-4.9204e-014
-4.76599e-014
1.89133e-013
1.79555e-013
2.8085e-015
-1.05476e-014
-1.46579e-013
-1.41114e-013
5.52808e-014
5.89714e-014
1.61445e-013
