2.45585e-007
5.74288e-008
3.96701e-008
4.03005e-010
-1.76559e-008
2.73636e-008
1.80123e-008
6.06541e-009
-1.43943e-008
-1.07929e-008
-4.64668e-009
-1.46356e-008
9.36527e-009
-6.64266e-009
1.00345e-008
1.06745e-009
7.1795e-009
1.15969e-008
2.00928e-008
5.5587e-009
3.7692e-009
3.53539e-010
-3.4171e-009
-4.12545e-009
3.08425e-009
2.13408e-009
-9.11834e-009
1.78159e-009
8.17601e-009
4.29296e-009
-3.8786e-010
-4.19522e-009
6.17267e-009
-4.07868e-009
3.1916e-010
5.42706e-009
8.00637e-010
-1.57602e-009
-3.69462e-011
-1.44648e-009
2.4015e-006
-9.66084e-007
4.81124e-008
-7.96272e-009
5.85934e-008
-8.88309e-008
-2.22534e-009
-2.54806e-008
1.22217e-008
4.97189e-008
4.82479e-009
-1.2127e-008
1.11457e-008
9.54621e-009
1.41942e-008
6.03729e-009
4.48517e-009
4.43482e-009
6.57354e-009
3.93261e-009
2.75287e-009
7.89248e-009
7.71571e-009
-1.53636e-008
5.83725e-009
-2.41147e-009
-4.83894e-010
-2.64916e-009
1.27109e-009
2.01972e-009
-7.60182e-009
8.52754e-009
2.98776e-009
-4.31561e-009
-2.67497e-009
1.54225e-009
6.25502e-009
4.06727e-009
2.89054e-009
1.35147e-009
