1.08036e-010
4.24037e-012
-4.23943e-012
-2.60607e-012
3.78214e-012
-1.21891e-012
6.518e-013
-2.12046e-012
2.05981e-012
4.70555e-013
8.40436e-014
-1.13064e-012
4.68165e-013
-5.46097e-013
4.71408e-013
-5.43519e-013
8.79548e-013
2.08355e-013
-1.05411e-013
-7.71594e-013
3.12667e-013
-2.79774e-013
4.37336e-013
-5.37899e-013
3.69155e-013
4.69034e-013
2.15154e-013
-4.65263e-014
1.88584e-013
4.02977e-013
-2.1015e-013
-5.37995e-013
5.79725e-013
-4.57618e-014
2.22384e-013
2.42691e-014
4.91107e-014
3.41685e-013
-2.35153e-013
-2.17101e-013
2.85535e-011
-2.98417e-011
3.5661e-012
-3.46052e-012
-9.74906e-014
-3.02264e-012
1.44921e-012
-1.98962e-012
1.88794e-012
-8.91061e-013
3.32503e-013
-7.79985e-013
5.77695e-013
-9.94982e-013
4.49701e-013
-3.78077e-013
3.94902e-013
-4.84683e-013
-9.93857e-014
-2.45491e-013
5.58561e-013
-2.06948e-013
1.03847e-013
-4.36314e-013
-3.15094e-013
-2.22805e-013
-4.34263e-013
3.08353e-013
2.69259e-013
-1.72682e-013
5.11037e-013
-1.50735e-013
-5.38776e-014
-1.30314e-013
1.12017e-013
-3.62533e-014
-1.17068e-013
6.51393e-013
1.02709e-013
1.19053e-014
