7.88015e-012
1.02102e-011
-4.71172e-012
5.3955e-012
-2.71569e-012
3.71081e-012
-1.54128e-012
3.01914e-012
-7.99884e-013
2.83165e-012
-6.44193e-013
2.43253e-012
-8.08741e-013
1.97006e-012
-6.11095e-013
1.73697e-012
-5.36644e-013
1.49972e-012
-4.57884e-013
1.36243e-012
-3.37644e-013
1.30227e-012
-3.1562e-013
1.14585e-012
-1.5747e-013
1.20764e-012
-2.49545e-013
1.03116e-012
-2.47246e-013
9.43733e-013
-8.90125e-014
8.93052e-013
-1.95756e-013
9.03193e-013
-1.18557e-013
8.14581e-013
-1.48922e-013
8.37578e-013
-1.05134e-013
7.6443e-013
-6.14131e-012
-2.65166e-011
5.87635e-012
-9.45505e-012
3.43724e-012
-4.61025e-012
2.19848e-012
-3.25974e-012
1.63136e-012
-2.95671e-012
1.56235e-012
-2.36559e-012
1.56565e-012
-1.9283e-012
1.09392e-012
-1.70384e-012
8.72449e-013
-1.43335e-012
8.54548e-013
-1.25088e-012
8.73226e-013
-1.06e-012
9.03581e-013
-9.57554e-013
6.85653e-013
-1.06362e-012
7.05722e-013
-9.00988e-013
6.98842e-013
-8.65909e-013
5.76338e-013
-7.46442e-013
6.85261e-013
-7.11184e-013
5.62334e-013
-6.95462e-013
5.57762e-013
-7.3891e-013
5.3766e-013
-6.05544e-013
