1.68271e-011
5.11209e-011
-4.70506e-011
2.0474e-011
-1.92148e-011
2.0052e-011
-9.82719e-012
1.71151e-011
-9.14754e-012
1.24734e-011
-8.70463e-012
1.08038e-011
-5.33441e-012
1.13655e-011
-5.32253e-012
9.35981e-012
-4.72131e-012
8.8889e-012
-4.48824e-012
8.27724e-012
-3.30453e-012
8.71606e-012
-2.79343e-012
6.83232e-012
-2.55256e-012
6.78793e-012
-1.76872e-012
6.86187e-012
-1.52529e-012
6.04192e-012
-1.1868e-012
5.66519e-012
-4.56348e-013
5.29092e-012
-1.47289e-012
5.56609e-012
-9.34908e-013
4.77055e-012
-7.23839e-013
5.20866e-012
-3.35998e-011
-1.47915e-010
4.79406e-011
-4.69024e-011
2.95355e-011
-2.34694e-011
1.86619e-011
-1.31989e-011
1.49308e-011
-1.17648e-011
1.50402e-011
-1.07654e-011
1.2517e-011
-8.29632e-012
1.10018e-011
-5.67292e-012
8.7569e-012
-6.3094e-012
8.67181e-012
-5.68264e-012
8.18461e-012
-5.29965e-012
7.61808e-012
-3.56254e-012
7.15303e-012
-4.16388e-012
6.68251e-012
-3.45306e-012
6.96821e-012
-2.74139e-012
6.81838e-012
-2.56821e-012
5.70192e-012
-2.05156e-012
5.94098e-012
-2.03213e-012
4.9767e-012
-1.43449e-012
5.21868e-012
-1.72611e-012
