-2.68113e-010
1.24991e-011
-8.91137e-011
-6.21711e-012
-7.5474e-012
1.70244e-011
-2.16473e-011
-7.16914e-013
-2.23282e-011
1.37328e-011
-2.65965e-013
1.6095e-011
-1.62186e-011
3.15888e-012
-1.37552e-011
1.11415e-011
-6.60874e-012
7.73561e-012
-1.55101e-011
-1.35667e-012
-6.87252e-012
8.10131e-012
-4.60256e-012
4.65331e-012
-8.97149e-012
2.94006e-012
8.87166e-014
1.10032e-011
-4.6414e-012
4.51936e-012
-8.22192e-012
5.81141e-012
-1.30252e-012
7.48202e-012
-7.74316e-012
6.66675e-014
-4.62483e-012
4.57176e-012
1.66515e-013
4.77177e-012
1.2047e-010
-7.61351e-012
-1.80596e-011
-1.11629e-011
4.52035e-011
3.38354e-011
4.30855e-011
-1.60231e-011
1.20202e-011
1.64373e-012
3.21015e-011
5.31062e-013
1.64255e-011
-1.72174e-011
3.24907e-012
-5.82498e-013
1.4784e-011
-1.06382e-013
3.4927e-012
-5.77518e-012
6.03931e-012
9.56259e-012
1.65451e-011
1.67521e-012
6.1055e-012
-2.23865e-012
1.05002e-011
5.4236e-012
1.11444e-011
-5.19346e-012
4.13559e-013
-1.19645e-012
7.16347e-012
4.978e-012
4.48892e-012
-1.48858e-012
1.27197e-012
4.87768e-012
9.58111e-012
4.6274e-012
