0
-8.29107e-011
3.01813e-011
-3.26861e-011
-2.76263e-011
-7.40751e-012
-7.30927e-012
5.9071e-012
-9.10847e-012
6.79004e-012
5.25799e-012
-9.73326e-012
1.12678e-012
-9.521e-012
1.76372e-012
-8.90621e-012
-4.39884e-012
1.98497e-012
-7.65469e-012
2.45596e-012
-2.97787e-012
1.46598e-012
-9.16056e-013
-2.09998e-012
4.29065e-012
-5.46769e-012
1.07062e-013
-1.54021e-012
-2.73859e-012
-1.57441e-012
-4.86386e-012
1.97685e-012
-2.97228e-012
1.41305e-013
1.76441e-012
-5.82704e-013
5.41788e-013
-1.24037e-012
4.73812e-013
-2.80202e-012
-3.37493e-012
2.82829e-013
-2.4533e-012
-3.6414e-014
-7.52014e-013
1.51071e-012
-2.43489e-013
-6.00184e-013
7.7298e-013
-1.45855e-012
-1.70759e-012
-1.12099e-012
-8.26741e-013
-6.69635e-013
-1.7448e-012
1.70657e-012
-6.38891e-013
-4.63151e-014
-3.94372e-013
-1.21356e-013
-8.67411e-013
-1.27398e-012
1.08041e-013
-3.26934e-013
-1.4496e-012
8.58874e-013
-9.54741e-013
5.50781e-014
-1.25467e-012
1.97553e-013
-1.87763e-013
-1.29148e-012
3.48521e-013
1.50711e-013
-1.35295e-012
2.39535e-013
-9.40367e-013
4.65268e-013
-1.66764e-012
5.1579e-013
4.01377e-013
-7.25056e-013
1.3441e-013
7.66834e-014
-3.91044e-013
-4.61734e-013
-1.1024e-012
3.15776e-013
-2.27746e-012
6.4649e-013
-1.36896e-014
4.25746e-013
1.06025e-013
3.29459e-013
4.86576e-013
-1.34397e-012
-8.56663e-013
-1.41839e-013
-1.59762e-012
3.00172e-013
-6.23086e-013
1.5118e-012
-8.04413e-013
9.90082e-013
7.72905e-013
-7.59844e-013
-2.94773e-013
-8.2414e-013
-3.9673e-013
-8.21588e-013
-1.08996e-012
1.43529e-012
-1.51204e-012
1.2561e-012
-3.3497e-013
7.49539e-013
1.04762e-013
-4.40612e-013
1.12413e-012
-1.15284e-012
-3.44363e-013
2.28807e-013
-1.47229e-012
3.73517e-013
-1.64371e-012
1.6528e-012
-8.29272e-013
8.79054e-013
1.3921e-012
-1.03816e-013
5.21446e-013
-4.87006e-013
2.5331e-014
-9.80547e-013
-1.90822e-012
1.06054e-012
-1.38619e-012
1.15838e-012
-1.26241e-013
1.7737e-012
3.85587e-013
1.79896e-014
1.01785e-012
-1.21678e-012
-6.53139e-013
-4.19191e-013
-5.1506e-013
4.8982e-013
-1.37579e-012
2.41424e-012
-7.10985e-013
1.00533e-012
4.63654e-013
6.2745e-014
3.54861e-013
-8.10241e-013
7.88901e-013
-2.79278e-013
-1.25123e-012
1.17369e-012
-1.2147e-012
1.12398e-012
-8.9926e-013
1.42634e-012
4.25866e-013
-2.15155e-013
1.41899e-012
3.09011e-014
-2.81614e-013
1.49185e-013
-6.84396e-013
3.0167e-013
-1.84422e-012
1.46173e-012
7.41583e-014
9.17274e-013
7.8571e-013
1.29581e-012
4.32902e-013
-5.73013e-013
8.31279e-014
-1.33455e-013
-1.41186e-012
6.54681e-013
-1.96785e-013
1.1354e-012
-4.91196e-013
1.97671e-012
6.76411e-013
-3.49606e-013
1.49798e-013
2.27528e-013
-2.3726e-013
2.54681e-014
3.49629e-013
1.48805e-012
-9.31428e-013
1.75362e-012
8.18263e-014
4.76469e-014
-1.09392e-013
5.5429e-013
6.61128e-013
-4.65704e-013
4.72746e-013
1.7569e-012
-1.29715e-012
1.25939e-012
-1.45273e-013
1.03441e-012
-1.22948e-013
5.88781e-013
2.20532e-012
-5.42617e-013
5.64338e-013
1.53877e-012
-1.07804e-012
6.6194e-013
-1.12253e-012
2.16112e-012
-6.39655e-013
1.41521e-012
3.0381e-012
5.21235e-013
1.45755e-012
2.03562e-013
1.56717e-013
-1.42163e-012
-2.20803e-012
3.02635e-012
-1.02094e-012
2.84335e-012
2.43761e-012
3.9947e-012
1.68789e-012
-4.64238e-013
3.754e-012
-3.54532e-012
-9.7964e-013
4.2444e-013
-8.70403e-013
2.71523e-012
-2.37394e-012
8.83158e-012
7.00426e-013
2.77709e-012
6.5819e-012
-9.64457e-013
4.298e-012
-5.55156e-012
6.10655e-012
-1.54796e-012
-5.16579e-012
1.19299e-011
-7.31317e-012
9.54284e-012
-1.76096e-012
8.49108e-012
1.73953e-011
-2.12725e-011
3.83759e-011
-9.05576e-012
-1.78846e-012
-3.50987e-011
-1.56301e-011
