0
-9.24679e-012
-5.76715e-012
1.10025e-012
9.67208e-013
1.2098e-012
2.45056e-012
2.35716e-013
9.29875e-014
-4.94408e-014
3.40385e-013
-8.59392e-014
4.56511e-013
-7.14438e-014
3.36564e-013
1.09557e-014
1.71349e-013
-3.58013e-014
6.47667e-014
2.72669e-014
1.47002e-013
-3.33763e-014
1.55722e-013
-1.82393e-016
1.02905e-013
-3.79357e-014
1.19924e-013
-4.00567e-014
1.43806e-013
-1.00873e-014
1.02425e-013
-1.89167e-014
6.94878e-014
-3.00913e-014
7.40166e-014
-3.69384e-014
1.25464e-013
-3.44249e-014
7.13232e-014
-1.88764e-014
6.67649e-014
-1.37927e-014
6.31618e-014
-2.69345e-014
4.94532e-014
1.94503e-015
5.84604e-014
-1.36109e-014
5.59719e-014
-3.58942e-014
4.17462e-014
-1.63532e-014
4.7008e-014
-2.43528e-014
6.85396e-014
-3.37999e-014
3.59705e-014
-5.10459e-014
4.58499e-014
-2.65818e-014
2.80246e-014
-1.83981e-014
2.71315e-014
-1.54987e-014
2.66678e-014
-2.88665e-014
4.3602e-014
-1.85856e-014
5.01012e-014
-2.69675e-014
3.5487e-014
-2.62138e-014
4.42707e-014
-2.71168e-014
3.76099e-014
-3.53271e-014
2.77151e-014
-3.25156e-014
1.17577e-014
-1.2217e-014
2.32762e-014
-1.52016e-014
1.14219e-014
-1.7862e-014
3.29557e-014
-3.33932e-014
2.16554e-014
-3.09496e-014
2.66712e-014
-3.34369e-014
2.56155e-014
-2.04207e-014
2.95517e-014
-2.47109e-014
1.76304e-014
-4.14862e-014
2.96776e-015
-2.61965e-014
3.19443e-014
-3.48799e-014
2.06996e-014
-2.69891e-014
1.19835e-014
-1.58088e-014
2.94118e-014
-2.29533e-014
2.04019e-014
-2.39465e-014
2.80745e-014
-1.72979e-014
1.17375e-014
-2.04509e-014
1.46318e-014
-3.49214e-014
2.27284e-014
-3.05951e-014
8.18419e-015
-2.8003e-014
1.77625e-015
-2.25687e-014
2.57343e-014
-1.32389e-014
9.31154e-015
-3.14427e-014
2.01579e-014
-1.57797e-014
8.41062e-015
-2.61284e-014
1.46451e-014
-2.08158e-014
2.15602e-014
-1.94479e-014
3.17613e-015
-9.69669e-015
5.03484e-015
-2.18508e-014
-4.78911e-015
-3.93882e-014
1.19085e-014
-2.6361e-014
-3.35421e-015
-2.97658e-014
7.77059e-015
-3.25844e-014
3.18854e-015
-1.90885e-014
6.22223e-015
-2.24491e-014
1.85805e-014
-2.49566e-014
3.88927e-016
-2.17859e-014
1.11838e-014
-2.66864e-014
2.76397e-015
-3.56714e-014
4.31791e-015
-2.76409e-014
9.98141e-015
-2.29932e-014
2.093e-016
-2.33978e-014
2.24764e-015
-1.90958e-014
1.02055e-014
-2.4047e-014
-1.3283e-015
-2.36093e-014
7.63176e-015
-2.70456e-014
6.42616e-015
-2.74485e-014
-3.75134e-015
-1.11972e-014
8.61754e-015
-2.97449e-014
5.91764e-016
-2.41763e-014
9.29393e-016
-2.58644e-014
2.23028e-015
-2.14336e-014
-1.45701e-015
-2.3081e-014
-4.79352e-015
-1.89721e-014
2.45951e-015
-2.73801e-014
-1.90255e-015
-2.56307e-014
-3.12196e-016
-1.70597e-014
-7.70015e-015
-2.06106e-014
1.61356e-015
-2.94574e-014
4.18281e-016
-2.52351e-014
4.64605e-015
-1.90944e-014
-7.84194e-015
-2.53967e-014
-7.86756e-015
-2.30313e-014
6.39493e-016
-3.06505e-014
-2.65949e-015
-1.55116e-014
-1.55415e-014
-1.81624e-014
-3.11249e-015
-1.93774e-014
-7.05315e-015
-2.3868e-014
-2.69173e-015
-1.64287e-014
1.54833e-015
-3.4489e-014
-6.29042e-015
-2.89781e-014
-1.05836e-014
-1.74836e-014
-1.1539e-014
-2.72829e-014
-1.05908e-014
-1.91575e-014
-1.27593e-014
-2.27916e-014
-1.36944e-014
-2.44192e-014
-7.76359e-015
-1.67253e-014
5.91128e-016
-2.93567e-014
-1.31463e-014
-2.43597e-014
-1.85612e-015
-2.2199e-014
-5.23177e-015
-2.76774e-014
-1.73519e-014
-2.5805e-014
-2.55734e-014
-3.20242e-014
-6.3504e-015
-3.10961e-014
-1.42297e-015
-1.70237e-014
-1.849e-014
-1.0753e-014
6.59797e-015
-1.58616e-014
-1.20593e-014
-1.88116e-014
2.85717e-016
-2.11295e-014
-1.30179e-014
-2.25204e-014
-2.1834e-014
-1.34935e-014
-1.68899e-014
-3.63384e-014
-2.80578e-014
-9.01489e-015
-1.47225e-014
-1.53571e-014
-2.50765e-014
-2.3106e-014
-6.16564e-015
-2.25672e-014
-1.37001e-014
-2.94015e-014
-2.55829e-014
-1.91222e-014
-1.60549e-014
-1.73079e-014
-1.07412e-014
-1.61386e-014
-2.74041e-014
-1.32015e-014
-1.86786e-014
-2.03835e-014
-3.66645e-014
-3.03069e-014
-2.32833e-014
-3.11844e-014
-1.49768e-014
-2.30611e-014
-3.26112e-014
-2.58783e-014
-2.2047e-014
-1.10053e-014
-2.44201e-014
-2.25405e-014
-2.46793e-014
-2.52542e-014
-2.03718e-014
-1.41091e-014
-1.68932e-014
-3.29796e-014
-1.91878e-014
-2.71868e-014
-4.22301e-014
-1.85414e-014
-1.67627e-014
-9.67848e-015
-2.53041e-014
-2.11596e-014
-2.33436e-014
-1.38559e-014
-4.0103e-014
-1.03273e-014
-3.88839e-014
-1.69188e-014
-3.79811e-014
-1.77899e-014
-2.10021e-014
-1.36297e-014
-3.5599e-014
-2.8805e-014
-4.20822e-014
-2.0469e-014
-3.5133e-014
-2.11471e-014
-3.88694e-014
-1.72427e-014
-3.41078e-014
-3.36069e-014
-5.31566e-014
-3.69522e-015
-4.29447e-014
-1.30982e-015
-5.42213e-014
-1.19421e-014
-3.77259e-014
-1.72052e-014
-3.49252e-014
-1.27991e-014
-2.51778e-014
-1.62591e-014
-5.7552e-014
3.79396e-016
-6.28555e-014
2.68808e-016
-5.32671e-014
-3.30513e-014
-8.89988e-014
-1.10581e-015
-7.72205e-014
2.46372e-015
-8.37049e-014
-1.51941e-015
-6.83204e-014
1.37207e-014
-7.27356e-014
-2.44341e-015
-6.76203e-014
-3.10963e-014
-8.54078e-014
-3.12985e-014
-7.89649e-014
1.07048e-014
-1.07747e-013
-1.41418e-014
-1.23062e-013
2.07403e-014
-1.23394e-013
1.04402e-014
-1.17086e-013
7.39936e-014
-1.413e-013
3.06446e-014
-1.52774e-013
1.74215e-013
-1.51343e-013
1.06605e-013
-2.96827e-013
1.88835e-013
-2.49868e-014
3.07296e-014
-4.84313e-013
-7.52058e-013
8.51712e-013
4.80951e-012
9.05415e-013
