-2.96566e-011
-1.06378e-011
8.24561e-012
-1.90304e-012
1.19884e-012
-1.24526e-012
-7.93168e-013
-1.91672e-012
-2.78624e-012
-5.20785e-012
4.36529e-013
4.26822e-013
2.47417e-012
6.8369e-013
-2.59327e-012
-2.83983e-012
-1.0622e-012
-1.11827e-012
6.9375e-014
-5.04858e-013
-6.10356e-014
8.46159e-013
-7.73983e-013
-9.46793e-013
-2.04387e-012
-1.29602e-012
5.0884e-013
1.12566e-012
-5.54597e-014
1.03806e-013
-1.36249e-012
-4.05064e-013
-9.13528e-013
-4.41212e-013
-1.99468e-013
7.36751e-013
3.75496e-013
8.59085e-013
-1.33404e-012
-6.56777e-013
-8.47192e-012
6.05922e-011
-1.48988e-011
1.17575e-011
1.45394e-011
-4.37174e-012
-2.24969e-012
-9.0777e-012
-7.47907e-012
1.76595e-012
1.19609e-012
3.04736e-012
2.24844e-013
-1.54695e-012
-1.21092e-012
-1.54038e-012
-1.4396e-012
-1.5096e-012
-9.78838e-013
1.61235e-012
1.41528e-012
-9.45727e-013
-1.07888e-012
-2.188e-012
-1.30591e-012
4.85336e-013
1.0677e-013
1.96529e-013
8.81726e-013
-4.83025e-013
-1.33975e-013
-1.76338e-012
-1.62726e-012
-5.28438e-014
9.84183e-013
7.19259e-013
7.25257e-013
-1.30991e-012
-5.31021e-013
-5.65158e-013
