-0.0262324
0.0253511
0.062918
0.0360862
0.083239
0.0139867
0.0638065
0.00214221
0.0388302
-0.0206665
0.0254272
-0.0155202
0.0235969
-0.0135251
0.0159996
-0.0117205
0.0110549
-0.00656853
0.00757591
-0.00833995
0.00697608
-0.00745426
0.00591858
-0.00653038
0.00606251
-0.00350978
0.00584171
-0.00604306
0.00650915
-0.00531204
0.00550569
-0.00729804
0.00376958
-0.00427842
0.0044842
-0.00617582
0.00452015
-0.00535026
0.00179116
-0.0062914
0.00224363
-0.00412152
0.00195739
-0.00460522
0.00253909
-0.00400818
0.00153266
-0.00271774
-0.00030544
-0.00401843
0.00248178
-0.00309633
0.00355187
-0.00602308
0.00283626
-0.00276992
0.00081114
-0.00588158
0.000885177
-0.00434049
-0.000197156
-0.00551694
0.00152632
-0.00424404
1.26502e-005
-0.00514956
0.000745663
-0.00379427
-0.000343054
-0.00378864
0.000945852
-0.00604602
0.000875376
-0.00497874
0.00163447
-0.00522698
0.000296552
-0.00541374
0.0018462
-0.00633493
0.00387929
-0.00612561
0.00148233
-0.00484894
0.00265827
-0.00521826
0.0006989
-0.00606736
0.00442553
-0.00624561
0.00216418
-0.00645168
0.00395391
-0.0102512
0.00372647
-0.00946929
0.00774505
-0.00514663
0.00654859
-0.00686674
0.0110982
-0.00702303
0.00732606
-0.0122564
0.00652166
-0.0120248
0.0159664
-0.00284209
0.0213878
0.00611186
0.0318362
-0.0126466
0.00911611
0.0103154
-0.0210095
0.006284
-0.0872056
-0.032208
0.953774
0.299204
