0.0504953
0.0200504
0.158785
-0.0269906
0.134465
-0.0423922
0.0696829
-0.026163
0.0228414
-0.0109856
0.00471966
-0.00566296
0.0170407
-0.00332447
0.0238345
-0.010728
0.0233665
-0.00882195
0.020415
-0.0100806
0.0127701
-0.0110763
0.00927675
-0.00807914
0.0116429
-0.00643865
0.0117786
-0.00907042
0.0118668
-0.00898942
0.00706716
-0.00755711
0.00707158
-0.00667353
0.0068343
-0.00665189
0.00732816
-0.00642966
0.00788872
-0.00689252
-0.00225457
-0.0104509
0.000635419
-0.0107759
0.00271702
-0.00994306
0.00423062
-0.0103088
0.00474962
-0.00983171
0.000727031
-0.0118254
-0.000367754
-0.0102886
0.00167705
-0.0119161
0.00682199
-0.0130894
0.00604824
-0.0150471
0.00247256
-0.018456
0.00548369
-0.0199759
0.00379871
-0.0168345
0.00481508
-0.0208553
0.0323804
-0.0347455
0.0295201
-0.0471672
0.0569578
-0.0269823
0.0290599
0.0211051
-0.106677
0.049849
0.994889
0.0560179
