0.0220628
-0.000525155
0.176523
-0.000533213
0.134757
-0.0279393
0.066508
-0.011959
0.0247431
-0.0130356
0.0106339
-0.00351919
0.0256707
-0.00197635
0.0275515
-0.0051593
0.0270646
-0.00987745
0.0167628
-0.0126071
0.0165944
-0.00862881
0.00851467
-0.00410129
0.0134289
-0.00581581
0.013551
-0.0068946
0.0120377
-0.00905348
0.00986226
-0.0067208
0.00726617
-0.00617138
0.00957105
-0.00746172
0.00777615
-0.0048911
0.00880475
-0.00713198
0.00562767
-0.00849584
0.00575316
-0.00502076
0.0064772
-0.00481813
0.00484178
-0.00585491
0.0046597
-0.00499385
0.00670967
-0.00674286
0.00509104
-0.00551457
0.00465375
-0.00697192
0.00418399
-0.00502287
0.00273085
-0.00452655
-0.00132307
-0.00784222
-0.00160752
-0.00699902
-0.00241097
-0.00626038
-0.00300565
-0.00579297
-0.00304277
-0.00633995
-0.00201753
-0.00939298
-0.00178559
-0.0106084
-0.00300198
-0.00649524
-9.36015e-005
-0.00798898
-0.00243488
-0.00868858
-0.00267369
-0.0110297
0.000488574
-0.0114559
-0.00041396
-0.0103572
-0.00133908
-0.0083085
-0.000122573
-0.0102764
-1.69874e-005
-0.0121544
-0.00165177
-0.0150254
-0.000828374
-0.0153968
0.000310383
-0.013537
0.00704795
-0.0144941
0.0051365
-0.0140081
0.000286736
-0.0251031
-0.00206524
-0.0122527
-0.00424372
-0.0240081
0.01769
-0.0312214
0.0303628
-0.0485356
0.0311411
-0.0481658
0.0436498
0.0089581
-0.124584
0.0271603
0.991761
0.0713105
