-0.485878
0.158234
0.120298
0.147708
0.0409363
-0.0178545
-0.0590979
0.00425909
0.0559236
0.0353117
-0.0191144
-0.0303092
-0.00336345
0.00890421
0.0367872
0.0178381
-0.0299787
-0.0240326
0.00502876
0.0193391
0.0145095
0.00209329
-0.023086
-0.0155586
0.0141636
0.0221456
0.00389376
-0.00862896
-0.0156209
-0.00625441
0.0164027
0.0167294
-0.00679453
-0.0146813
-0.00770411
0.0040214
0.0151876
0.00812708
-0.0129056
-0.0127741
0.0106616
-0.00915009
-0.0158957
-0.00103024
0.0083716
0.0146662
0.00565694
-0.0168107
-0.0159992
0.00861051
0.0186163
0.00874942
-0.00620337
-0.0201212
-0.00970214
0.0216115
0.0260908
-0.00264596
-0.0201193
-0.0146384
0.00193719
0.0321427
0.026856
-0.020063
-0.0350031
-0.00166901
0.0240406
0.0381931
0.0194781
-0.0444912
-0.045037
0.0351189
0.0726764
0.0501149
0.0095278
-0.0696575
-0.0430054
0.165549
0.4149
0.018583
