-0.673188
0.166264
0.204831
0.128767
0.0812549
0.0218298
-0.062363
-0.039108
0.0256728
0.0345331
0.0246259
-0.00597652
-0.0275393
-0.0197284
0.0118546
0.0297433
0.0197536
0.00530239
-0.0255479
-0.0215811
0.00709866
0.0176358
0.0149066
0.00539394
-0.0155105
-0.0178005
0.00261762
0.0113958
0.0119226
0.00841579
-0.0138104
-0.0157594
0.000686839
0.00767624
0.0120335
0.00750658
-0.0125284
-0.013047
-0.000586121
0.00579327
0.0116966
0.00806687
-0.0095304
-0.0115534
-0.000920305
0.0062948
0.00932511
0.00701128
-0.0091144
-0.0112293
-0.00150048
0.00274763
0.0101403
0.00740571
-0.0078645
-0.00861532
-0.00254307
0.00272111
0.00943301
0.00630444
-0.00826392
0.0019159
0.00705358
0.00699944
0.00331677
-0.00966713
-0.0113313
0.00212379
0.0063242
0.00888277
0.00599856
-0.00907226
-0.0113
0.000902242
0.00689852
0.0114086
0.00654944
-0.0106243
-0.013028
-0.00159286
0.00634675
0.0133531
0.00910177
-0.0115199
-0.0164509
-0.000712534
0.00753973
0.0155419
0.0131906
-0.0129397
-0.0183315
-0.00190185
0.00844782
0.0215971
0.0145194
-0.0161351
-0.0208058
-0.00221369
0.00690788
0.0270636
0.0236204
-0.0154593
-0.0269051
-0.010691
0.00993234
0.038043
0.0347437
-0.0164066
-0.0360985
-0.0149648
0.00179955
0.0620361
0.0671298
-0.00533793
-0.041662
-0.021236
0.0524741
0.155088
0.431965
0.000708234
