-0.27935
0.0704884
0.0586094
0.185161
0.0869467
-0.0229948
0.0324229
0.000520533
0.0232762
-0.00867226
0.0409311
0.00164574
0.0239445
-0.0199726
0.0108917
-0.0162556
0.0101992
-0.0180042
-0.00273578
-0.00985128
-0.00722788
-0.0084919
-0.00254353
-0.00169865
-0.00767617
0.0010347
-0.010394
0.005127
-0.00459033
0.00314361
0.000656771
0.00851054
0.00215164
0.00262621
0.00440401
0.00220709
0.0053466
0.00119651
0.00738755
-0.000998037
0.00475808
-0.00637087
0.00288287
-0.00382392
0.00101867
-0.00434002
0.000302007
-0.00437402
-0.00128471
-0.00413399
-0.00319674
-0.000611502
-0.00442086
0.000537414
-0.00260641
0.00202245
-0.00299312
0.00205608
-0.000683854
0.00345885
0.00134545
0.000378341
0.00285476
0.00222787
-0.000167343
0.00330494
-0.00211325
0.00399172
-0.00264825
0.00150961
-0.0031154
0.00181251
-0.00581167
0.000808504
-0.00277754
-0.00179318
-0.00346862
-0.00272638
-0.00220494
-0.00267277
-0.000417877
-0.0053793
0.00418154
-0.00382338
0.00237578
-0.00412066
0.00495299
-0.00174784
0.00171489
0.00256936
0.00524773
0.00538131
0.000729983
0.00598614
-0.001584
0.00777059
-0.00852011
0.0070474
-0.00765352
0.00613255
-0.0118962
0.00348427
-0.011069
-0.000981077
-0.0174098
-0.00340272
-0.00213655
-0.00976967
-0.0181013
-0.0118542
0.0148923
-0.00839297
-0.0198512
-0.0200524
0.0244981
-0.0176675
-0.0795794
0.00207852
0.387173
0.176098
