-0.158723
-0.0386479
-0.249646
0.103694
0.00997067
-0.00401063
0.00273279
0.00948054
0.00438967
-0.00268325
-0.00748722
0.015318
0.00347034
0.00346803
0.00112397
0.00943438
0.00128585
-0.00373513
0.00297807
0.000840257
0.00115602
0.000908429
-0.00260764
0.00558895
0.0014247
0.000356682
-0.00154067
0.00245341
0.00128284
-0.00282947
-0.00239546
0.00339107
-0.00136001
-0.00081997
-0.00381724
0.00148803
-0.00172789
-0.00284829
-0.00184795
0.000429085
0.000333962
-0.00306456
0.00305878
0.000407258
-0.00143784
-0.00116157
0.00339107
-0.000990252
-0.00273621
-0.00393478
-0.00026265
-0.00229854
-0.00352358
0.000838853
0.00399192
0.000838702
-0.00549716
-0.0024467
-0.0026208
0.00207657
-0.00692321
0.000784719
0.00691864
0.00460862
-0.00595985
-0.00396336
0.00832977
-0.00574701
-0.0223199
0.00240431
0.0215253
0.00877025
-0.0103324
-0.0055668
-0.0439009
-0.0514442
-0.186981
0.229439
0.613279
0.285204
