-0.424205
0.096127
0.0847814
0.123881
0.200787
-0.00449943
0.0177318
-0.0275406
0.0363542
-0.0275282
0.0362494
-0.0261633
0.0160941
-0.0187892
-0.00757137
-0.0173289
-0.01709
0.000609573
-0.0140577
0.00494657
-0.00620496
0.00834854
-0.00502634
0.00774496
0.00479679
0.00676521
0.0110258
0.00126826
0.00888942
-0.00570247
0.00708288
-0.0084537
0.00490665
-0.00488305
0.00294653
-0.00679295
-0.00267825
-0.00301224
-0.00605113
0.000854909
-0.00637208
0.00271791
-0.00333281
0.00511609
-0.00243994
0.00421529
0.00199736
0.000963104
0.00597063
-0.00150042
0.0046624
-0.00202144
0.00361829
-0.00565536
0.00241567
-0.00389404
0.000779855
-0.00404785
-0.00273591
-0.00173891
-0.00423498
0.00288813
-0.00396511
-0.000336301
-0.00557458
-0.00118047
-0.00301752
-0.00330072
-0.0014377
-0.00552878
0.00133875
-0.00519799
0.00258363
-0.00226679
0.00559183
0.00086373
0.00439397
0.00550148
0.000101384
0.0076086
-0.0019886
0.00397391
-0.00593341
0.00429501
-0.00718334
0.000202427
-0.00779434
-0.00405056
-0.00363906
-0.00635779
4.43772e-008
-0.00798614
0.00430818
-0.00828824
0.00641767
-0.00252797
0.00986
0.00527828
0.00449262
0.00935308
-0.0013449
0.0151816
-0.0122713
0.0151026
-0.0161387
0.0114804
-0.0257703
0.0002347
-0.0172078
-0.00575467
-0.0159724
-0.0302659
-0.00911529
-0.0145563
-0.00470967
-0.0586683
-0.0775202
0.04626
0.400356
0.0928188
