-0.366825
0.0785451
0.0915466
0.161035
0.150663
-0.0259171
0.0240702
-0.00923543
0.048765
-0.0293853
0.0296244
-0.00972503
0.0196539
-0.0257693
0.00244035
-0.0214853
-0.00252983
-0.0103852
-0.0168018
0.00111503
-0.0122327
0.000810718
-0.0054869
0.0104662
-7.38154e-005
0.00789327
-0.000714433
0.00694535
0.00655723
0.00106096
0.0103815
-0.0029645
0.00884435
-0.00657689
0.00330413
-0.00491553
0.00320043
-0.00802712
0.000417952
-0.00451606
-0.00301385
-0.00329089
-0.00604924
0.000225062
-0.00367084
0.00431205
-0.00350968
0.00285461
-0.000633686
0.00459768
0.000981376
0.00347816
0.00510735
0.000232245
0.00460152
-0.00173374
0.00348653
-0.00474503
0.00241913
-0.00291403
-0.004108
-0.0021616
-0.000464181
-0.00530379
4.21816e-005
-0.00385249
0.00331917
-0.00384104
0.00522473
-0.00147713
0.00462094
0.000267866
0.00335503
0.00398138
-0.000138268
0.00480084
-0.00293225
0.00463402
-0.00334433
0.00268408
-0.00620541
0.000765868
-0.00544918
-0.00238408
-0.0049905
-0.00566504
-0.00107258
-0.0063756
0.00242741
-0.00436495
0.00624302
-0.00689673
0.00768557
2.14112e-005
0.00934922
0.00230228
0.00021218
0.011403
0.000607527
0.0103761
-0.00853641
0.0115459
-0.0108085
0.0060212
-0.0250061
0.00573858
-0.00808627
-0.0110075
-0.0182414
-0.00486203
0.00922785
-0.0249197
-0.0290637
-0.0156029
0.0238406
-0.0469986
-0.0698111
0.0114936
0.350439
0.182166
