-0.203804
0.0544067
0.0500513
0.197498
0.0409711
-0.0123052
0.045936
0.00480589
0.0333103
0.000822704
0.0410583
0.000780486
0.00776143
-0.0129373
0.0213567
-0.0109685
0.012581
-0.0138695
0.00613986
-0.0150784
-0.00424621
-0.00578702
-0.00105789
-0.00436079
-0.00619171
-0.00172221
-0.00699552
0.000305043
-0.00347064
0.00506892
-0.00509671
0.00592575
-0.00229983
0.004228
0.000731224
0.00568004
0.00472612
0.00191521
0.000625559
0.000932801
0.000912964
-0.00177547
0.00389564
-0.00255434
0.00423068
0.00143827
0.00435109
0.000231697
0.00504683
0.00362395
-7.34408e-005
0.00585392
-3.10067e-005
0.00851626
-0.00547966
0.00719099
-0.00498957
0.00398969
-0.0131463
0.00559734
-0.0101418
-0.00158998
-0.0139293
0.001346
-0.0125208
-0.0110008
-0.00589146
-0.0038725
-0.0116532
-0.0211844
0.00833024
-0.0010094
-0.0124452
-0.0291737
0.037933
-0.0282621
-0.0753411
-0.011743
0.351731
0.258497
