0.0546768
-0.164365
-0.129373
0.104292
-0.114607
0.0299909
0.0213
5.5673e-006
-0.0236373
0.0122492
0.00105007
-0.0120141
-0.00547713
0.00425749
-0.0131061
-0.00429577
0.00373237
-0.00272649
-0.0119086
0.00854385
0.000806941
-0.00479382
0.00553664
0.00504469
-0.00309398
0.000147523
0.00572674
-0.00121114
-0.0045413
0.00412582
0.00323318
-0.00515068
0.000854176
0.00380697
-0.00320256
-0.000619442
0.00639299
-0.00246451
-0.00200125
0.00316513
-0.00187753
0.00231338
-0.000745211
-0.0062891
0.00152256
0.00318203
-0.00404229
-0.00149267
0.00555875
-0.00309584
-0.00261287
0.00628968
0.00476817
-0.00426588
0.00782362
0.00346782
-0.00400496
-0.00313633
0.0116194
-0.000198151
-0.0022225
0.00415246
0.000536103
-0.0128199
0.00467756
0.00631666
-0.0104336
-0.00495282
0.0114293
-0.0221697
-0.0385365
0.020623
0.00266264
-0.0161264
0.0301776
-0.0315086
-0.309347
0.0306802
0.475091
0.559057
