0.124705
0.234474
-0.189163
0.112555
-0.092509
0.0941809
-0.0531392
0.0846503
-0.0359953
0.0650396
-0.0351732
0.0516459
-0.0340644
0.0462498
-0.0213138
0.0454665
-0.0186874
0.03859
-0.0195009
0.0346618
-0.0149719
0.0351888
-0.0119282
0.0304244
-0.0106484
0.0313707
-0.00655295
0.0292854
-0.00647509
0.0247403
-0.00586447
0.0264171
-0.00462717
0.0240954
-0.00558312
0.0228227
-0.00216194
0.0197486
-0.00154284
0.0208046
-0.00646644
0.0232918
-0.00602492
0.0240543
-0.00952885
0.0248018
-0.0104156
0.0227036
-0.0129634
0.0267194
-0.0111179
0.0303567
-0.0151026
0.0297039
-0.0205321
0.0308723
-0.0161458
0.0308898
-0.0194543
0.0344774
-0.0257042
0.0389994
-0.029145
0.0376878
-0.0319478
0.0411988
-0.0351686
0.0558831
-0.0513222
0.0582818
-0.0693767
0.0603261
-0.0789153
0.0794558
-0.0990149
0.11787
-0.212061
0.205732
-0.697013
-0.121506
