0.198665
0.268079
-0.16911
0.118831
-0.102614
0.0899847
-0.0488463
0.074037
-0.0325488
0.0695752
-0.0326109
0.0569292
-0.0317138
0.0499361
-0.0248943
0.0434589
-0.0188309
0.0405586
-0.0162492
0.0387092
-0.012738
0.0350683
-0.0121996
0.0333267
-0.00884978
0.0304181
-0.00936997
0.0281664
-0.00796308
0.0277962
-0.00794097
0.0258076
-0.00492873
0.0239982
-0.0027913
0.0252734
-0.00309243
0.0243883
-0.00404348
0.0229048
-0.00295236
0.0223
-0.00145991
0.0219192
-0.000776559
0.0190815
-0.00104879
0.0211102
0.00103346
0.0193902
0.000132236
0.0171925
0.00147678
0.0168289
0.000813139
0.0154467
0.00107899
0.0164361
0.00288986
0.0168864
-0.00336798
0.0165429
-0.00211816
0.0171747
-0.00181458
0.0171904
-0.0035815
0.0177828
-0.00615921
0.018633
-0.00539202
0.0187019
-0.0079761
0.0200679
-0.00578944
0.0208447
-0.00813923
0.0191564
-0.0106721
0.0212715
-0.0101063
0.0218214
-0.0100504
0.0239398
-0.0107235
0.0239375
-0.0128716
0.0261964
-0.0124005
0.0261226
-0.0158267
0.0253534
-0.0145823
0.0293549
-0.0200468
0.0308727
-0.0228459
0.0349296
-0.0238797
0.0334076
-0.0238898
0.0409482
-0.0321482
0.0396287
-0.0378092
0.0427305
-0.0423663
0.0470124
-0.0478691
0.0667062
-0.0678973
0.0691594
-0.0819727
0.073054
-0.102291
0.111052
-0.202472
0.229943
-0.749941
-0.054262
