-0.705425
0.0981272
-0.0624656
-0.0910749
0.00941596
-0.0596966
-0.134168
0.0633921
-0.0663456
0.00680327
0.0269268
-0.0514866
-0.0427664
0.0193794
-0.0717458
0.0373061
0.00191875
-0.0276686
0.000322608
-0.0135177
-0.053715
0.0345672
-0.0214251
0.000966942
0.0114272
-0.0223104
-0.026231
0.0185845
-0.0347957
0.0190778
0.00516314
-0.016898
-0.00217011
-0.00129996
-0.0354462
0.0268749
-0.0096649
-0.00271932
0.00825892
-0.0125482
-0.0215581
0.0193354
-0.0227819
0.0131307
0.00619134
-0.0109707
-0.00386818
0.00433395
-0.0237784
0.0216566
-0.00316943
-0.00288345
0.00518533
-0.00762748
-0.0183151
0.0194184
-0.0144834
0.0100226
0.00702246
-0.00986462
0.000714564
0.0212927
-0.00637881
-0.00377316
0.0177685
-0.00539963
0.0148949
0.0229576
-0.00842381
0.0102327
0.00717221
-0.00970796
0.0234111
0.0130613
-0.00362135
0.0243534
-0.00717257
-0.00511082
0.0243243
-0.00255635
0.0140917
0.0319172
-0.016172
0.010973
0.0128283
-0.0126024
0.0306963
0.0246303
-0.0106035
0.032274
-0.00780989
-0.00811672
0.0339793
0.00545527
0.0119429
0.0501552
-0.0286729
0.00976252
0.0233021
-0.0142157
0.0409682
0.0520467
-0.0302141
0.0542062
-0.0169698
-0.0240917
0.0744902
0.0256695
-0.00442391
0.111371
-0.0803597
0.00796042
0.0565984
-0.0371756
0.125353
0.196217
-0.367549
0.302295
-0.0216714
-0.677738
