0.0374415
0.211738
-0.222274
0.0905262
-0.0794014
0.0952257
-0.0452333
0.0781553
-0.043539
0.0556738
-0.0360895
0.0536094
-0.0224678
0.0517757
-0.0267855
0.042924
-0.0208589
0.0392986
-0.0201443
0.0386917
-0.015968
0.0382575
-0.0171708
0.0320624
-0.0102494
0.0329213
-0.00987416
0.0313149
-0.0103914
0.0292433
-0.00692593
0.0293168
-0.00558989
0.0226466
-0.00525827
0.0238609
-0.00629501
0.0231504
-0.00300159
0.023152
-0.00533346
0.0216577
-0.00263242
0.0173043
-0.00305012
0.0181392
-0.00121305
0.0207201
-0.000906597
0.018008
-0.00132452
0.017727
6.70241e-005
0.0173988
-0.000312214
0.0136968
0.00230166
0.0168937
0.000623705
0.0148448
0.00164526
0.0171988
-0.00163565
0.0163057
0.000621524
0.0188785
-0.00212799
0.0170799
-0.00507468
0.0177363
-0.00258006
0.0188466
-0.00262446
0.0202869
-0.00369761
0.0205835
-0.00464744
0.0187439
-0.00789264
0.02253
-0.00795418
0.0214025
-0.00661298
0.0246058
-0.0109342
0.0243628
-0.009835
0.0263128
-0.0151088
0.027614
-0.01644
0.0300621
-0.0161724
0.0294824
-0.0191345
0.0298806
-0.0187301
0.0363806
-0.0243858
0.0350183
-0.0265681
0.0384075
-0.027557
0.0399229
-0.029431
0.0534977
-0.0400244
0.0574192
-0.0527634
0.0674726
-0.0530315
0.0713306
-0.0591289
0.0909366
-0.108789
0.134503
-0.216816
0.213024
-0.625825
-0.170887
