0.137622
-0.153562
-0.189947
0.0888866
-0.0698306
0.0273274
0.000727985
0.0216848
0.000153756
-0.00667019
0.0197345
-0.0139101
-0.0193058
0.0144856
0.000689363
-0.00380919
0.00297125
0.0093362
-0.002106
-0.00237288
0.0136626
-0.00272353
-0.00836489
0.00569103
0.0055697
-0.00916822
0.00111986
0.00716477
-0.00621674
-0.00264609
0.00494643
-0.000902177
-0.00760948
0.00557369
0.00343146
-0.00767822
-0.000382204
0.00363644
-0.00670668
-0.000130878
0.00468973
-0.00364592
-0.00665494
0.00594375
0.00159712
-0.00530037
0.0029177
0.00225387
-0.00575318
0.00128326
0.00417809
-0.00314859
-0.00341546
0.00299077
0.00169259
-0.00361202
0.00180768
0.000874553
-0.00274707
0.00110619
0.00170432
0.000479922
-0.00158305
7.48172e-005
0.000442317
-0.00476689
0.000886237
0.00352543
-0.00313031
-0.00249238
0.00564407
-0.000408862
-0.00364981
0.00291287
0.00123437
-0.00677797
0.0021571
0.00802419
-0.00741716
-0.00340555
0.00926649
-0.00189809
-0.00608537
0.00720744
-0.0003658
-0.00854574
0.00699667
0.00954057
-0.00906691
-0.00354926
0.00971483
-0.00485759
-0.00551247
0.00963083
0.000189363
-0.00973624
0.00952301
0.00411234
-0.0136175
-0.00241472
0.0120855
-0.0067347
0.000891331
0.0121167
-0.00450664
-0.0148336
0.0134651
0.0146381
-0.0247076
0.00404881
0.0294807
0.0190647
0.0042301
0.0265452
-0.0250727
-0.0845778
-0.0969291
0.24584
0.742429
0.301949
