0.153664
-0.132681
-0.214241
0.102365
-0.0485938
0.0277373
0.00868676
0.031279
0.00151717
-0.0182855
0.024218
-0.00915035
-0.0130267
0.0168712
0.00918399
-0.00812719
0.00304351
0.0095618
-0.00094778
-0.00193999
0.014921
-0.000979481
-0.00649306
0.0116773
0.00955053
-0.011005
0.00124679
0.00569882
-0.00649911
-0.000797568
0.00697597
-0.00122823
-0.00809129
0.00581921
0.00378683
-0.00849974
0.000628918
0.00305756
-0.00746612
8.6378e-005
0.00483183
-0.00269971
-0.006166
0.00520883
0.000784256
-0.00523963
0.00159877
0.00289934
-0.00591179
0.00241727
0.00558239
-0.00201776
-0.00342331
0.00456983
-0.000688845
-0.0030946
0.00263657
0.00147925
-0.00224325
-5.59862e-005
0.00153229
0.00111559
-0.00292293
0.000568024
0.00220039
-0.0028516
0.0010759
0.00440212
-0.00197339
-0.00267958
0.00668207
0.000374173
-0.00483727
0.00422579
0.000966164
-0.00510442
0.0043833
0.0085797
-0.00612904
-0.00359957
0.00930777
-0.0011457
-0.00571661
0.00792224
0.00346861
-0.00686307
0.00784706
0.00901418
-0.00729277
-0.00453588
0.0123388
-0.00179192
-0.00179365
0.00859592
0.00588028
-0.00856844
0.0110362
0.00466515
-0.00965479
-0.00454114
0.0114809
-0.00476068
0.00570916
0.0141054
-0.00762653
-0.0149842
0.0069815
0.0117763
-0.024742
0.000797078
0.0249255
0.0101588
0.00386101
0.0351304
-0.0152644
-0.0762574
-0.133255
0.215958
0.725736
0.339132
