0.2665
-0.212874
-0.140522
0.094294
-0.0990828
0.0450827
0.00159186
0.0101106
-0.0102123
0.0302891
0.0168369
-0.00933058
0.0278905
-0.00231259
-0.0182553
0.0222424
0.00369648
-0.00419674
0.0130212
0.00192921
-0.010837
0.0101257
0.00610876
-0.0101156
0.00298194
0.00245088
-0.0106129
0.00678824
0.00827877
-0.00985405
0.00307044
0.00112891
-0.0102804
0.00495646
0.00526715
-0.00831158
-0.000921743
0.00628399
-0.00502753
0.00230355
0.00851568
-0.00827311
-0.00170018
0.00538222
-0.0061702
0.00122053
0.00433152
-0.00507838
-0.00352508
0.00437213
-0.00262357
6.19357e-005
0.00476088
-0.00401325
-0.00284042
0.00213183
-0.000386221
0.000404872
0.00376306
-0.0022715
-0.00263472
-0.00161961
6.82138e-005
-0.00416849
0.00236512
0.0030952
-0.00509095
0.000493433
0.00198303
-0.00505671
0.00360359
0.00496874
-0.00737751
0.000792044
0.00665956
-0.00542477
0.00422755
0.00811618
-0.00968507
-0.00184582
0.00788418
-0.00734526
0.00230055
0.0116107
-0.00982114
-0.00508458
0.0101325
-0.00415081
0.00124235
0.0166197
-0.00988248
-0.00752567
0.0109823
-0.000986515
-0.00707834
0.0161446
-0.00506058
-0.00738859
0.0168565
-0.000565024
-0.00571765
0.0120196
-0.00596481
-0.00241595
0.0228421
-0.00285896
-0.0088755
0.00681286
-0.00556132
-0.0173262
0.0273322
0.0299875
-0.0141884
0.0351645
0.0393623
-0.0795508
-0.167411
0.178165
0.723978
0.41079
