0.202791
-0.137808
-0.215997
0.146361
-0.052068
0.0331525
0.0252247
0.0331518
-0.0053009
0.00738286
0.0322098
-0.0126048
-0.00781073
0.0222688
0.00111742
-0.00416809
0.0114859
0.00123986
-0.011536
0.00758011
0.00563501
-0.00629384
0.00103791
0.00560211
-0.00563388
-0.00269721
0.00814809
-0.00557436
-0.00814552
0.00804898
1.9002e-005
-0.00450635
0.00564004
0.000928793
-0.00369426
0.000784413
0.00475077
-0.00413141
-0.00279633
0.0049967
0.00512636
-0.00310766
-0.00235652
0.00395321
-0.00222
-0.00532867
0.00794726
0.0039617
-0.0066705
0.00180185
0.00289451
-0.00356557
0.0014072
0.00849287
-0.00263165
0.00173694
0.00721685
0.00321375
-0.00720779
0.00870465
-0.00266146
-0.0027429
0.0143618
0.0129485
-0.0113409
0.00110491
0.00831673
-0.00768993
-0.0112065
0.0141202
0.0175798
-0.00196793
0.0397006
0.0303383
-0.0111378
-0.0661588
-0.122726
0.203232
0.75994
0.309547
