0.107907
-0.103234
-0.211606
0.152402
-0.0207533
0.0321462
0.0164254
0.0294642
0.0194575
-0.0165373
0.0284552
0.0002919
-0.0123244
0.013009
0.0118139
-0.0127093
0.000734091
0.00898011
0.000834465
0.000671119
0.00664437
0.00169635
-0.00655352
0.00286994
0.0037856
-0.00192387
-0.00174349
0.00436972
-0.00538826
0.00337066
0.00301778
-0.00156
-0.00012322
0.0017048
-0.000249004
-0.0017453
0.00209368
-0.0017506
-0.00429569
0.0022026
0.00558392
0.00206321
-0.005197
0.00389331
0.00261007
-0.00625437
0.00330409
0.0110866
-0.0053821
-0.00156884
0.0112184
0.000917999
-0.00698849
0.00842612
0.00452206
-0.00285448
0.0104336
0.00932953
-0.005489
-0.00441907
0.00862259
-0.00117409
0.00455701
0.01173
-0.00224826
-0.00927673
0.0160289
0.00211249
-0.0197135
0.00451224
0.0303922
0.000337708
0.0278583
0.0443547
-0.0108433
-0.0899792
-0.127564
0.228889
0.687635
0.352395
