0.251254
-0.165514
-0.155501
0.0781087
-0.11928
0.0119269
0.0188468
0.00109499
0.0110131
0.034882
0.0342532
0.000211773
0.0133525
0.0127892
-0.0221685
0.0229003
-0.0023074
-0.00862519
-0.00561011
-0.0028179
-0.00651175
0.00331149
0.012943
-0.00412286
0.00580653
0.0084257
0.000374993
0.00432153
0.00642287
-0.00606174
-0.00629625
0.000973572
-0.00825683
-0.00230698
0.00344624
-0.0032978
0.000565559
0.00384108
0.00260447
-0.00176391
0.0035022
0.000898423
-0.00483449
0.00367352
-0.00247951
-0.00256078
0.00120123
-0.00248402
0.000220065
0.00262214
0.00192744
0.00118801
0.00266015
0.00183463
-0.00405842
0.00339984
-0.000270869
-0.00130232
-0.00253224
-0.00219566
0.00201595
0.00489465
-0.00105635
0.00113181
0.00286987
-0.00229843
0.00146588
0.000868547
-0.00244035
-0.000201894
-0.000931132
-0.00434841
-0.000326312
0.00502268
-0.00140303
0.00115847
0.00482292
-0.00276891
0.0013397
0.00260441
-0.00276276
-0.00234675
0.00240774
-0.0031102
-0.00329006
0.0054068
-0.00686504
0.00219755
0.00657867
-0.000815289
0.0015525
0.00645606
-0.00335324
-0.00057936
0.00891439
-0.00176326
-0.00763724
0.00339549
-0.0037674
-0.0054983
0.0177855
0.00822149
-0.00689164
0.0117636
0.0037423
0.000119123
0.00824529
0.0111594
-0.000332518
-0.00693199
0.00180238
0.00163635
0.000901638
0.0456579
0.0558243
-0.0270264
-0.186712
-0.00770395
0.640206
0.532426
