0.217085
-0.116652
-0.134891
0.10245
-0.104736
0.0567888
0.0249351
0.00398096
0.0132942
0.012179
0.00940238
-0.00414964
0.0218309
-0.00866789
-0.00627607
0.0170557
-0.00138049
0.000314959
0.0120453
-0.0074033
-0.00302608
0.00926018
-0.00716469
-0.000479049
0.00322609
-0.00842271
-0.00351475
0.00308694
-0.00370818
0.00110933
0.00578802
-0.00371506
-0.003286
0.00511276
-0.00192179
-0.000781448
0.00654581
-0.00452755
-0.00172183
0.00298683
0.00616929
-0.00155811
-0.0015616
0.0029289
-0.00288262
-0.0046918
0.00533976
-0.00292879
0.00139091
0.00501502
-0.00707384
-0.00487548
0.00167495
0.00203867
-0.00174115
0.0130494
-0.00591956
-0.00152382
0.00867919
0.00579203
-0.000798257
0.011371
-0.00164001
-0.00429456
0.0115678
0.00381857
0.00121167
0.00661794
0.00822833
-0.00522344
-0.0020652
0.00591025
0.00921997
0.0433796
0.0470767
-0.0200739
-0.180796
0.0261438
0.5805
0.603803
