-0.0310156
-0.0520999
0.352892
-0.0276925
0.0242587
-0.0380372
0.0422588
-0.0444564
0.0444673
-0.0305333
0.0297133
-0.0290968
0.0181912
-0.025116
0.0257274
-0.0217908
0.0140214
-0.0202324
0.0115766
-0.0217946
0.0162709
-0.0183125
0.00936475
-0.0149279
0.00990977
-0.016932
0.0125251
-0.0158308
0.00928671
-0.0154472
0.00605808
-0.016654
0.0037442
-0.0143846
0.00639163
-0.0123948
0.00438471
-0.0134977
0.00401824
-0.0110917
0.0057667
-0.00946685
0.00333735
-0.0105747
0.0044577
-0.00931236
0.0026156
-0.0107076
0.00134836
-0.0113529
0.00190263
-0.00888582
0.000742389
-0.00855845
0.00237105
-0.0107611
0.000753582
-0.00904586
-9.77825e-006
-0.00848394
0.00139339
-0.00851144
0.00152783
-0.0100382
0.00248617
-0.00959956
0.00235969
-0.0105208
0.00378304
-0.0103155
0.00324762
-0.00968543
0.00459708
-0.0115762
0.00410919
-0.0117593
0.00519212
-0.010258
0.00464354
-0.0154661
0.00396811
-0.0153575
0.00582944
-0.0137894
0.00487465
-0.0155574
0.0100202
-0.0142836
0.00852255
-0.0125217
0.00715893
-0.0185134
0.0147966
-0.0168238
0.0107115
-0.0142813
0.0078115
-0.0200588
0.0149454
-0.0199576
0.0131778
-0.0209454
0.0214538
-0.0307046
0.0267986
-0.0258922
0.0274148
-0.0190741
0.0229277
-0.0349696
0.0518751
-0.0403519
0.0402599
-0.0479432
0.0908774
-0.118418
0.24623
-0.0405018
0.370231
0.51254
