-0.0650633
-0.0823474
0.421821
0.0256296
0.0686918
-0.0400252
0.0704982
-0.0342128
0.0581605
-0.0213028
0.0355014
-0.0268834
0.0411466
-0.0171085
0.0336143
-0.0148666
0.0308804
-0.0201323
0.0253997
-0.0208714
0.0244635
-0.0142514
0.0223912
-0.0158236
0.015977
-0.013673
0.0182865
-0.0137008
0.0188832
-0.0137248
0.0126954
-0.0135057
0.015524
-0.0126459
0.0131265
-0.0122092
0.0144287
-0.0130929
0.00903673
-0.0121988
0.00969411
-0.00997783
0.0102144
-0.0114651
0.00870809
-0.00936234
0.00827803
-0.00993889
0.00888989
-0.012325
0.0057873
-0.00920686
0.00835987
-0.0108896
0.00574008
-0.00779744
0.00484863
-0.0100473
0.00568359
-0.00871129
0.00293055
-0.0121222
-0.00162334
-0.0114686
0.00280653
-0.0130117
0.000221315
-0.0124405
0.000766497
-0.0131062
0.0031226
-0.0119572
0.000467727
-0.0139932
0.0012766
-0.0140146
0.00283317
-0.0158613
0.00270805
-0.0166051
0.00385782
-0.0165343
0.00249845
-0.0153637
0.0055337
-0.0194641
0.00576221
-0.0157795
0.000878518
-0.0215449
0.00729107
-0.0208059
0.00501931
-0.0204775
0.00710725
-0.0248521
0.00920691
-0.0257177
0.00764817
-0.0282973
0.0173349
-0.0318705
0.0111631
-0.0258858
0.00455103
-0.0383384
0.0258759
-0.0445608
0.0265955
-0.0466702
0.0488186
-0.0709414
0.0303644
-0.0413027
0.0298982
-0.126971
0.24852
-0.220501
0.570207
0.421662
