0.188646
-0.0970766
0.0934765
-0.0668296
0.0843714
-0.0493157
0.058322
-0.0395779
0.0454436
-0.0402585
0.0518123
-0.0316851
0.0295013
-0.0258347
0.029412
-0.0252278
0.0255023
-0.0200208
0.0225712
-0.0201541
0.0226311
-0.0238688
0.0192398
-0.0160284
0.016048
-0.0149854
0.0162879
-0.0198766
0.0129356
-0.0144393
0.0131155
-0.0162739
0.0126886
-0.0155166
0.00890529
-0.0123206
0.0106444
-0.0147115
0.0110496
-0.0137373
0.00424422
-0.0178829
0.00415276
-0.0184239
0.00550585
-0.0199817
0.00602951
-0.0213735
0.00690482
-0.020932
0.00658632
-0.0236337
0.0077444
-0.0255269
0.00941156
-0.0267257
0.0101943
-0.0285574
0.00850481
-0.0285454
0.0168643
-0.0316254
0.0144249
-0.0413178
0.0113164
-0.0462766
0.027604
-0.0459173
0.0265419
-0.0495575
0.0336192
-0.0604514
0.034617
-0.0712069
0.0952525
-0.186886
-0.0478742
-0.256498
0.580694
0.722484
