0.111637
0.105173
0.37907
-0.0307038
0.0620919
-0.0360457
0.0581757
-0.0158106
0.064819
-0.028846
0.0418406
-0.0261834
0.0371935
-0.0131753
0.0232159
-0.0207112
0.0226205
-0.0223886
0.0265894
-0.0144885
0.0191044
-0.0129955
0.0190006
-0.0124555
0.0187765
-0.0126497
0.0134156
-0.0111528
0.0169901
-0.0106962
0.0135841
-0.0127013
0.0109696
-0.0113436
0.0124663
-0.0111908
0.0089017
-0.0120395
0.00707416
-0.0141174
0.000306409
-0.0160167
0.00262831
-0.0143084
0.00473413
-0.0129906
0.00269042
-0.0177582
0.00516336
-0.0178371
0.00051332
-0.0148869
0.00214582
-0.0221936
0.00994212
-0.0265835
0.00565683
-0.0234745
0.00326264
-0.0236459
0.0047323
-0.032593
0.0143272
-0.0313896
0.0139291
-0.0314011
0.0164339
-0.0402741
0.0323263
-0.0390543
0.0368934
-0.0294491
0.0034494
-0.0725208
0.0879166
-0.142213
0.225351
-0.0831581
0.321634
0.451565
