-0.0310156
-0.0520999
0.352892
-0.0276925
0.0242587
-0.0380372
0.0422588
-0.0444564
0.0444673
-0.0305333
0.0297133
-0.0290968
0.0181912
-0.025116
0.0257274
-0.0217908
0.0140214
-0.0202324
0.0115766
-0.0217946
0.0162709
-0.0183125
0.00936475
-0.0149279
0.00990977
-0.016932
0.0125251
-0.0158308
0.00928671
-0.0154472
0.00605808
-0.016654
0.0037442
-0.0143846
0.00639163
-0.0123948
0.00438471
-0.0134977
0.00401824
-0.0110917
0.00396811
-0.0153575
0.00582944
-0.0137894
0.00487465
-0.0155574
0.0100202
-0.0142836
0.00852255
-0.0125217
0.00715893
-0.0185134
0.0147966
-0.0168238
0.0107115
-0.0142813
0.0078115
-0.0200588
0.0149454
-0.0199576
0.0131778
-0.0209454
0.0214538
-0.0307046
0.0267986
-0.0258922
0.0274148
-0.0190741
0.0229277
-0.0349696
0.0518751
-0.0403519
0.0402599
-0.0479432
0.0908774
-0.118418
0.24623
-0.0405018
0.370231
0.51254
