-0.0695265
-0.140462
0.400485
0.0296487
0.0645966
-0.0480879
0.0659604
-0.0419812
0.0488443
-0.0332196
0.0433617
-0.0336073
0.0354182
-0.0321925
0.0278909
-0.0205578
0.0289022
-0.0243755
0.0168516
-0.023176
0.019017
-0.0234329
0.0204647
-0.018482
0.0144236
-0.0184702
0.0146103
-0.0162501
0.0149621
-0.0166092
0.0110042
-0.0146544
0.0077248
-0.0171082
0.00834835
-0.0159143
0.00973654
-0.0147962
0.00663463
-0.0112634
0.00191689
-0.017058
0.00346729
-0.0168692
0.00536481
-0.0183683
0.00763583
-0.01901
0.00610867
-0.0178935
0.00863261
-0.0242259
0.0121245
-0.0222081
0.00402925
-0.023062
0.0144416
-0.0291833
0.0110818
-0.0240229
0.0173078
-0.0327177
0.0173926
-0.0284854
0.0149236
-0.0360043
0.0326321
-0.0460557
0.039618
-0.0296272
0.0385163
-0.062063
0.0492799
-0.043989
0.0365712
-0.118973
0.267037
-0.189496
0.584265
0.4231
