0.151718
-0.0826261
0.102351
-0.0366162
0.099988
-0.0524325
0.0664131
-0.0446234
0.0489254
-0.0232497
0.0474808
-0.0272337
0.0393625
-0.0247349
0.02928
-0.0216909
0.02831
-0.0223658
0.025905
-0.0185816
0.0218806
-0.0183422
0.0229565
-0.0182953
0.0178422
-0.0155703
0.0121069
-0.0150959
0.0157145
-0.0137533
0.0143193
-0.0134561
0.0113383
-0.012199
0.0130903
-0.014631
0.0123066
-0.0126561
0.00926081
-0.0122976
0.00327787
-0.0168705
0.00500954
-0.0189525
0.00343121
-0.0179735
0.00315862
-0.0193939
0.00470072
-0.0228609
0.00695302
-0.0236206
0.00595389
-0.0266161
0.00940707
-0.0239471
0.00759675
-0.0302803
0.00942168
-0.0293222
0.0153935
-0.0285816
0.0152756
-0.0365799
0.00587411
-0.0460659
0.0221748
-0.0441006
0.0243259
-0.0575856
0.0248809
-0.0447153
0.0283713
-0.07087
0.088091
-0.170853
-0.0448905
-0.291895
0.475131
0.809103
