-0.22672
0.21858
-0.338832
0.0764803
0.109776
-0.0424395
0.085523
-0.000423046
-0.0924279
0.0824037
0.000755537
-0.0390313
0.00557407
0.0125207
-0.0332053
0.0581157
-0.00401873
-0.00274561
0.0466811
-0.0207867
-0.0550664
0.0342049
-0.0197043
0.0247913
0.0170815
-0.0147799
0.0101981
0.0192686
-0.0200609
0.0117282
0.010326
0.00270084
-0.0137519
0.00940627
-0.0121264
0.0212618
0.0101277
-0.00748228
0.0094282
0.0113159
-0.0139157
0.0101766
-0.00302947
0.00984674
-0.00200814
0.00127591
-0.00371631
0.0128241
0.0102614
-0.00668873
-0.000846967
0.0113321
-0.0132489
0.0134994
-0.00129907
0.00261407
0.010915
-0.0023476
-0.00843507
0.0163402
-0.00946084
0.0239512
-0.0170616
-0.00511
0.0120076
0.00258573
-0.000542208
0.00597406
-0.00639295
0.00697845
-0.00309733
0.00465299
-0.00830972
0.0221477
-0.0111228
-0.00901502
0.00913753
0.00277876
-0.00181345
0.00846753
-0.0191102
0.0205601
-0.000570334
0.00101091
-0.0102665
0.0198182
-0.0118
-0.0129599
0.00140885
0.00384265
0.00327047
0.0333736
-0.0485814
0.0215875
0.00678821
-0.0235546
0.0104454
0.0229291
-0.0189516
0.0176405
-0.0368366
-0.0126344
0.0208627
0.0393672
-0.0852308
0.0722312
-0.0244534
-0.0369421
0.0619938
-0.0406683
-0.061323
0.170196
-0.311608
-0.0534347
0.0510913
-0.0190944
-0.012685
0.0817038
-0.57082
0.090606
