-0.40437
0.316749
0.0116271
-0.230364
0.19747
-0.164977
-0.0225429
0.0176232
-0.0354323
-0.101044
0.0463046
-0.0312999
-0.12532
-0.00710259
-0.0252469
-0.008741
0.01322
-0.0156954
-0.0130924
0.00336858
0.0358269
-0.0297824
-0.0148692
-0.0161577
-0.00098455
-0.0289551
-0.0294377
-0.016613
-0.0327665
0.0145912
-0.00450168
-0.02786
-0.00288687
0.0270844
-0.0146731
-0.00331223
0.0205595
-0.0307586
-0.00306448
-0.00336151
-0.0353152
-0.00719982
0.0145911
-0.023238
-0.0262132
0.017685
-0.0165291
0.0143218
0.0125283
-0.0216852
-0.00835164
0.0162862
-0.00787238
-0.0203931
0.00997721
-0.0176555
-0.0125577
0.00115118
-0.0167452
0.000353919
0.00752124
0.00942458
-0.00741399
-0.00795545
0.0196346
-0.00812214
0.0235375
0.00274899
0.000987337
0.0012315
0.0261481
-0.0118145
-0.00759483
0.036236
-0.0125606
-0.0072008
0.0200137
-0.00694668
0.015858
0.0236836
-0.0110265
-0.0365251
0.051413
-0.0014926
0.00248641
0.0298329
-0.00210652
0.00603081
0.0410554
0.0114695
-0.0249971
0.0357451
0.00683331
-0.0403339
0.011531
0.00346863
0.0134093
0.00643051
0.0197216
-0.0171814
0.0486857
0.0629095
0.00775997
0.0165167
0.0584239
0.0438975
-0.0295706
0.0111152
-0.0587041
-0.0693491
0.0849302
-0.00639945
-0.115101
0.0983807
0.292743
0.0627072
-0.0146335
0.280593
-0.642156
0.192814
