-0.37616
0.277025
-0.385344
0.000616341
0.118116
-0.0283914
-0.00453517
0.0306266
-0.0158815
0.0547999
0.0294664
-0.0924983
-0.0548714
0.0823262
-0.0808228
0.0312154
0.0435366
-0.0296443
0.0232571
-0.0122061
-0.0399883
0.0497004
0.0106072
-0.0293613
0.000548077
0.0358376
-0.0482153
0.0361569
0.0136604
-0.0103747
0.0233332
-0.0283302
-0.0305319
0.0396679
-0.0128663
-0.00583014
0.0166832
0.0129914
-0.0202236
0.0265866
-0.000673428
0.00713948
0.0195694
-0.0318806
-0.0170319
0.0282966
-0.0243575
0.00927449
0.01645
0.00346149
-0.00378747
0.0139888
-0.00607501
0.0178142
0.011497
-0.0218515
-0.00461243
0.0160541
-0.0290559
0.0159433
0.00343249
0.0104137
-0.00430401
0.0066695
0.0120097
-0.00238944
-0.0144083
0.0307226
-0.0282373
-0.0162426
0.00985001
-0.00136398
0.0122621
0.0189127
-0.0117237
0.0218512
0.00546737
-0.0130204
-0.00190939
0.0353815
-0.0390476
-0.00959922
0.00698571
-0.015252
0.0233641
0.0189223
-0.021034
0.0489404
-0.0128213
-0.0216018
0.0176114
0.0275479
-0.0529136
0.000930739
-0.0114661
-0.0220738
0.0355665
0.0141061
-0.0119537
0.105032
-0.0545951
-0.0256405
0.0352736
0.0113158
-0.0379255
0.039444
-0.048869
-0.0296351
0.0435977
-0.0448092
-0.0749506
0.229925
-0.322547
-0.0263591
0.0878848
0.00252171
0.0261583
-0.035772
-0.583041
0.0457503
