-0.249739
0.183859
-0.363535
0.0509141
0.02351
0.0042647
0.057619
-0.00275575
-0.0685957
0.113874
0.0459052
-0.0450795
0.0130136
-0.040313
-0.0266224
0.0258542
-0.063341
0.033101
0.0345498
0.00604403
-0.0103329
0.0229285
0.012024
0.0159494
0.00367287
-0.0140377
0.011964
0.00883376
-0.0314554
0.00313832
0.00803513
0.00315399
-0.0138536
0.0138916
-0.00684809
0.0378431
0.00918363
-0.0140204
0.0256388
-0.00172224
-0.0213609
-0.0107513
0.0106375
3.62272e-005
-0.0308917
0.0342068
-0.0104375
-0.0226087
0.0226282
-0.00442271
0.0180091
0.0240934
-0.047739
0.0251562
-0.0064371
-0.00522679
-0.0367113
0.0357155
-0.0228949
0.00104156
-0.0230083
-0.0174834
0.0447468
0.0217615
-0.0413403
0.015108
0.0103505
-0.0313892
-0.0428814
0.0325609
-0.143887
0.109196
-0.227747
-0.147123
0.238369
0.0348516
-0.0761443
0.0331901
-0.519996
0.0218033
