-0.310072
0.29012
-0.25632
0.0352048
0.0555676
-0.0645096
0.0252079
0.0547639
-0.0662293
0.0182324
0.0351967
-0.0224428
-0.0659925
0.0290976
-0.0448721
0.0391677
0.0439018
-0.0382177
-0.00299703
0.0243758
-0.0189911
0.0264875
-0.0164039
0.000556447
-0.00875727
0.0224
-0.0196693
-0.00256766
0.0233174
-0.00286807
-0.00544761
0.0102378
-0.0142007
0.0201868
0.00100217
0.000594137
-0.014824
0.0218739
0.00169966
-0.00484685
-0.00553052
0.0220242
-0.0192098
0.00645276
0.00403914
-0.0219437
0.00284964
0.0300326
-0.0174561
0.016832
-0.0112705
0.0190484
-0.000852477
0.0168405
-0.0283143
-0.0177068
0.0242425
-0.00623577
-0.0193531
0.0474852
-0.0396208
0.0387881
0.00293761
-0.00433255
0.000966815
0.0690663
-0.0481439
-0.0621811
0.0117921
-0.0162297
-0.0438157
0.161688
-0.294706
0.03501
0.0794511
-0.065282
-0.065017
0.0273744
-0.503002
0.169028
