-0.424971
0.303305
0.0155744
-0.156
0.17534
-0.149053
0.0458633
0.0015
-0.0136119
-0.0976961
0.00720896
-0.0170384
-0.0428774
-0.0653388
-0.0605788
0.000732551
-0.0320631
0.0367216
0.0106008
-0.0408733
0.0152832
0.0299689
-0.03509
-0.00124362
0.0342001
-0.0550896
0.00105256
-0.0148271
-0.0482969
-0.010102
0.0198981
-0.0205573
-0.0303339
0.00787036
-0.0179386
0.0171218
-0.00556733
0.000134437
-0.0162491
-0.000171853
0.0176669
0.0299436
-0.00502701
-0.00436336
-0.00465336
0.0260191
-0.0110001
-0.00643637
0.0110593
-0.0077654
0.0163641
0.0187062
-0.0114061
-0.0436178
0.0739957
0.0111866
-0.00581091
0.0337839
-0.0185933
0.00492924
0.067054
0.0446111
-0.0488561
0.0734617
0.0199907
-0.0341446
0.00229526
-0.0163056
-0.051321
-0.0418113
0.0772346
-0.0502947
-0.0486296
0.198808
0.218664
0.0440234
-0.078235
0.280898
-0.574142
0.185956
