0.295175
0.10423
-0.449565
0.0897505
0.00154576
-0.0938213
-0.0119313
0.0501617
0.0691024
-0.0353608
0.0362524
0.0581821
-0.0265791
2.46101e-005
0.0352114
0.00278694
-0.0448515
0.0132264
0.0232896
-0.0387128
-0.00681107
0.0288933
0.0095713
-0.0118786
0.0143654
0.024804
-0.0256922
-0.00152436
0.0137521
-0.0153904
-0.0244849
0.00560723
0.0164503
-0.017233
0.000135734
0.0232456
-2.46053e-005
-0.00823049
0.0081679
0.00817053
-0.0203692
-0.00396306
0.0122763
-0.0124449
-0.0124906
0.0110152
0.0138394
-0.00934571
0.0038144
0.0203446
-0.00607488
-0.00748356
0.00384512
0.00121306
-0.01413
0.00158686
0.0118464
-0.00897131
-0.00367827
0.0125982
-0.00554842
-0.0154657
0.00469428
0.0113109
-0.0144441
-0.00318103
0.0158374
0.00234884
-0.00662447
0.00875562
0.00872943
-0.0180652
-0.00679754
0.0132938
-0.0103019
-0.0143962
0.0115725
0.0168322
-0.012858
-0.000667384
0.0229328
-0.00567389
-0.0123071
0.00797307
0.00435891
-0.0259187
-0.00507748
0.02205
-0.0173591
-0.0143843
0.0264895
0.0214557
-0.0195967
0.00122818
0.0303281
-0.0191137
-0.0199694
0.020961
-0.00995056
-0.0289991
0.00700909
0.0527005
-0.0243168
-0.0172901
0.0546477
0.0213569
-0.0398035
0.0137762
0.0573482
-0.0463235
-0.0233403
0.0581574
-0.0469959
-0.12055
0.0863805
0.201986
-0.108283
-0.199033
0.519684
0.613528
