0.295175
0.10423
-0.449565
0.0897505
0.00154576
-0.0938213
-0.0119313
0.0501617
0.0691024
-0.0353608
0.0362524
0.0581821
-0.0265791
2.46101e-005
0.0352114
0.00278694
-0.0448515
0.0132264
0.0232896
-0.0387128
-0.00681107
0.0288933
0.0095713
-0.0118786
0.0143654
0.024804
-0.0256922
-0.00152436
0.0137521
-0.0153904
-0.0244849
0.00560723
0.0164503
-0.017233
0.000135734
0.0232456
-2.46053e-005
-0.00823049
0.0081679
0.00817053
0.0229328
-0.00567389
-0.0123071
0.00797307
0.00435891
-0.0259187
-0.00507748
0.02205
-0.0173591
-0.0143843
0.0264895
0.0214557
-0.0195967
0.00122818
0.0303281
-0.0191137
-0.0199694
0.020961
-0.00995056
-0.0289991
0.00700909
0.0527005
-0.0243168
-0.0172901
0.0546477
0.0213569
-0.0398035
0.0137762
0.0573482
-0.0463235
-0.0233403
0.0581574
-0.0469959
-0.12055
0.0863805
0.201986
-0.108283
-0.199033
0.519684
0.613528
