-0.319468
0.0274825
-0.0846283
0.0671029
0.0470928
-0.0442038
-0.0126995
-0.0404401
0.0229686
0.00978023
0.0174259
-0.00114334
-0.0100631
-0.0301104
-0.00310862
-0.0094393
0.0266193
0.00806424
-0.0144654
-0.0242682
-0.00726655
-0.00558116
0.0155168
0.00237256
-0.00299423
-0.0113487
-0.010397
-0.010819
0.00526093
0.000374992
0.00590499
-0.00229585
-0.00793486
-0.0155647
-0.00317275
-0.00404804
0.00945566
0.00290681
-0.00848576
-0.0168419
-0.00193236
-0.00477531
0.00166848
0.00617
0.0155295
-0.00499988
-0.00300889
-0.0132682
0.000960374
0.0122207
0.021925
-0.0058919
-0.00187062
-0.0156854
-0.00133287
0.0100633
0.0199751
0.00287677
0.0117228
-0.0157383
0.000639671
-0.0075433
0.00258267
0.0142273
0.0416767
-0.0081259
-0.0138039
-0.0338192
0.00608187
0.0503582
0.0895974
-0.0327009
-0.0323571
-0.0683746
-0.0522007
0.0774669
0.178925
0.152291
0.574311
-0.0396223
