0.187809
0.266906
-0.404398
0.0877776
0.0392826
-0.0495959
-0.0845644
-0.0208419
0.0863554
-0.0491804
-0.0191301
0.0498027
0.0463194
-0.0395688
0.00468999
0.0553924
0.0087266
-0.0213105
0.00415403
0.0306693
-0.0315906
-0.0226299
0.0162148
0.00298664
-0.0222558
-0.00700696
0.0370951
-0.0039332
-0.0156529
0.0223104
0.0213166
-0.00755727
-0.0147396
0.0227212
0.00251285
-0.0194655
-0.00873284
0.0112565
-0.00827868
-0.0184305
-0.0217491
0.0130401
0.0204168
-0.0074285
-0.00629554
0.0218827
0.011595
-0.021963
0.00598911
0.020737
-0.0109537
-0.0308014
0.00986159
0.0195189
-0.0340314
-0.0126745
0.0332622
0.0188435
-0.0322846
0.0100078
0.0553878
-0.00442213
-0.0268579
0.0177755
0.0306132
-0.0441478
-0.0219028
0.0537682
-0.00238586
-0.0772402
0.0170869
0.0744728
-0.0955101
-0.0719828
0.148472
0.172143
-0.134469
-0.182466
0.499714
0.588063
