0.168704
0.226464
-0.30063
0.0438379
0.0419894
0.0179286
-0.0723699
-0.0343209
0.0730304
-0.00485033
-0.0476043
0.0139715
0.0580552
-0.0109121
-0.0331164
0.021787
0.0405504
-0.0159398
-0.0166122
0.0302083
0.0182044
-0.0182595
-0.0200143
0.0276623
4.29093e-005
-0.0270481
-0.00432848
0.014691
-0.00313792
-0.0236541
0.00640512
0.0166978
-0.00534718
-0.014645
0.0138091
0.013423
-0.0111848
-0.00615984
0.0149529
0.00766592
0.0202314
0.00552493
-0.0171491
-0.0043688
0.0213645
-0.000849926
-0.0224976
0.00113614
0.0201015
-0.0109284
-0.0235104
0.0136242
0.0159247
-0.0147333
-0.0158232
0.0295834
0.0137565
-0.0241484
-0.0021129
0.0375962
0.00101624
-0.0368675
0.0010451
0.0468161
-0.0128434
-0.0375384
0.0310022
0.0495329
-0.0387185
-0.0455649
0.0561504
0.0391379
-0.107616
-0.0289689
0.175286
0.0843797
-0.183083
-0.097041
0.570386
0.477475
