-0.471942
0.0695219
-0.0360419
0.0267572
0.0879547
-0.0343208
-0.0389443
-0.0530838
-0.0176408
-0.010369
0.0142505
0.01533
-0.0137491
-0.00869659
-0.0285798
-0.0221489
0.00170173
0.0184492
0.00342453
0.00784099
-0.0228878
-0.00825754
-0.0106703
0.00683982
0.0036027
0.0197747
-0.000137239
0.00714607
-0.0139019
-0.0068508
0.00134231
0.0120669
0.0108205
0.0159602
-0.00642404
-0.00435263
-0.00134665
-8.04969e-005
0.013021
0.0107602
0.00273978
0.0137334
0.000770727
0.00263057
-0.0147492
0.00235393
-0.0132726
0.0215127
0.00730044
0.00987006
-0.0123278
-0.0138733
-0.0285707
0.0120686
0.00232905
0.0159971
-0.00349524
-0.0176853
-0.0269045
-0.00884177
-0.0147621
-0.000326309
0.00281266
-0.00362434
0.000275102
-0.0374814
-0.0469665
-0.0170192
0.0125018
0.0311777
0.0402638
-0.0748868
-0.0657078
-0.089287
-0.0511681
0.0645696
0.19206
0.11886
0.556272
-0.106103
