-0.452952
0.00714102
-0.110991
0.0142054
0.0875683
-0.0106879
-0.00318398
-0.042148
-0.0244721
-0.0324889
0.0244752
0.002648
0.0168715
-0.000216225
-0.0157573
-0.0332111
-0.00290423
-0.0103397
0.0144153
0.00378343
-0.00242621
-0.00904701
-0.0104898
-0.0189517
-0.00828703
-0.0111996
0.0107304
0.00832882
-0.00425892
-0.011847
-0.0160116
-0.0126129
0.00452261
0.00324292
-0.000782271
0.00169666
-0.00812577
-0.00641735
-0.00876844
-0.0107162
0.00579975
-0.0146636
-0.00696033
-0.0133629
-0.00215996
0.000769876
0.00946079
-0.000292877
0.0107193
-0.0169966
-0.011461
-0.0178433
-0.00380687
0.0123212
0.0280994
-0.00666785
-0.00363286
-0.0256334
-0.0049025
0.0040073
0.0177864
-0.00150228
0.0192446
-0.00976352
0.00965881
-0.0316197
-0.0226077
0.00121321
0.0426112
0.0308159
0.0504538
-0.0683303
-0.0585315
-0.0582772
-0.0362834
0.0873061
0.185888
0.132808
0.56403
-0.0722143
