0.42704
-0.0350471
-0.38614
0.102717
-0.00143255
-0.0591156
0.04907
0.0701391
-0.0304954
0.00842289
0.0597044
-0.0320718
-0.0306787
0.0440636
-0.00755112
-0.0346976
0.0229338
-0.00629028
-0.0262249
0.0219936
0.0259148
-0.0170277
0.00170667
0.0163072
-0.016476
-0.0034705
0.0121389
-0.0123719
-0.0142848
0.0127837
0.00330014
-0.00445093
0.0111554
0.00439524
-0.0098949
0.00531149
0.00288817
-0.00545321
-0.00248521
0.00102068
0.00348718
0.00230906
-0.00422423
0.00725867
0.00174561
-0.0052737
0.00890372
0.00286592
-0.0127477
-0.000204723
0.00479763
-0.0116607
0.00365176
0.0182384
-0.0153637
-0.00777466
0.0275304
-0.00265947
-0.0159454
0.0210812
-0.00647149
-0.0353789
0.0272575
0.0247259
-0.036934
0.00930343
0.0247837
-0.0439775
0.00364906
0.070152
-0.0602227
-0.0390525
0.117195
-0.0253993
-0.149264
0.170658
0.0834161
-0.212434
0.255402
0.733382
