-0.944065
0.0844946
-0.207339
-0.010552
-0.0517074
0.0712093
-0.0394246
0.0711039
-0.0656608
0.0301536
-0.0294601
0.061661
-0.0348911
0.0417217
-0.0578761
0.00595872
-0.0304902
0.0231492
-0.0150942
0.0280744
-0.0239489
0.0145526
-0.0112936
0.0321669
-0.00219813
0.0389152
-0.0239046
0.0137468
-0.0227795
0.0195865
-0.00938732
0.0202576
-0.0139188
0.00722967
-0.00708729
0.0208111
0.00718029
0.0322691
-0.00943814
0.0186033
-0.0142732
0.0152309
-0.00500254
0.0184854
-0.0119059
0.00758695
-0.00753326
0.0146437
0.00776903
0.0242296
0.0011981
0.0174721
-0.00883082
0.0166803
0.00224565
0.0210388
-0.00428348
0.00753291
-0.00863532
0.00508835
0.00557721
0.00691776
0.00696443
0.0145964
0.0135782
0.00863323
-0.00211386
0.00585028
-0.00209446
0.0249793
0.0134585
0.0195944
0.00800659
0.0117953
0.00114941
0.0227726
0.0127886
0.0165379
0.00119768
0.00486664
-0.00927655
0.0233037
0.00463643
0.0293963
0.00270108
0.0146457
-0.0035115
0.0301457
0.0138493
0.0281995
0.00691644
0.00551558
-0.0219362
0.021902
-0.00534895
0.0388565
-0.00401771
0.0251653
-0.0187666
0.0450943
0.00872918
0.0535002
0.0113835
0.0152438
-0.0352421
0.0208413
-0.0298958
0.0627037
-0.0146078
0.0480325
-0.0744978
0.0729554
-0.0209896
0.170773
0.0679887
0.104119
-0.0998525
0.0498835
-0.0074121
0.329589
