-0.950144
0.118891
-0.168149
-0.0116916
-0.0595586
0.0740809
-0.0157987
0.0999012
-0.033603
0.0591013
-0.0580575
0.0371157
-0.0498616
0.033015
-0.0310334
0.0247912
-0.0309799
0.0201891
-0.00999584
0.0389369
0.0061231
0.0461206
-0.0176263
0.026842
-0.0349147
0.0140896
-0.0150778
0.0167901
-0.00591531
0.0221209
-0.00782473
0.0221495
-0.00307974
0.0307141
-0.0045616
0.0293668
-0.0126592
0.00680431
-0.015814
0.0109086
0.0112687
0.00993536
-0.00711621
0.0118663
-0.00357953
0.0203167
-0.00316767
0.0250781
-0.0125574
0.0285943
-0.00099479
0.0377833
0.0128592
0.0291594
-0.00260177
0.00789303
-0.0293709
0.0221591
-0.0191697
0.0443007
-0.000860736
0.0414257
-0.0113504
0.041208
-0.0075404
0.049405
-0.00491024
0.0276483
-0.0503894
0.0209559
-0.0899432
0.0807415
-0.0351618
0.158152
0.031573
0.111813
-0.0973628
0.0792177
0.0684557
0.29325
