-0.926964
0.0767341
-0.244164
-0.0247576
-0.0402461
0.0677833
-0.0359567
0.0642311
-0.0680709
0.0400088
-0.0335226
0.0588169
-0.0381568
0.0367661
-0.0688418
0.00470003
-0.0327877
0.022895
-0.0118572
0.0310579
-0.0282478
0.020371
-0.012949
0.0360993
-0.00916774
0.0334496
-0.0316951
0.00801129
-0.0228542
0.0188501
-0.00459619
0.0174931
-0.0131313
0.00989647
-0.00409289
0.0260387
0.00315993
0.0294255
-0.0170133
0.0102267
-0.0103575
0.00918362
-0.00145399
0.0276629
0.000786092
0.01703
-0.00792252
0.0277604
0.0130794
0.0378098
0.019987
0.00844745
-0.0158275
0.0123729
-0.00809984
0.0361385
-0.0011971
0.0279707
-0.0207744
0.0422753
0.00793363
0.0669116
0.0236853
0.0266684
-0.0218779
0.0151333
-0.0252198
0.0615325
-0.0157054
0.0444854
-0.0683545
0.0664703
-0.0365092
0.177386
0.0807053
0.12872
-0.076909
0.0214865
0.0182778
0.370413
