-0.904017
0.0421442
-0.300471
-0.0209627
-0.0254481
0.0574025
-0.0729899
-0.00241727
-0.0752857
0.0463038
-0.000896773
0.0542687
-0.0546854
0.010651
-0.0463796
0.0375666
-0.0222832
0.0260827
-0.0522965
-0.00457439
-0.0231726
0.0273158
-0.0155188
0.0156899
-0.0302498
0.00991321
0.000299132
0.0371003
-0.0156498
0.0152383
-0.0277224
0.0195948
-0.00439181
0.0252277
-0.0261082
0.000224788
-0.0155939
0.0154149
0.000561449
0.0160893
0.0156026
0.0323053
0.0164464
0.0042888
-0.00501916
0.0151356
0.0167847
0.0241536
-0.00403416
0.00139443
-0.0175112
0.0375764
0.0182872
0.0354044
-0.00754823
0.0205864
0.00564842
0.0557862
0.0322429
0.0203632
-0.0194726
0.0117766
-0.000358696
0.0498484
-0.00196405
0.0109551
-0.0580533
0.0553832
0.00179062
0.108239
0.00554229
0.0405296
-0.0540264
0.145275
0.114085
0.152416
-0.0376388
-0.0608929
-0.025671
0.406197
