-0.882957
0.077795
-0.329329
-0.0126068
-0.0678515
0.0568031
-0.0701069
0.00397739
-0.0980015
0.0116475
-0.0152247
0.0555525
-0.0318607
0.0157672
-0.0509954
0.0176659
-0.0154178
0.0462761
-0.028031
0.0118219
-0.0431573
0.0145374
-0.0126724
0.0368583
-0.0284737
0.00508349
-0.0381254
0.0110262
-0.00324589
0.0266907
-0.0201859
0.00612298
-0.0220638
0.0142388
0.00235892
0.0306345
-0.0149042
0.00935328
-0.015669
0.0189817
0.00323753
0.00587329
-0.0101137
0.027635
0.0171323
0.0329012
0.00362592
0.0128709
-0.00326699
0.0359752
0.0245408
0.0321294
0.00510504
0.00506797
-0.00855624
0.0402752
0.0208235
0.0246231
-0.0162971
0.00258844
-0.0284675
0.0572461
0.0140159
0.0436932
-0.0260238
0.0266884
-0.0254568
0.094631
0.0415119
0.0757649
-0.0243369
0.0320422
-0.0298583
0.15498
0.121327
0.106201
-0.0905278
-0.0248982
-0.0715566
0.455942
