-0.924048
0.0685556
-0.255246
-0.0266728
-0.0261715
0.0668687
-0.0610034
0.0190788
-0.0730754
0.0317854
0.000180275
0.0647007
-0.0465996
0.0187185
-0.0565592
0.0274946
-0.0143277
0.0363433
-0.0418332
0.000434471
-0.0335741
0.0154826
-0.00213864
0.0275836
-0.0243773
0.00411485
-0.0118611
0.0276231
0.00126562
0.0312284
-0.0257033
0.00809727
-0.0178975
0.0257881
-0.00444552
0.0158658
-0.0218486
0.000849816
-0.00501247
0.0209823
0.018635
0.0123079
-0.00184062
0.00922905
0.00996415
0.0243064
0.0101725
0.002673
-0.0202539
0.0206071
0.0020681
0.0369784
0.00181709
0.0159846
-0.0158184
0.0391094
0.0238779
0.0452589
0.00776122
0.00390423
-0.0187879
0.0310726
0.012665
0.0368386
-0.0274626
0.00802823
-0.0519587
0.0774565
0.019062
0.0867714
-0.0276861
0.0400066
-0.037632
0.152018
0.121256
0.107881
-0.0932886
-0.0345856
-0.0266975
0.371563
