-0.905878
0.0429714
-0.279721
-0.00291838
-0.0276598
0.0676746
-0.0519284
0.0234703
-0.0759149
0.0551806
-0.0246135
0.0562503
-0.0645957
0.00331619
-0.0584439
0.0196307
-0.0212933
0.025894
-0.037012
0.00504697
-0.0177845
0.033971
-0.00117993
0.0353435
-0.0368197
0.0126877
-0.0193663
0.0263341
-0.0137457
0.0102494
-0.0290361
0.00341352
-0.00164286
0.0274258
-0.00321172
0.020099
-0.0180708
0.0160413
-0.00684211
0.0224752
0.00749533
0.0163242
-0.00643749
0.010191
-0.00480301
0.0357619
0.0149651
0.0290178
0.00216439
0.0140702
0.00890346
0.0283078
0.0117285
0.00868411
-0.0243541
0.017348
-0.00459983
0.0541053
0.00735029
0.0294787
-0.00960819
0.0479714
0.0244242
0.0517687
0.00104478
0.000110448
-0.050067
0.0467071
-0.0105157
0.0850136
-0.0338084
0.0502704
-0.0617047
0.164319
0.107054
0.162162
-0.0252448
0.00483543
-0.0295341
0.397264
