-0.922527
0.0946642
-0.275072
-0.0397206
-0.0811664
0.055372
-0.0507198
0.0463946
-0.0932993
-0.00495179
-0.0280759
0.051362
-0.0173266
0.0376933
-0.05526
0.00940846
-0.0204149
0.038794
-0.00849913
0.0393359
-0.0400336
0.00773524
-0.0250542
0.0276428
-0.0104906
0.0312731
-0.0316977
0.00231936
-0.0235018
0.0158374
-0.00444973
0.0224347
-0.020662
0.00219982
-0.0151449
0.0164646
0.00342272
0.0266297
-0.0131939
0.00510885
-0.0129377
0.027058
0.013291
0.0320084
0.00526183
0.0110947
-0.0106715
0.0282225
0.0134897
0.0342409
0.0109361
0.0080597
-0.0151795
0.0212865
0.00667622
0.0361132
0.00421164
0.00982099
-0.0352062
0.0255112
-0.00341179
0.0580649
0.00267023
0.0267387
-0.0427553
0.0464191
-0.00251724
0.100738
0.0352686
0.0466476
-0.0511731
0.0466944
-0.000976505
0.146426
0.0741129
0.0550722
-0.158715
0.00489405
-0.0652572
0.380331
