-0.959422
0.0910067
-0.169771
-0.0250853
-0.101433
0.0440434
-0.0277943
0.0677369
-0.0375492
0.0412017
-0.0565403
0.0324508
-0.034475
0.0412942
-0.0255648
0.0467984
-0.0419068
0.0195078
-0.0391103
0.00984552
-0.0214657
0.0281134
-0.0112166
0.0272893
-0.0165487
0.0205792
-0.0127383
0.0213918
-0.0051143
0.0315891
-0.0114208
0.0210188
-0.0275515
0.00799459
-0.0128787
0.0138884
-0.00200411
0.0230725
-0.000882285
0.0155636
0.00151456
0.0292655
0.0180328
0.0215469
0.00678122
0.0125981
-0.00568125
0.0163944
-0.00310616
0.0291453
0.00225887
0.0189944
-0.0107936
0.0183467
-0.0135261
0.041365
0.0101918
0.0522428
0.017334
0.0273012
-0.0090631
0.0202384
-0.0137281
0.0360624
-0.00700098
0.0467782
-0.0255489
0.0328643
-0.0545773
0.0597427
-0.0398176
0.129051
0.0320166
0.113769
0.0148447
0.0444519
-0.140069
0.128416
0.101125
0.260077
