-0.39091
0.0676526
0.528644
-0.416101
-0.119024
-0.027529
-0.181341
-0.0565949
0.141671
0.0248418
-0.0922361
-0.0690192
0.0837827
-0.114582
-0.0182007
0.0474141
-0.0969885
-0.0620699
0.032715
0.0257605
-0.0181951
-0.035892
0.0239048
-0.0795108
-0.0261243
0.0482388
-0.03603
-0.0389042
-0.00992348
0.0144847
0.00260002
-0.0133915
0.0171967
-0.0594342
-0.0469639
0.0296022
-0.00406383
-0.0125338
-0.0189849
-0.00154644
0.00849695
-0.0386413
0.0123801
-0.0116839
0.00688774
-0.000851661
0.0699672
-0.0248461
-0.0186136
0.040735
0.0155089
-0.0221777
0.0315798
-0.018454
-0.0136968
-0.00878048
0.11806
0.00607144
-0.0335292
0.031356
0.00947153
-0.0143416
0.0811969
-0.00682405
-0.0413972
-0.0674274
0.160481
0.0862154
-0.0189572
0.0528664
-0.0168954
-0.0565309
0.159905
0.0880412
0.0486773
-0.222363
0.0977068
0.480627
-0.326735
0.594179
