-0.652173
0.296122
-0.030421
0.0719203
0.046361
0.00184784
-0.0692764
0.0541654
0.0789182
-0.00672191
-0.0129749
0.0699419
-0.087313
0.0430505
0.0801592
-0.0163364
0.0129867
0.0436295
-0.0386185
0.00187087
0.0358226
0.0237542
-0.014328
0.058704
6.84063e-005
-0.0264306
0.043376
0.0112736
-0.0245827
0.0448128
-0.00492859
-0.0103863
0.0193649
0.0282091
-0.000192066
0.0194767
0.0194497
-0.0273656
0.00225955
0.0352362
-0.0169936
0.00635532
0.0255096
0.0119163
-0.0527264
0.027189
-0.0285578
-0.0233175
0.0405044
0.00369827
-0.0400226
0.0232411
-0.0125366
0.00368787
-0.0017321
0.0348622
-0.0837777
-0.0241007
0.0192352
-0.0151403
0.0280739
0.0599056
-0.0945278
-0.00724606
-0.00138905
0.01004
-0.0522543
0.0381633
-0.0850435
-0.112091
0.0945675
0.108257
-0.154343
0.107743
-0.190217
-0.270056
-0.104613
0.179578
-0.160502
0.10146
