-0.471201
0.154469
0.44711
-0.31141
0.081308
-0.156728
-0.262383
0.0371584
0.101361
-0.0502022
-0.0107059
-0.0113036
-0.0428573
-0.0458184
0.101435
-0.0830719
-0.0906973
0.00443099
-0.0412435
0.00243979
0.0516399
-0.0230451
-0.0572869
-0.0137044
0.0403084
-0.0483606
0.00940107
-0.017692
-0.0828789
0.010118
0.0279449
-0.0115075
-0.0105618
-0.0121541
-0.0219515
-0.0189589
0.0373893
-0.0296846
-0.0516846
0.00753904
0.0125314
-0.0403516
0.0372502
-0.00958312
0.0130375
0.0569261
0.00575029
-0.0413943
0.00973635
0.00846986
0.00722687
0.0104602
0.0336841
-0.0723478
0.0398294
0.068614
0.00451179
0.0153054
0.0155888
-0.0598655
0.0129205
0.0664871
0.0355311
-0.084602
0.0734294
-0.00763156
0.0177951
0.162865
0.00817682
-0.107246
0.0352032
0.0334762
0.043487
0.0557616
0.179878
-0.206179
-0.0863528
0.567912
-0.241445
0.402513
