-0.361461
0.207581
0.290362
-0.285056
0.0906776
-0.211263
-0.224745
0.102341
0.0532937
-0.0727626
-0.00220371
-0.0374207
-0.0286326
0.0243813
0.0434513
-0.142195
-0.039212
0.0267415
-0.0513744
0.0292322
0.00312351
-0.0696682
0.00907612
0.033196
-0.0200154
-0.0482935
0.00957758
-0.0367201
-0.0265062
0.0385505
-0.0439517
-0.0240437
0.0344364
-0.0103923
-0.0131332
-0.00419584
-0.0138251
-0.0355904
0.0190933
0.00271491
0.0120447
-0.035236
0.0488959
0.0406006
-0.0143154
-0.0132251
0.0185206
0.00190566
0.0314725
0.0149329
-0.028543
-0.0387644
0.0782009
0.00166094
0.0224974
0.0275916
-0.0367198
0.00959152
0.0847399
-0.00721548
-0.0368583
0.0111354
0.0348287
-0.0274671
0.119493
-0.00867099
-0.0735151
0.115516
0.0666561
-0.0461097
0.0407339
-0.00332022
-0.019062
0.0877032
0.230298
-0.17371
-0.123668
0.458846
-0.335426
0.40005
