-0.627068
0.320661
-0.00866805
0.0600244
0.00711975
0.0613506
-0.100722
-0.00432592
0.14957
-0.0130011
-0.0549654
0.0817735
-0.0628058
0.0179219
0.0762266
0.0410171
-0.0412151
0.0186515
0.0320271
-0.0264923
0.0273778
0.05155
-0.0619625
0.0173951
0.0409118
0.00922073
0.0107369
0.0365414
-0.00652402
-0.0292228
0.0337668
0.0150485
-0.0319191
0.0390516
0.000259036
-0.00764199
0.0285301
0.033237
-0.00592314
-0.00801007
-0.0280286
0.0212572
-0.0404638
-0.0214467
0.0238546
0.0133019
-0.0278326
-0.0115882
0.00431858
0.00413964
0.00232251
0.0546533
-0.0731283
-0.0264075
0.00149941
-0.000973071
-0.00428035
0.00948567
-0.0217698
-0.0453803
0.026318
0.0832634
-0.0831408
0.0048717
-0.0598541
-0.0570733
0.00928554
0.0702127
-0.041225
-0.0953362
0.0294064
0.0532836
-0.120125
0.169084
-0.219361
-0.308667
-0.07244
0.120931
-0.106265
0.177201
