-0.592628
-0.347646
-0.0153971
-0.116841
-0.19909
0.0192019
-0.0234468
-0.0658506
-0.164402
-0.00124443
-0.0772153
-0.0995774
-0.0705935
0.0264935
-0.0418526
-0.0332548
-0.0383061
0.0220342
-0.092513
-0.0410318
-0.029552
-0.00857426
-0.0658744
0.00697996
0.0024368
-0.000141398
-0.070107
0.0100681
-0.0250173
-0.0342983
-0.0420381
0.020469
-0.0108625
-0.00698141
-0.0275198
0.0271205
-0.049308
-0.017242
-0.0170931
0.00762486
0.055737
-0.00577018
0.00771764
0.0103427
0.0290192
-0.0121527
0.0157028
0.0449479
0.0400809
-0.00342698
0.047827
0.0326816
-0.00243777
-0.0157651
0.0393405
0.0434933
-4.78041e-005
0.038084
0.0953603
0.0223568
0.00334497
0.0265785
0.0477226
-0.00261471
0.00326605
0.11526
0.0859502
0.0197942
0.0832073
0.115834
0.00328361
-0.0484018
0.072264
0.218423
-0.046326
0.136896
0.50214
0.388178
-0.09471
0.336105
