-0.624423
-0.414477
-0.143252
-0.0757456
-0.224551
-0.11997
-0.0145661
0.000389113
-0.128217
-0.052732
-0.0274234
0.00218071
-0.127004
-0.0406974
-0.0403533
-0.0129951
-0.104001
-0.0356392
-0.0170036
-0.00891882
-0.071168
-0.00925311
-0.00929525
0.00604739
-0.0682049
0.00130389
-0.0175409
-0.00788449
-0.0684718
-0.0108359
-0.0136861
-0.0109644
-0.0485301
0.00264314
-0.00154847
0.001569
-0.0428241
0.0160447
-0.0121291
-0.00121842
0.037433
0.0193269
-0.00196601
-0.00162034
0.0420126
0.0315218
0.0110376
0.0101274
0.0591846
0.0286673
0.00819702
0.00422414
0.0525975
0.017756
-0.0119942
0.0139711
0.0512589
0.0404451
-0.00137922
0.0425176
0.0901232
0.0458871
0.0123409
0.0341698
0.102817
0.0225196
-0.0302217
0.0409654
0.103897
0.062975
-0.0571112
0.135799
0.208336
0.130507
-0.0363271
0.218037
0.505383
0.140243
-0.162089
0.441732
