-0.625008
-0.351391
-0.139391
-0.0451701
-0.167102
-0.0943872
-0.0254512
0.0339624
-0.143042
-0.0531421
-0.0656638
0.00437976
-0.116195
-0.065105
-0.0389626
0.0130873
-0.057287
-0.0241959
-0.0253364
0.0320275
-0.0686058
-0.0260468
-0.041508
0.00712109
-0.0595636
-0.0282734
-0.0135855
0.0240942
-0.0411972
-0.00426157
-0.0222086
0.0202815
-0.052118
-0.020357
-0.0237684
0.0166344
-0.0321831
-0.00400151
-0.00935338
0.0302651
0.0307714
0.00778092
0.0115527
0.0282414
0.0521435
0.00376707
0.0139278
0.0153768
0.0385428
-0.00343127
-0.00617255
0.0332001
0.0505494
0.0226912
0.0178874
0.0467799
0.0699891
0.00409217
-0.00127388
0.0282192
0.0460796
0.0214824
-0.00537401
0.078161
0.0938865
0.0467613
0.0221309
0.0683055
0.0954793
0.00876483
-0.0549428
0.108375
0.128136
0.115921
-0.0381243
0.265726
0.440496
0.207329
-0.121416
0.473935
