-0.574671
-0.422512
-0.167991
-0.0557075
-0.169426
-0.1232
-0.0496543
0.0340071
-0.100087
-0.0757379
-0.0797315
0.00971834
-0.0997453
-0.0769064
-0.0650763
0.00319001
-0.0535569
-0.044403
-0.0415633
0.0292411
-0.0424341
-0.0278133
-0.0584422
0.0146297
-0.0435135
-0.0368183
-0.050246
0.0100335
-0.0188008
-0.0198652
-0.0341695
0.0264967
-0.023881
-0.0115988
-0.0498376
0.0128639
-0.0276799
-0.0187727
-0.0417103
0.0094646
0.0296805
-0.00196985
0.0372795
0.0266293
0.0252853
-0.0186219
0.0219047
0.0338807
0.0231902
-0.000768479
0.0315079
0.0544252
0.0488377
-0.000458892
0.0323628
0.0388099
0.0356012
-0.0149142
0.00769615
0.0623016
0.0484394
0.0185294
0.0311899
0.0917122
0.0997224
0.00271045
0.0233382
0.0725847
0.0815783
0.00730564
-0.0397934
0.150581
0.148709
0.0996147
-0.000252365
0.274647
0.468513
0.140969
-0.0544361
0.506231
