-0.588579
-0.384096
-0.246319
-0.0427512
-0.125317
-0.129335
-0.0974695
0.0157601
-0.0600381
-0.0548721
-0.116394
0.00442839
-0.0573545
-0.0406051
-0.10819
-0.0219433
-0.0325782
-0.022939
-0.0746209
-0.0105091
-0.017192
0.0113099
-0.0655388
-0.0121461
-0.0286837
0.00933144
-0.0620738
-0.0263823
-0.0288086
0.00704761
-0.0386425
-0.0167728
-0.0208705
0.022794
-0.0263283
-0.00323159
-0.0381336
0.0174255
-0.0310862
-0.012047
0.0214873
0.0173976
0.0341807
-0.00835502
0.0065066
0.0225285
0.0403314
0.011033
0.0141805
0.0328717
0.0609435
0.0150566
0.0150058
0.0130426
0.0477735
0.0200164
-0.00411341
0.017538
0.0495668
0.0592687
0.0234387
0.027223
0.0768559
0.0765721
0.0472103
-0.00138715
0.0453615
0.080159
0.0354495
0.00694932
0.0182678
0.182047
0.116755
0.0818755
0.0439725
0.286443
0.387921
0.109474
-0.0220582
0.542715
