-0.620515
-0.267816
0.0217494
-0.145832
-0.130476
0.0962032
-0.118934
-0.115777
-0.100193
-0.0388188
-0.115514
-0.00605908
0.0164052
-0.0153506
-0.102276
0.0207433
-0.0644611
-0.0748676
-0.0332577
0.0237631
-0.0477823
0.00979932
-0.0163537
-0.0236873
-0.0836492
0.00843639
-0.0113758
-0.0180558
-0.0156713
0.0344023
-0.0550337
-0.0156309
-0.0203695
-0.0172862
-0.0413659
0.0246343
0.00221772
-0.00595587
-0.0359099
0.013809
0.0298695
-0.0271362
0.00950162
0.0371198
0.0106026
0.0141789
0.0650572
0.0149706
-0.00795661
0.0106544
0.0240314
0.00671906
0.0357471
0.0709676
0.0281418
-0.0179425
0.0471035
0.0197943
-0.0316753
0.0522472
0.0808924
0.0294134
0.0513611
0.0682717
-0.0142423
-0.0303481
0.0621384
0.126312
0.00846287
0.0940016
0.165396
-0.00523073
-0.0662912
0.164983
-0.0109178
0.0512244
0.368947
0.619703
-0.0496184
0.175832
