0.139555
-0.242763
-0.378449
0.0151068
0.0533891
-0.0624149
0.0794593
-0.0471927
-0.0919676
-0.0154951
-0.136357
0.0156418
-0.0541791
-0.0537053
0.0479414
-0.0371535
-0.0390284
0.0237832
-0.0651039
0.0173674
-0.0426346
-0.0246697
0.00214797
-0.0477323
-0.0174525
0.0190906
-0.0393097
0.0332486
-0.0110522
-0.0131785
-0.0159554
-0.0325261
-0.0265918
-0.00555514
-0.0297578
0.0335304
-0.002548
-0.00195556
-0.000697703
-0.0171959
0.0191212
-0.0143784
0.0107101
0.0256071
0.0128107
0.0415932
0.000993925
0.0122792
0.0352541
-0.0289781
0.0301264
0.0251653
-0.0183673
0.0425314
0.00100513
0.0276594
0.0364811
-0.00714716
0.0683173
0.0140403
-0.0219918
0.0491258
-0.0475027
0.0130051
0.063319
0.044778
0.0890275
0.0518739
0.0400866
0.0674857
-0.116547
-0.0197548
0.0639836
0.0344683
0.144614
0.358069
0.188903
0.240393
-0.521932
0.0202259
