0.116729
-0.20682
-0.35742
-0.00277766
0.0296167
-0.125654
0.0650566
-0.0518628
-0.0785017
0.0163675
-0.106034
0.035578
-0.0473808
-0.0704469
0.0113455
-0.0643297
-0.058608
0.0232372
-0.033877
0.0181167
0.000985944
-0.0162422
-0.0132681
-0.0333831
-0.0542168
0.00709666
-0.0441412
-0.000144056
0.0156383
-0.0249516
-0.0033755
0.00278748
-0.0346683
0.0145739
-0.0336796
0.00510934
-0.00693709
-0.033521
-0.00353774
-0.00929884
0.0103854
0.0048882
0.0373436
-0.0075501
0.0287091
0.0220477
-0.0253029
0.0170094
0.00229173
-0.00861082
0.0391832
0.0288422
0.0315817
0.0325102
0.0068763
0.0214509
-0.00490321
-0.0303089
0.0486953
0.0159128
-0.00236318
0.0839574
-0.00950521
0.0342331
0.0579765
-0.000111073
0.0765796
0.004913
0.015205
0.0838943
-0.128206
0.0404939
0.104603
0.0288251
0.184218
0.281143
0.204479
0.208287
-0.563829
0.0676517
