0.070734
-0.183741
-0.342817
-0.0505246
0.108891
-0.145076
0.0471389
-0.0385947
-0.0956174
0.0169806
-0.115014
0.00136415
-0.00505553
-0.113874
-0.0285912
-0.0213845
-0.0596815
0.0282609
-0.0141274
0.00531664
0.00021392
-0.0467981
-0.0385523
-0.00923903
-0.0720986
0.00554933
0.00431091
-0.0274531
0.0075586
-0.0109138
-0.0281681
0.0137922
-0.0469882
0.012292
-0.00746075
-0.0423587
-0.00858935
-0.0114142
-0.0324946
0.0207254
-0.0092389
0.02293
0.0258549
-0.00292623
0.0428117
-0.00571161
0.022162
0.0252198
-0.0324765
0.00921359
0.0254364
-0.00640696
0.0505975
0.0485213
0.0215095
0.0268423
-0.00351585
-0.00647227
0.0309073
-0.0316372
0.0383578
0.0779006
-0.0239701
0.066485
0.0557768
-0.011123
0.0927139
0.00933801
0.0497856
0.0609224
-0.122325
0.0741663
0.0598899
-0.0111619
0.260325
0.32306
0.209881
0.197282
-0.498331
0.0923398
