0.263897
-0.320397
-0.355333
0.0337391
-0.0150431
-0.00345258
0.106587
-0.0565096
-0.0159435
-0.0812245
-0.0984971
-0.0137629
-0.123747
0.0184898
0.0214191
-0.0352531
0.0303442
-0.0287249
-0.0307391
-0.00828807
-0.0719742
0.0245655
-0.0495888
-0.00547686
0.0210924
-0.0423838
0.00365698
-0.000738722
-0.0379499
0.0181852
-0.0395429
0.0120773
-0.0189734
-0.0235309
0.0167449
-0.0305727
-0.0167627
0.0189364
-0.0296475
0.0228681
-0.0164866
0.0231375
-0.00444529
0.0102978
0.0236431
-0.00422222
0.0513697
-0.00741181
0.0165994
0.0297945
-0.0399187
0.0174742
0.00647
-0.00399755
0.0493159
0.0125572
0.0640635
0.0187403
-0.000705565
0.0442553
-0.0529044
-0.014645
0.0337257
-0.00483265
0.0822601
0.0793057
0.056484
0.0569434
-0.0243504
0.023998
-0.0705687
-0.0751692
0.137016
0.0989869
0.107047
0.379829
0.162638
0.181912
-0.55652
-0.0709217
