0.590011
-0.396042
-0.145147
-0.0827533
-0.092017
-0.00681018
-0.0104558
0.0991397
-0.0148427
0.0634567
0.0740642
-0.0309416
0.0210019
-0.0599534
0.0204671
-0.0904264
0.00882393
-0.0403405
-0.0354793
0.023256
-0.0207053
0.0223318
-0.0286819
0.0315898
-0.0163599
-0.0073004
0.0341803
-0.0359523
0.0215587
-0.0242277
0.0180396
-0.0259689
-0.00816877
-0.00142145
-0.0469117
0.0110784
-0.0262572
-0.00090735
-0.0122361
0.0105016
0.0355468
0.0237986
-0.00432685
0.018645
-0.017736
-0.0108853
-0.0244784
6.83696e-005
-0.0140951
-0.0222289
0.0449307
-0.0230402
0.0540946
0.00277721
0.0397241
-0.00573731
0.0157349
0.0285361
-0.0507368
0.0461968
-0.0246329
0.0026553
0.00785123
0.00274046
0.0301815
-0.0730032
0.0976056
-0.0743409
0.0546919
0.0392729
0.013757
0.0761553
0.0475226
0.233533
-0.106489
0.155877
0.129977
-0.152905
-0.414012
-0.229911
