0.61434
-0.429036
-0.0315465
-0.149431
-0.0731862
0.0018608
-0.0238433
0.042491
-0.0698931
0.0958044
-0.0495811
0.0171706
0.0329419
-0.0379514
0.048431
-0.0171768
0.0549731
-0.0312366
0.0360573
-0.0509936
-0.0319407
-0.0314099
-0.0565654
-0.0123643
-0.023874
0.00383415
-0.0109542
0.0433663
-0.00512049
0.030571
0.0106665
-0.0120664
0.0101319
-0.0262798
0.00867162
-0.0239883
0.0200004
-0.0238622
-0.00263496
0.000864925
-0.0189706
-0.000189182
-0.013623
-0.0103894
0.0272291
-0.0277657
0.0452202
-0.015737
0.0224331
-0.00370927
0.013451
0.014097
0.0199572
0.0522713
-0.0109023
0.0455224
-0.0162895
-0.0162766
-0.0197611
-0.0323315
-0.0420963
-0.0308459
0.0154939
-0.0348962
0.104185
0.00433451
0.0980353
0.0247248
0.0398243
0.00829881
0.0154601
0.094772
-0.125459
0.213078
-0.0870232
0.0634366
0.147949
-0.0163054
-0.412007
-0.402013
