0.542229
-0.386758
-0.157716
-0.0261119
-0.0532753
0.0735818
0.0293303
0.0689342
0.0346038
-0.0190086
0.0527146
-0.124929
0.0015565
-0.0698023
-0.0184814
-0.00812414
-0.0229789
0.0460861
-0.0381067
0.0249187
0.00197398
-0.0393264
0.0198234
-0.0463669
0.0206386
-0.0334278
-0.00182834
0.000898731
-0.0428817
0.018934
-0.0346918
-0.000825152
0.00369347
-0.00648787
0.0236742
-0.0168392
0.0238579
-0.0231803
-0.0208329
-0.00641295
-0.0181297
-0.0199911
-0.0081912
-0.0143814
0.0315022
-0.0119817
0.0583246
0.0144096
0.0141875
0.0114141
-0.0179921
0.00461996
-0.0341226
0.0111964
0.00193622
-0.0218277
0.0674434
-0.0252674
0.051535
-0.00556519
0.0127266
0.0208014
-0.0200297
0.0720866
-0.0386279
0.0273838
0.0498355
-0.073534
0.0604378
-0.0688526
0.0732969
-0.0330842
0.0815306
0.198119
-0.0291457
0.2495
0.144657
0.0501822
-0.414949
-0.271608
