0.605947
-0.432583
-0.0227888
-0.10017
-0.084256
0.0561527
-0.0187704
0.0589942
-0.0318352
0.0532433
-0.0150807
-0.027423
0.0722101
-0.0773262
0.0612997
-0.0379195
0.00812162
-0.0152149
-0.0286292
-0.0241875
-0.0601076
0.00703838
-0.0364738
0.0242902
0.0212627
0.0110723
0.036242
-0.00217547
0.00697382
-0.0284605
0.000194673
-0.0485787
-0.0110884
-0.0189824
-0.0241527
0.0203882
-0.016782
0.0176693
-0.013053
0.00815839
0.0168074
0.014675
-0.0180398
0.0201013
-0.00504283
0.0187321
-0.00222578
0.00668235
-0.00734809
-0.0349429
0.0106664
-0.0509317
0.03287
0.00225141
0.0311578
0.0332158
0.0417697
0.0220125
0.0161006
0.0232268
-0.0628685
0.00245556
-0.0441371
-0.028415
0.0384917
-0.0208809
0.0854432
-0.025103
0.0817192
-0.0541929
0.0762418
0.0551236
-0.0590437
0.223086
-0.0570824
0.133047
0.153337
0.0805057
-0.46248
-0.380931
