-0.57764
0.414085
-0.0812481
-0.0479469
0.0519059
0.110042
-0.00738165
0.043452
0.0301066
-0.0477574
-0.0175168
0.133632
-0.048327
0.00725559
0.0770426
0.00575264
-0.0151928
0.0367505
-0.00136196
0.00380198
0.0274164
0.0345284
-0.0414864
0.0315269
0.0649405
-0.0184333
0.000327046
0.0182164
-0.0112558
0.0306729
0.0231508
-0.00397379
-0.0100469
0.0401182
0.0290398
-0.0221378
0.0129765
0.0086741
-0.0125675
0.0306562
-0.0291298
0.0171328
0.00966284
-0.0200452
-0.01278
0.0336692
-0.0391747
0.00569178
-0.00924132
-0.0358028
-0.00286307
0.0369981
-0.0305189
-0.0217728
0.00846002
0.0309364
-0.0544392
0.0064405
-0.0396015
-0.0487443
0.0527655
0.0186266
-0.0888405
0.0177406
0.00455572
-0.0123956
-0.0707692
0.0214332
-0.0772249
-0.053001
0.0704426
-0.0559547
-0.176148
0.193562
-0.112888
-0.197924
-0.1688
-0.148274
-0.336069
0.325026
