0.571485
-0.444612
-0.0788752
-0.0306509
-0.0959683
0.118753
0.0635639
0.011357
0.0238742
-0.0432173
0.00814348
-0.111788
0.0356269
-0.0731345
-0.0176314
0.0377684
-0.0567206
0.0415527
-0.0193657
-0.0298277
0.0110615
-0.0412903
0.0180293
-0.0275055
0.018373
-0.0172936
-0.0362647
0.0102364
-0.0574263
0.00570502
0.00330659
-0.0168378
0.0343344
-0.00759379
0.00747277
-0.0103676
-0.0169699
-0.0256858
-0.0318832
-0.00458678
0.0135375
0.0129358
-0.0274878
-0.0185508
-0.00648535
-0.0324312
0.0401582
0.00632898
0.0405735
0.0105451
0.0242037
-0.0080372
-0.0127838
0.0175129
-0.0372897
0.0155634
0.0198815
-0.0310897
0.0893307
-0.0268295
0.0373883
0.0173846
-0.0230033
0.0283236
0.0021176
0.0671828
0.00297934
0.00909797
0.0409164
-0.122444
0.113221
-0.0753554
0.0466921
0.200845
0.00709633
0.215663
0.255361
0.180775
-0.52266
-0.198833
