0.571462
-0.432098
-0.0989783
-0.0106797
-0.0661913
0.105341
0.0273877
0.0370994
0.00547059
-0.0396437
0.0398716
-0.124043
0.0497553
-0.0518676
-0.0207647
0.0263493
-0.049324
0.0111325
-0.0392878
0.000482987
0.00832235
-0.0167881
0.0590741
-0.0353428
0.0115497
-0.0230024
-0.04903
-0.0164465
-0.0376028
-0.00245278
-0.00841859
0.0275441
0.0165583
0.00273266
0.019634
-0.042113
-0.0111747
-0.0303966
-0.0194025
-0.00646377
-0.00534419
-0.00331762
0.013725
-0.0308597
0.00394878
-0.032583
0.0223093
-0.00311133
0.0439354
0.0407898
0.006276
0.0272862
-0.0216812
-0.0300423
-0.0165028
-0.0178404
0.0131284
-0.00776982
0.0885782
-0.0121679
0.0652094
0.0251067
-0.0430428
0.0293
-0.049388
0.0180817
0.0328404
0.00111496
0.062626
-0.0811178
0.130246
-0.078501
0.0418787
0.18646
-0.0455687
0.237407
0.189019
0.175338
-0.408346
-0.294617
