-0.487361
0.425316
-0.166882
-0.050421
0.129551
0.0915215
-0.036718
0.0458823
-0.0037691
-0.0100247
0.0345406
0.0705889
-0.0846426
0.0613788
0.0938379
-0.0342694
-0.0151298
0.0386026
-0.0133766
0.0491087
0.0184589
-0.0142802
0.0101314
0.0556664
-0.00145093
-0.0187872
0.0367035
0.0180635
-0.027738
0.0410389
0.00580044
0.0105803
0.0418616
-0.011524
-0.0224317
0.0334755
0.0211813
-0.00854436
0.00161149
0.0264846
-0.0120506
-0.0313002
0.0074654
0.014796
-0.0149651
0.0257428
-0.0324163
-0.015433
0.00944152
0.0210551
-0.0594434
-0.00444943
0.0244576
-0.00882626
-0.0176098
0.0380749
-0.0616024
0.0123084
-0.0107527
-0.0482637
-0.00764049
0.0588164
-0.0492757
-0.0443977
-0.00199769
0.0430579
-0.0728274
0.0247897
-0.0959155
-0.0777226
0.0883862
-0.00731059
-0.225464
0.139466
-0.062463
-0.157318
-0.199836
-0.15188
-0.375846
0.355754
