-0.336546
0.00302625
-0.00211956
-5.42814e-005
0.0255413
-0.00314946
-0.0014244
0.00363852
0.0167809
0.00221722
0.00437204
-0.00759512
0.00262458
0.000606315
0.000152999
-0.00492745
-0.00370818
-0.00111649
-0.000283798
0.00237173
-0.00562178
-0.00228814
0.00183379
5.78618e-005
0.000925862
1.9183e-005
-0.00118333
0.000768754
0.000483275
0.000453941
0.00106643
-0.000570551
0.00171179
-0.00111159
-0.000805873
0.00051898
0.000159728
0.000258214
-0.00156882
0.00129244
0.000945332
0.000636639
0.00219269
-0.000444145
0.00120709
0.00116834
0.000520837
9.77954e-005
-0.00106883
0.00304883
0.000167122
0.00109007
-0.000902288
-0.0013134
-0.000565492
0.0025084
-0.000958157
0.000126984
-0.00391226
0.00109155
-0.00200365
0.000540985
0.00335933
0.000334547
0.00214972
0.000323803
0.000264817
0.00226108
-4.39178e-005
-0.00163224
-0.00597152
0.000937893
-0.00125721
-0.0018925
0.00236569
-0.000614437
0.00208776
0.00794556
-0.0152204
-0.0976501
