-0.567817
0.00334079
-0.00670268
0.0326053
0.0452973
0.00293496
-0.000874102
0.00203879
0.00660855
0.00296812
-0.00058338
0.000237497
0.00883178
0.00345011
0.00157221
-0.00547796
0.0020072
0.00239257
0.000767692
-0.00028437
-0.00176061
-0.00281055
0.00287237
0.00244623
-0.000765371
-0.00293489
-0.00178997
0.00234936
0.000224061
-0.00135881
-0.00152368
0.00159316
0.00033191
0.000286545
0.000338398
-0.000378513
0.000999592
0.00115243
0.00133958
0.000603
-0.000465959
0.000405962
0.000589521
0.000241609
-0.00188365
-0.000109312
0.000603484
0.00150493
-0.00226145
-0.00107699
0.00125678
0.000118886
0.0012766
0.000320565
0.000628037
0.000230856
0.000225862
0.00224533
0.00173604
-0.00304127
-0.00112386
0.00316594
0.00401517
0.00197882
0.000701297
-0.00242029
-0.0031222
0.00234713
0.00189198
-0.000651211
0.00183805
-0.00181147
0.00411124
-0.00222245
-0.0193337
0.0121021
0.00926579
0.00796576
0.00139345
-0.192229
