-0.313222
-0.0132262
-0.00615009
-0.00636351
0.0203606
0.0110399
0.00422722
0.0039635
0.0138792
-0.00133811
0.00359956
-0.00495178
0.00101402
-0.00048911
0.005802
-0.00116623
0.000362268
-0.000863315
-0.00126225
-0.00110976
-9.56859e-006
-0.00023427
-0.00240402
0.00148835
-0.00299021
0.000982492
0.000554748
0.000521533
-0.00110304
0.00138771
-0.000829626
0.00101368
-0.000444944
-0.000382857
-0.00126197
0.000534648
0.00145958
-0.000762505
-0.000909805
-0.000747285
-0.000592424
-0.000625398
0.000567024
0.00186787
0.000524675
0.00281161
-0.00119142
0.000564981
0.00190676
0.00193555
5.56777e-005
0.00182177
-0.000988828
0.0010512
0.000782633
0.000407933
-0.00140986
0.000871379
0.00240525
0.00128957
0.00284448
-0.000875169
-0.00273555
0.000925311
9.49583e-005
-8.69056e-005
0.00151622
-8.80265e-005
-3.81446e-005
-0.000982985
-0.00615811
-0.00495415
-0.00713834
-0.00324852
0.0124175
0.0104459
0.0109672
-0.0184656
-0.00770331
-0.0816834
