-0.439739
0.00623287
0.00585455
0.00731552
0.0268458
-0.00240417
-0.00319499
0.00834684
0.0100435
0.000168885
0.00186173
-0.00793659
0.00314233
0.00122103
0.00041
0.000677218
-0.000119966
0.00213378
0.000914459
0.000149424
-0.00167822
-0.000366976
-0.00134495
0.00165739
-0.00234827
0.00160619
-0.000413084
0.0013249
0.00070712
0.0007423
0.00230109
-0.000315055
6.73914e-005
0.000897024
0.0010823
-0.000500526
0.00153619
-0.000283685
0.000832917
-0.00035665
0.00119754
-0.00093062
-0.00176632
-0.000355329
0.00102163
0.000417798
0.000146665
0.000738631
0.00121277
-0.000292226
-0.000114816
0.000920683
-0.00170868
0.000240088
1.8973e-005
0.000398177
0.00307054
0.000197247
0.00316111
0.00143285
0.000242805
0.00199744
0.000168328
-0.000793624
0.00278243
-0.00113082
0.0028104
0.00196485
-0.00270693
-0.000793183
-0.00390148
0.00181967
0.0037565
0.00198639
0.000616043
0.0124757
-0.000488186
0.00273614
-0.0115773
-0.102802
