-0.358725
0.00165608
-0.0146316
0.00028305
0.0196262
0.0125675
-0.010788
0.0125724
0.00766009
0.00373877
0.00322868
-0.0028249
0.00144153
0.00221463
0.0030215
-1.58672e-005
0.00389863
-0.000807026
0.00188691
-0.000617341
-0.0012557
-0.000988623
0.00191153
-0.000519098
-0.00134592
-0.00101604
-0.00190241
-0.000281409
-0.00221941
-0.000512829
-0.00193532
-0.000419729
-0.000141157
0.00133166
8.03069e-006
-5.72243e-005
-0.000150614
0.00178359
0.0014436
-0.000609223
0.00134353
0.00113982
-0.000382556
0.0011034
-0.000759545
-0.000933198
-0.00178399
0.0014862
-0.000338158
0.00078066
-0.000752067
2.68346e-005
0.00184249
0.000939218
0.000648954
0.00148625
0.00045154
0.00137667
0.00347199
0.00091469
-0.000465251
0.000447191
-0.000595253
0.00196966
-5.95729e-006
-0.000195807
-0.000254677
0.00231769
0.000269873
0.000625563
-0.00455818
-0.00399723
-0.000821767
-0.00175538
0.0167227
0.00578716
0.0331646
0.000961241
0.00600629
-0.101505
