-0.368443
0.0034134
0.00622439
0.0111705
0.0105935
-0.00110218
-0.00226562
0.00960164
0.023168
0.00329561
0.000759533
-0.00403386
0.000579426
0.000889783
0.000165434
-0.00511316
0.00196783
-0.00198116
-0.0022055
-0.0010255
-0.00415824
0.00198091
0.00116167
-0.00115463
0.000327934
0.000768265
0.00131398
-0.00130435
-0.000935189
0.00216799
-0.00191993
-0.000352677
0.00104459
-0.000678609
0.00028339
0.00183173
0.00182289
-0.000128909
-0.000707393
0.000876168
0.000552558
0.000510239
0.000899855
-0.000657313
0.000487813
0.00198343
-0.000861322
-0.0002848
6.83683e-006
0.00154414
-0.00118689
0.000621784
0.00360934
0.000774059
-0.00222614
0.00297911
-0.00249015
-0.000954057
-0.00268057
-0.00201854
0.00110802
0.000575723
0.000167131
0.00163693
0.00213263
0.00246842
0.00340005
-0.0019473
-0.000732894
0.00120209
-0.00103832
0.00293559
0.00424676
-0.00201281
0.00340408
-0.000636839
-0.00136658
0.00415712
0.0174152
-0.0771758
