-0.0447964
-0.0943589
0.241331
-0.106137
-0.043462
-0.0635008
-0.0312863
-0.0647676
-0.0133323
-0.0500713
-0.0134423
-0.0502102
-0.0221859
-0.0317727
-0.0104553
-0.0315664
-0.0159231
-0.0303695
-0.0171505
-0.0228783
-0.0106431
-0.0229416
-0.0140899
-0.0227718
-0.0134591
-0.016192
-0.0132799
-0.0186282
-0.0152106
-0.0184755
-0.0143603
-0.0167494
-0.0125819
-0.0133337
-0.00978102
-0.0125827
-0.0124839
-0.0112177
-0.0131164
-0.00987244
0.015641
-0.00209352
0.018943
-0.00426477
0.0175394
-0.0011173
0.0168451
-0.000777685
0.0198766
-0.00307399
0.0204432
0.00250796
0.021716
0.00439514
0.0252646
-0.00241115
0.0312411
0.00268928
0.0270792
0.00394084
0.0278583
0.000155062
0.0428833
0.00857736
0.0360593
0.0146888
0.0382735
0.0109576
0.0583308
0.0100533
0.0665299
0.0387698
0.0571224
0.0428732
0.109024
0.0335963
0.204283
0.178419
0.107516
0.479605
