-0.111482
-0.0724925
0.239483
-0.110509
-0.0300988
-0.055605
-0.0291549
-0.0522888
-0.0171776
-0.0395201
-0.0193758
-0.0485274
-0.0199698
-0.0306393
-0.0159652
-0.0269605
-0.0131558
-0.0276613
-0.0135927
-0.020499
-0.012047
-0.0172227
-0.0165518
-0.0224597
-0.0120844
-0.0169825
-0.0124972
-0.0145831
-0.0129412
-0.0146266
-0.0106069
-0.0141515
-0.0115276
-0.0121529
-0.0124894
-0.0117838
-0.0138739
-0.0136292
-0.0116763
-0.00993632
0.0161563
0.000677399
0.01434
0.000115531
0.0146323
-0.00250338
0.0178964
0.000136049
0.0203673
0.00102591
0.0165671
0.00153873
0.0237513
-0.000661443
0.0253152
0.00372555
0.0232555
0.00468992
0.0233456
0.00150937
0.0343415
0.00565514
0.036737
0.0143965
0.0278794
0.00863661
0.0419791
0.0125826
0.0564623
0.0210563
0.0544681
0.0476468
0.0513252
0.0336845
0.126786
0.0378971
0.160712
0.197543
0.0200523
0.465476
