-0.121294
-0.103843
0.261284
-0.120534
-0.0247175
-0.0609235
-0.0277493
-0.0654498
-0.0182831
-0.046289
-0.00768637
-0.0551845
-0.0215661
-0.0287935
-0.0114701
-0.0304208
-0.0161196
-0.0307701
-0.0174285
-0.0317432
-0.0179073
-0.0186939
-0.0102126
-0.0228543
-0.0148238
-0.019535
-0.0147765
-0.0152768
-0.0157148
-0.0153765
-0.0151874
-0.0168877
-0.0101352
-0.0113302
-0.00789345
-0.010613
-0.00868058
-0.0135154
-0.0122408
-0.010486
0.0175772
-0.0049401
0.0159807
-0.000617257
0.017431
-0.0069926
0.0225487
-0.00465164
0.0215218
0.000668709
0.0188825
0.00472023
0.0199006
-0.00147761
0.0303984
0.00461316
0.0250744
0.00401765
0.0234267
0.00301362
0.032987
0.00123684
0.0350073
0.0133487
0.0312863
0.0160775
0.0480052
0.00868029
0.0641542
0.0121751
0.0506253
0.0339352
0.0512419
0.03989
0.112057
0.0331464
0.205204
0.216828
0.0511856
0.447607
