-0.0133039
-0.058204
0.210595
-0.102713
-0.0429594
-0.0666935
-0.0294435
-0.0554513
-0.0184764
-0.046728
-0.0132923
-0.0441506
-0.0176348
-0.0254806
-0.0184432
-0.0292539
-0.0175785
-0.031718
-0.0162097
-0.0205487
-0.0161485
-0.0202471
-0.0120427
-0.0202664
-0.0120597
-0.0145969
-0.0150572
-0.0175409
-0.0143965
-0.0142241
-0.0121562
-0.0141241
-0.0139429
-0.0137392
-0.0123378
-0.0103209
-0.0109439
-0.00780214
-0.0110464
-0.00721056
0.0181327
-0.0034996
0.0181252
-0.000534255
0.014868
0.000183464
0.0159455
-6.11936e-005
0.0206235
0.00178563
0.0207414
0.00444354
0.0196277
0.000848522
0.0246699
-0.000667287
0.026855
0.00866917
0.0232108
0.00419685
0.0305514
0.00458129
0.0363032
0.0144242
0.0307794
0.0132139
0.0395254
0.0145339
0.0586741
0.0188834
0.0571601
0.0376883
0.0505683
0.0348672
0.103927
0.0475922
0.175957
0.175846
0.0780031
0.495572
