-0.0991601
-0.182048
-0.0211233
-0.128391
-0.0224064
-0.0991734
-0.0191696
-0.0781091
-0.0193098
-0.069311
-0.0258245
-0.057916
-0.0223
-0.0471897
-0.019668
-0.0423199
-0.0173548
-0.0363141
-0.023386
-0.0370047
-0.0187103
-0.0329282
-0.0206869
-0.0294677
-0.0181633
-0.0245203
-0.0219436
-0.023759
-0.0161249
-0.0217604
-0.0196787
-0.019745
-0.0246112
-0.0208503
-0.0185943
-0.0162111
-0.0221421
-0.0148584
-0.0197008
-0.0149143
0.0174058
-0.019026
0.0195461
-0.0176577
0.0187675
-0.0230627
0.0238458
-0.0169806
0.0244018
-0.018594
0.0240699
-0.0189189
0.0279602
-0.0132868
0.0320958
-0.0189483
0.0375182
-0.0168922
0.0382646
-0.0184825
0.0432365
-0.0137963
0.0465128
-0.0187115
0.056279
-0.014885
0.0647303
-0.0151527
0.0798067
-0.0173276
0.104358
-0.0203511
0.120948
-0.00530669
0.160896
0.00126835
0.317344
-0.0338715
0.952719
-0.0120704
