-0.196166
0.286614
-0.0775124
0.171929
0.00492152
0.135778
0.00162606
0.0963602
0.00264958
0.0741118
0.00803736
0.0658084
0.00736333
0.0560108
0.00434377
0.0530415
0.0077048
0.046038
0.00454704
0.0426831
0.00947232
0.0374443
0.00866627
0.0346279
0.00909475
0.0295118
0.0117402
0.02687
0.0105705
0.0264569
0.0113711
0.0237381
0.0110537
0.0217416
0.0121715
0.0217879
0.00935165
0.0203524
0.0125157
0.0182381
-0.0162274
0.0136854
-0.015684
0.0189636
-0.0172512
0.0158183
-0.0189387
0.0180996
-0.0190258
0.0191626
-0.0228003
0.0198099
-0.0252595
0.0183946
-0.0263694
0.0189013
-0.0325022
0.0183571
-0.0338872
0.0182997
-0.0374596
0.0207105
-0.0421221
0.0178012
-0.0489548
0.0255451
-0.0508195
0.0238221
-0.062772
0.0244063
-0.0729068
0.0288613
-0.0913824
0.0333451
-0.126298
0.0365718
-0.162936
0.0350771
-0.264723
-0.0598627
