-0.479538
0.221252
-0.0984428
0.174862
-0.0437981
0.0979521
-0.0322576
0.0791383
-0.0150069
0.0642689
-0.0233731
0.0532612
-0.0116539
0.0504721
-0.0134335
0.0425087
-0.0075704
0.0413139
-0.0049881
0.0337042
-0.00277063
0.032033
-0.00212763
0.0297331
-0.000685753
0.030711
0.0010873
0.0254345
-0.00101389
0.0230554
-0.000156223
0.024432
0.00235672
0.0200537
0.00201416
0.0218907
0.00176685
0.0195489
0.0035172
0.0183115
-0.00753237
0.016613
-0.00790147
0.019888
-0.0110017
0.0181851
-0.0101544
0.0191035
-0.0104639
0.0209684
-0.01458
0.0187847
-0.0147929
0.0226147
-0.0162139
0.0259265
-0.0181491
0.0266254
-0.0222417
0.0250987
-0.0229165
0.027528
-0.0260638
0.0282715
-0.0301035
0.0320811
-0.0339147
0.0342912
-0.040819
0.039781
-0.0531167
0.0461298
-0.0599981
0.0509296
-0.0838874
0.0624226
-0.11365
0.0895119
-0.129073
0.045426
