-0.168531
0.286447
-0.0639489
0.146079
0.00156824
0.114519
-0.00100638
0.0841815
-0.00347119
0.07082
0.00458832
0.0590766
0.00546897
0.0493531
0.00669651
0.0455832
0.00830634
0.0410533
0.00625339
0.0358355
0.00860892
0.0332354
0.0121809
0.0288577
0.00910798
0.0274661
0.0125425
0.0262486
0.00967194
0.0238187
0.0112621
0.0207399
0.0119401
0.0204467
0.0128429
0.0180095
0.0118616
0.0157419
0.0117319
0.0154342
-0.01167
0.0159127
-0.0139281
0.0157866
-0.0161843
0.0178242
-0.0176912
0.0176666
-0.0192545
0.0147105
-0.0216047
0.0174284
-0.0220437
0.0164775
-0.0249322
0.0194712
-0.027036
0.0163906
-0.0299766
0.0177036
-0.0331252
0.0169503
-0.0378261
0.0167913
-0.0417545
0.0199141
-0.0456333
0.0183302
-0.0543598
0.0168541
-0.0675689
0.0229722
-0.0779366
0.0227595
-0.110816
0.0142592
-0.154482
0.00739232
-0.251307
-0.030705
