-0.19387
0.284417
-0.0562154
0.166338
0.00887664
0.117676
0.00213398
0.084151
0.00121074
0.0729385
0.00594918
0.0668818
0.00397145
0.0519102
0.00850238
0.0512195
0.00733768
0.0394253
0.00833046
0.0350357
0.0120635
0.0343282
0.0150067
0.0293523
0.0112106
0.0291679
0.0130511
0.0251981
0.0120514
0.0218333
0.0110828
0.0248044
0.01353
0.019481
0.0107352
0.0167228
0.0126265
0.0185054
0.00962433
0.0171372
-0.0109705
0.0203342
-0.0141675
0.0157253
-0.0160661
0.0170251
-0.0147458
0.0175098
-0.0187896
0.0210706
-0.0196026
0.0187979
-0.0211338
0.0193023
-0.0253585
0.0231242
-0.0251212
0.0218004
-0.0275013
0.0243134
-0.0326899
0.0210645
-0.0381358
0.0207776
-0.0480677
0.0220764
-0.0452698
0.0230517
-0.0584587
0.0248727
-0.0666704
0.0333606
-0.0819496
0.0298253
-0.116442
0.032167
-0.159874
0.0382566
-0.239141
-0.0159296
