-0.150011
0.310579
-0.0596256
0.167874
0.013945
0.133952
0.0206769
0.0998834
0.00295669
0.0722092
0.0122096
0.0655204
0.013694
0.0603999
0.0154446
0.0466044
0.0101736
0.0454564
0.0175581
0.0411603
0.0135722
0.0393214
0.0144239
0.0341805
0.0169694
0.0305514
0.01621
0.028995
0.0141089
0.0286692
0.0156094
0.0216893
0.0166968
0.0242487
0.0159501
0.0195654
0.0157447
0.0191509
0.0174516
0.0172053
-0.0148139
0.0195288
-0.0188032
0.0197486
-0.0179805
0.0200229
-0.0229422
0.0189579
-0.0203936
0.0185886
-0.0262383
0.0211315
-0.0286485
0.0210791
-0.0291158
0.0190786
-0.0321188
0.020512
-0.0375171
0.0239421
-0.0368675
0.0197703
-0.0447371
0.0226128
-0.0466439
0.0191263
-0.052966
0.0269738
-0.0620006
0.0232096
-0.0780448
0.026427
-0.103923
0.0251636
-0.128259
0.0321168
-0.157773
0.0105388
-0.293707
-0.0666913
