-0.223439
0.277226
-0.0530507
0.170548
0.0103308
0.125888
-0.00161936
0.0877947
0.00570676
0.0741693
0.0106212
0.0644015
0.00645467
0.0546584
0.0129792
0.049654
0.00385782
0.0402899
0.00830548
0.0357385
0.0110457
0.0351602
0.014566
0.0284347
0.0119254
0.0309103
0.0144038
0.0254396
0.0123277
0.0241135
0.0143206
0.0228793
0.0135991
0.0188351
0.0152208
0.0209379
0.0147708
0.018119
0.0163316
0.0148392
-0.0126069
0.0199144
-0.0120573
0.0223585
-0.0162095
0.0202737
-0.0156162
0.0211086
-0.0173702
0.0197365
-0.0210244
0.0215282
-0.0198971
0.0215196
-0.0260285
0.0240162
-0.0251447
0.0216106
-0.0277217
0.02429
-0.0310278
0.0193871
-0.0393908
0.0230636
-0.0462015
0.0220562
-0.0468744
0.0308321
-0.0566988
0.0296816
-0.0697398
0.0342747
-0.0884291
0.037836
-0.123965
0.0349178
-0.162003
0.0298537
-0.215266
-0.0126132
