-0.612644
-0.241217
0.0416693
0.124498
0.192701
-0.0600968
0.0193444
-0.109112
0.0932017
-0.0313463
-0.0620244
-0.0820881
-0.0448425
0.0456013
-0.00861928
0.0101169
-0.0271098
-0.00815059
0.0561135
-0.0088582
0.00465403
-0.0615702
0.00647345
-0.00683134
-0.0128251
-0.0131535
-0.046297
0.010209
0.00952479
0.0241127
-0.0050958
-0.0242323
0.0217065
-0.00690404
0.0147561
-0.0320629
-0.023053
-0.0120192
-0.00674168
0.0109103
0.0347506
0.00209129
-0.00959773
0.0119207
-0.000138937
0.017281
-0.0125414
-0.0274941
-0.00285141
-0.00885429
0.0432921
-0.0302421
0.0131722
0.000737048
0.0390346
0.0356956
-0.00410485
-6.36102e-005
-0.0275598
0.0250987
0.0106264
-0.0404428
-0.00160238
-0.037638
0.080216
0.00291677
0.0520453
-0.0124488
0.00370488
0.101043
0.00841942
0.014464
-0.118983
-0.0156386
0.0406284
0.00463504
0.168634
-0.250165
0.186951
0.767542
