-0.736837
-0.349323
0.0676082
-0.0142544
-0.0214571
-0.0494564
-0.0798299
-0.0504847
-0.0154498
0.0319568
-0.0758988
-0.0786128
-0.0156709
0.0367989
-0.0425396
-0.0468904
-0.0403864
0.00318908
-0.0178423
-0.00624853
-0.0408832
-0.027572
-0.0094598
0.0214133
-0.0222363
-0.0358286
-0.0294766
0.0218614
-0.00955461
-0.0186192
-0.0350276
0.00104118
-0.00607004
0.00789444
-0.0225107
-0.0142201
-0.017253
0.0194227
-0.00781338
-0.0198147
0.0164412
0.027138
0.0200911
-0.0153077
0.0040636
0.0370288
0.0300443
-0.00918539
0.00501116
0.0277665
0.0237909
0.0192564
0.0148852
-0.00218653
0.00459015
0.0467
0.0404647
-0.013373
-0.00479258
0.0516819
0.0536573
0.00932564
-8.77634e-005
0.0247801
0.0226035
0.045482
0.0498685
0.0037351
-0.0333988
0.100494
0.107488
0.0185558
-0.0876868
0.112259
0.16897
0.0890711
0.0238056
0.312292
-0.283675
0.587842
