-0.578508
-0.240034
-0.0037891
0.102739
0.214007
-0.0351504
0.00863467
-0.136296
0.0723203
-0.0268195
-0.0357154
-0.0699969
-0.0756553
0.0238314
0.0109534
0.0329563
-0.0239286
-0.0325591
0.0453303
-0.00901848
0.0260514
-0.056989
-0.0247455
-0.0234647
-0.00176579
0.0176064
-0.0456062
-0.0073522
-0.0024632
0.0186802
0.0194075
-0.0182952
-0.00200829
-0.0291808
0.0171596
-0.00621462
-0.0232811
-0.0190044
-0.0217013
0.017741
0.0181483
-0.0131134
0.0121758
0.030626
0.012112
0.00475013
-0.0270101
0.000313518
0.0109772
-0.00996038
0.0133289
-0.0420947
0.0269623
0.0111031
0.0482871
0.0105187
-0.0172401
0.019284
-0.00185914
0.0334064
-0.0125267
-0.0464198
-0.00110738
-0.0206942
0.081939
-0.0207587
0.0380901
-0.00959075
0.0413158
0.101004
-0.00369513
0.00560957
-0.108337
0.0103173
0.0333786
-0.00463661
0.12391
-0.264128
0.22885
0.781658
