-0.708834
-0.368822
-0.0243523
-0.0437775
-0.0130591
-0.0392065
-0.0929026
-0.0749212
-0.0178743
0.0395075
-0.064563
-0.0924809
-0.0465097
0.0294196
-0.0149301
-0.037797
-0.059328
-0.00814465
-0.00917364
0.00838632
-0.0387137
-0.0388349
-0.0303651
0.0204953
-0.00536247
-0.0261646
-0.0457894
0.00589302
0.000713121
-0.00276362
-0.0373962
-0.0118868
-0.0153718
0.0140749
-0.0113145
-0.015605
-0.0358118
0.00808807
0.0076675
-0.00308089
0.0262471
0.0197899
0.0075444
-0.0136856
0.0204484
0.0393504
0.0211728
-0.0155651
0.00667015
0.0290894
0.0282446
0.0154474
0.0134867
0.00129729
0.0154028
0.0466381
0.0355978
-0.0207374
-0.00178656
0.059419
0.0551591
0.000843273
-0.000370177
0.0360903
0.0314953
0.0477719
0.0525513
0.000863507
-0.0303592
0.106172
0.126383
0.0133963
-0.0876161
0.110786
0.174052
0.0857309
0.0703233
0.257423
-0.34883
0.608197
