-0.697489
-0.364833
0.00399481
0.000279588
-0.0140577
-0.0563589
-0.080102
-0.0505821
-0.0233822
0.0233636
-0.0690976
-0.079148
-0.0346299
0.0305163
-0.0187028
-0.0519474
-0.0552447
0.00415385
-0.00346192
-0.011081
-0.0458877
-0.0248427
-0.0149519
0.0137177
-0.0117317
-0.023693
-0.0393013
0.010613
0.00484446
-0.0088681
-0.0459076
-0.00849226
0.000830476
0.00360044
-0.0287309
-0.0120367
-0.0153264
0.00292942
-0.00554916
-0.000111297
0.0323543
0.0268936
0.00173926
-0.0102069
0.0198956
0.0278627
0.0222393
-0.00445062
0.00592701
0.0115172
0.0285655
0.0257896
0.00460375
-0.0116068
0.0240498
0.0517429
0.0282247
-0.0169255
0.00948875
0.0521228
0.0440957
0.0109129
0.00735425
0.0141869
0.0313819
0.0587268
0.0559112
-0.0143803
-0.0247639
0.108013
0.110549
-0.00353993
-0.0651776
0.117126
0.152482
0.0848048
0.0791272
0.270869
-0.287488
0.639665
