0.163809
-0.319362
-0.302246
0.361506
0.0612323
-0.0777609
-0.0325108
0.0431256
-0.0308614
-0.0155332
0.10598
0.00244309
-0.0674313
0.0282988
0.0162999
-0.0567858
0.0352658
0.052889
-0.0338137
-0.0110581
0.0242933
-0.0315677
-0.0225275
0.0382606
0.0243294
-0.0235963
-0.008447
0.00830616
-0.0243413
0.00395869
0.0384062
-0.00469985
-0.0250903
0.0150347
0.0018217
-0.0239707
0.0130348
0.0238292
-0.0157563
-0.000936578
-0.0285839
-0.0074059
0.0211268
-0.000652014
-0.00351699
0.020461
-0.00991041
-0.0348842
0.0137662
0.0268288
-0.0203479
0.00192963
0.0290428
-0.0296397
-0.0214462
0.0339192
-0.00614723
-0.0206554
0.0420579
0.0155677
-0.0577754
-0.00302107
0.0381077
-0.0146348
0.00813137
0.0532389
-0.0377786
-0.0701349
0.0375821
0.0570279
-0.0576289
0.0318044
0.102842
-0.0688039
-0.0828476
0.146342
-0.0737227
-0.0213565
0.685789
0.549344
