0.131578
-0.199789
-0.364341
0.314855
0.174912
-0.046903
-0.100146
0.0512024
0.0255082
-0.0751432
0.0406318
0.0809234
-0.0310715
-0.0244213
0.0357298
-0.0217696
-0.0341535
0.0350227
0.0470936
-0.0294142
-0.0398924
0.0204497
0.00362523
-0.0304871
0.0200873
0.0384845
-0.0231468
-0.0129974
0.0158649
-0.0134484
-0.0188938
0.0227729
0.0253545
-0.0162257
-0.0215249
0.015763
0.00547721
-0.0171073
0.017095
0.022514
0.0116939
-0.00875652
-0.0049941
0.0250151
0.00396929
-0.0325447
-0.000774746
0.0217026
-0.0213306
-0.00656007
0.0360366
0.0053528
-0.0339714
-0.00218053
0.0182562
-0.0146943
-0.00413308
0.0400499
0.00131807
-0.0454302
0.00141631
0.0404128
-0.0309946
-0.00781006
0.0703102
0.00450229
-0.068266
0.000142378
0.0315419
-0.0197849
-0.00853591
0.105284
0.0322143
-0.0994494
-0.00364306
0.131649
-0.130936
0.0272894
0.750828
0.416686
