0.0990452
-0.16292
-0.39585
0.240743
0.117736
-0.0588452
-0.08908
0.0603021
0.0792307
-0.0571353
0.0150209
0.0945724
-0.0176173
-0.0397306
0.0113802
-0.00359328
-0.0351451
0.00142132
0.0468917
-0.0122696
-0.030788
0.0172681
0.0297221
-0.0195176
-0.00882439
0.0441075
-0.00900052
-0.0294927
-0.00228038
0.00666705
-0.0110252
-0.00633453
0.0243997
0.00346587
-0.0255089
0.00984485
0.0198237
-0.0113672
-0.00806754
0.0238104
-0.000702876
-0.0161236
0.0144205
0.0191752
-0.0161085
-0.0224061
0.0146856
0.00550798
-0.0260552
0.00793335
0.0269448
-0.0111541
-0.0204594
0.0191995
0.0115585
-0.0235875
0.0137428
0.0339625
-0.0185971
-0.0377147
0.018469
0.0257185
-0.043925
0.00155343
0.0568382
-0.00893252
-0.0524931
0.0272809
0.0239085
-0.0430504
-0.0119704
0.0857697
0.0189761
-0.0722004
0.0267802
0.112547
-0.158304
0.0116394
0.701342
0.455825
