-0.341628
0.288542
-0.277149
-0.114933
0.0947252
0.0859002
0.142581
0.0370734
-0.0916728
-0.0117568
0.0469224
0.0286971
-0.0434911
-0.0548301
0.0140086
0.0370595
0.0276196
-0.0040398
-0.0280922
0.0161933
0.0163842
-0.00802822
-0.032206
-0.0218648
0.023662
0.0216418
-0.000822389
-0.015959
0.00358976
0.0234698
-0.00134102
-0.0170779
-0.0237406
-0.00470036
0.0206598
0.00749287
-0.0105037
-0.00381372
0.014898
0.0172156
0.00731152
-0.00793707
-0.0199228
0.00429086
0.0150974
0.0138916
-0.00362189
-0.0153271
0.00111135
0.0116354
0.00210579
-0.0209083
-0.0206072
0.01933
0.0242349
0.00284252
-0.0131547
-0.00304657
0.0226127
0.0145646
-0.0215598
-0.0271801
-0.0116656
0.0432485
0.024292
-0.00884745
-0.0188507
0.0243736
0.0618649
-0.00981603
-0.0549376
-0.0270136
0.0157023
0.0535047
-3.93022e-005
0.00169802
0.0101766
0.237776
0.690023
0.008699
