-0.340585
-0.449694
0.416366
0.147421
0.137799
-0.134596
0.00316341
-0.0286688
-0.00262695
-0.0959157
-0.0164939
-0.00937054
-0.0115041
-0.0512055
-0.0025343
-0.00273562
-0.00429331
-0.0476355
0.0128783
0.000844835
-0.00208439
-0.0468599
-0.00257129
-0.00966677
-0.00654465
-0.0336294
-0.00229632
-0.00180137
-0.00517895
-0.0259042
-0.00305315
0.00211166
-0.00294483
-0.0213405
0.000700133
0.000839704
-0.00638152
-0.0231706
-0.00167614
-0.00118864
0.0212605
0.00577211
-0.0006892
-0.00353749
0.0223245
0.0058976
0.003029
-0.00669021
0.027049
0.00660627
0.00492189
-0.00480183
0.0256293
0.00612456
-0.00225356
-0.00533186
0.0287931
0.0151594
-0.00273423
-0.00671222
0.0376775
0.0185605
-0.00827374
-0.00838696
0.0517571
0.00991622
0.0147412
-0.00803633
0.0600551
0.0545972
-0.017704
0.0353002
0.078617
0.108522
-0.132691
-0.000179557
0.454902
0.0275612
-0.0656956
0.913445
