-0.20777
-0.516736
0.228398
0.0213886
0.305152
-0.0854437
-0.0750858
-0.0828898
0.0256011
-0.037034
-0.0639051
-0.0600772
0.00820199
-0.0220455
0.000316875
-0.0629795
0.00705345
-0.0200937
0.00454871
-0.0489999
-0.0105948
-0.00532992
0.0103841
-0.0240506
-0.0271112
-0.0255006
0.014256
-0.017281
-0.0100363
-0.0311748
0.00565812
-0.0106995
-0.00824078
-0.0281121
-0.00544756
-0.000390129
-0.00242589
-0.0204305
-0.00414774
-0.00298675
0.0209186
-0.00753205
0.00670129
-0.00481118
0.0288225
-0.00139485
0.00700789
-0.00553054
0.0206502
0.00978206
0.00806588
-0.0117322
0.0157909
0.00600168
0.0310039
-0.0128127
0.0130197
0.00690154
0.0405153
-0.00568475
0.00670684
0.00792424
0.0447876
0.0188679
0.00426989
-0.0141014
0.0263254
0.016169
0.0596014
-0.0169338
0.043922
0.0977087
0.107757
0.0446008
-0.111255
0.192227
0.353086
-0.203793
0.190758
0.950486
