-0.255127
-0.538141
0.401957
0.0778634
0.23501
-0.144427
-0.0681402
-0.0375222
0.0157932
-0.0707847
-0.0665901
-0.0274028
0.0412905
-0.0494507
-0.0243609
-0.0429845
0.0274272
-0.040766
-0.0318566
-0.0308034
0.0173082
-0.0142942
-0.0392341
-0.0360508
0.014194
-0.0152692
-0.0157008
-0.0395368
0.00889823
-0.00813002
-0.0148239
-0.0332162
-0.00387576
-0.00179536
-0.00680317
-0.027755
-0.000874683
-0.00422612
-0.00310355
-0.0324101
-1.45813e-005
-0.00498245
0.0260264
-8.13224e-005
0.00414085
-0.012355
0.0326968
0.00455096
0.00826853
-0.0108366
0.0247388
0.0109329
0.00717038
-0.0190375
0.0251811
0.0185386
0.0230059
-0.0210122
0.0214189
0.0313506
0.0354721
-0.0258746
0.0237611
0.0479756
0.0390369
-0.0189563
0.00600929
0.0196811
0.0819976
-0.0192079
0.0311369
0.0735462
0.162138
0.0805917
-0.143213
0.159416
0.412883
-0.131305
0.183387
0.926308
