-0.195952
-0.526455
0.346609
0.0277676
0.252087
-0.0997168
-0.111438
-0.0656825
0.0361021
-0.040159
-0.0692743
-0.0621324
0.0366762
-0.0216914
-0.0158238
-0.0670535
0.0170537
-0.0160622
-0.0161476
-0.0475259
-0.00120619
0.000263418
-0.00889673
-0.0472788
-0.0115107
-0.0136016
0.00921251
-0.0351638
-0.0171055
-0.013055
0.00807354
-0.0168201
-0.0203386
-0.0168505
0.00847792
-0.0109843
-0.0147563
-0.0258151
0.00547247
-0.011332
0.016441
0.00681166
0.0119595
-0.0154189
0.0133143
0.00838619
0.0273663
-0.0152965
0.0094709
0.0118498
0.0325383
-0.00704292
-0.00128087
0.00256956
0.0378178
-0.00126302
0.00347468
-0.00635006
0.0411259
0.0143453
0.00978327
-0.0128377
0.0500507
0.0396878
0.0158755
-0.0240627
0.0330982
0.0413446
0.0489497
-0.0389924
0.0489808
0.0875673
0.143425
0.0592655
-0.125608
0.185522
0.37937
-0.141992
0.208525
0.943053
