-0.110318
-0.527565
0.248776
-0.0580841
0.272532
-0.0532909
-0.126901
-0.107602
0.0108946
-0.00493707
-0.032431
-0.0978653
0.0100764
-0.024398
0.0130923
-0.0695341
-0.0319234
-0.0229183
0.0142074
-0.0283551
-0.0236788
-0.0317817
0.0161494
-0.0211129
-0.0251595
-0.0450845
0.000180786
-0.00501082
-0.0066889
-0.0319903
-0.00935236
-0.0115467
0.00829166
-0.0253726
-0.0177585
-0.0192882
0.00669543
-0.00995863
-0.0164145
-0.0225393
0.0106587
-0.0133096
0.017492
0.00800845
0.0209488
-0.00947445
0.00628047
0.00353692
0.0346901
-0.00719922
0.00935923
-0.00392643
0.0312658
0.00958546
0.0152461
-0.0104301
0.0232323
0.019219
0.033841
-0.0124286
0.0103724
0.0202298
0.0674556
-0.00375293
0.0105253
0.0194089
0.0557853
0.026367
0.00526491
-0.0231646
0.0874637
0.0799875
0.140781
0.0281955
-0.0473014
0.265052
0.281018
-0.166563
0.317675
0.916336
