-0.330678
-0.4805
0.383597
0.148393
0.211389
-0.137953
-0.0343191
-0.028881
0.0317375
-0.0998054
-0.0503066
-0.013963
0.0158077
-0.0468094
-0.0275453
-0.00250038
0.0263197
-0.045973
-0.0115909
-0.00717309
0.018328
-0.041255
-0.0267815
-0.0194363
0.0109126
-0.0289006
-0.0238038
-0.00925229
0.0151138
-0.0163594
-0.0183157
-0.0104408
0.0122986
-0.0173449
-0.0139339
-0.0162661
0.0114443
-0.0144671
-0.0200571
-0.016133
0.0150552
-0.0111841
0.00517881
0.00968238
0.0186415
-0.0123643
0.00283117
0.00962705
0.0242467
-0.0157518
0.00308837
0.00937471
0.0287232
-0.00960294
-0.00296192
0.0112561
0.0354897
-0.00664817
-0.0076412
0.0141353
0.0418117
0.000806788
-0.0122241
0.0152673
0.0591714
-0.0141222
0.00465771
0.0118719
0.0849288
0.0196649
-0.0251876
0.0628432
0.0974054
0.101136
-0.162084
0.0339003
0.471753
-0.0265511
0.0128867
0.924255
