-0.224271
-0.451343
0.384926
0.0950972
0.207636
-0.143746
-0.0705386
-0.0521597
0.0336572
-0.0823823
-0.0609293
-0.0283547
0.0363702
-0.0351885
-0.0220935
-0.0279834
0.0331773
-0.0375239
-0.0189644
-0.0232885
0.0222866
-0.0212988
-0.0333339
-0.0273452
0.0150025
-0.00785273
-0.0174533
-0.0250819
0.014634
-0.003136
-0.0117149
-0.0303428
0.00459623
-0.00505002
-0.00933472
-0.0226162
0.000247971
-0.000966733
-0.00881603
-0.0218225
0.0048873
-0.00625482
0.023449
0.00223753
0.00623081
-0.00931198
0.0231595
0.0121743
0.00721754
-0.0136497
0.0248372
0.0125351
0.0170221
-0.0173946
0.0223875
0.0175566
0.025151
-0.01864
0.0141009
0.0252624
0.0353167
-0.0163413
0.01207
0.0408647
0.0403658
-0.0274191
0.0122043
0.0198597
0.0729143
-0.0100206
0.0138983
0.0803986
0.105564
0.0791376
-0.143857
0.127263
0.427329
-0.100656
0.151243
0.930115
