-0.28003
-0.575103
0.367227
0.0491293
0.249512
-0.146805
-0.0941336
-0.0374873
0.0223119
-0.0620963
-0.0689051
-0.0289339
0.033043
-0.0515768
-0.0274435
-0.0472845
0.023203
-0.0423541
-0.0330061
-0.0269557
0.0222572
-0.0137293
-0.0360032
-0.0359969
0.0143736
-0.0160647
-0.0211664
-0.038406
0.00756815
-0.0116386
-0.0196017
-0.0303128
-0.000939908
-0.00241452
-0.00995502
-0.0274501
-0.000767032
-0.000168161
-0.00871221
-0.0300206
0.00412313
-0.0051051
0.023749
0.00587198
0.00896964
-0.0111491
0.0312874
0.0108625
0.0125011
-0.0125617
0.0221404
0.0165588
0.013499
-0.0214676
0.0199407
0.0212179
0.0272926
-0.0185306
0.0187696
0.0289406
0.0430217
-0.0192055
0.0226457
0.042047
0.0467505
-0.0153076
0.00309754
0.028084
0.0768761
-0.0135857
0.03273
0.0774132
0.168491
0.103821
-0.140809
0.158199
0.423208
-0.121055
0.109881
0.93247
