0.364873
-0.268856
-0.120205
0.108249
0.0441583
-0.0772122
-0.162968
0.0132264
0.135703
-0.075706
-0.0687252
-0.0571886
-0.0535283
-0.0361409
-0.0135915
0.0633164
-0.0758706
-0.045025
0.0322081
0.0105935
-0.0172408
-0.0421745
-0.0211498
-0.0333311
-0.0470158
0.0440423
-0.00613702
-0.0237823
-0.0314365
0.0105871
0.0237428
-0.0309953
-0.0197684
-0.00696128
-0.0385348
-0.00169758
-0.000834728
0.0249642
-0.042246
-0.0131407
0.0153157
0.00885581
0.0129406
0.0157862
-0.0234446
0.0283691
0.0282083
-0.0397166
-0.000834021
0.0122493
0.050486
0.00505858
0.0208131
0.0446178
-0.0367839
0.0055565
0.0390677
0.0196686
-0.020845
-0.0401822
0.0865474
0.0377308
0.0184026
0.0674593
0.0147346
0.00541831
-0.0489807
0.0921369
0.0530441
-0.123507
0.0538608
0.113682
0.118903
0.0721062
0.0961878
0.315973
-0.48584
-0.0366815
0.533349
0.33262
