0.258812
-0.376777
-0.364112
-0.125486
0.20038
0.138926
-0.0821596
-0.0979632
0.00308642
-0.161632
-0.0695147
-0.0258022
0.0335028
0.0625878
-0.126501
-0.0287586
0.00175491
-0.0537587
0.00060397
-0.0155772
0.0143938
-0.0164613
-0.115675
-0.0153454
-0.0130252
0.00921495
-0.00546321
0.00622965
0.0184306
-0.0483868
-0.0669543
-0.0203536
-0.00705337
0.0175409
-0.02937
0.0262417
-0.000561881
-0.0408305
-0.0226948
-0.01794
0.0156193
-0.00797674
0.0695473
0.0139455
-0.00842721
0.00701697
0.00294477
0.047709
-0.0086739
-0.00675791
0.0633825
-0.0220672
-0.00514532
0.00543917
0.0507159
0.0794186
-0.016235
0.0280449
0.0225414
-0.0190288
-0.0220087
-0.00765884
0.137154
0.0705407
0.0127992
0.067884
0.0150633
0.0103
-0.101111
0.0458541
0.245496
-0.0452639
0.0757904
0.0520217
0.120553
0.315759
-0.572117
0.331266
0.666941
0.115251
