0.147104
-0.292504
-0.396031
-0.22165
0.154979
0.187339
0.0537372
-0.140049
-0.0710352
-0.144146
-0.0788546
-0.0937245
-0.0186697
0.0987692
0.00405767
-0.0291576
-0.0568654
-0.0866205
0.0180156
-0.0661585
-0.0230101
0.0357282
-0.0247089
0.0140615
-0.0721159
-0.0417155
0.0309918
-0.0328051
0.00229054
-0.0104235
-0.0208175
0.0121049
-0.0810574
-0.0237853
0.00795058
0.00810544
0.0186615
-0.0202461
-0.00629128
-0.0131437
0.0328886
-0.0516686
0.00569196
0.00610919
0.0482457
0.0440123
0.00658551
0.0303437
0.0113698
-0.0313961
-0.0196693
-0.0200797
0.0859693
0.0436199
0.0400395
0.0211181
0.00643353
0.025592
-0.0597323
-0.0248771
0.0730816
0.0365889
0.11009
-0.0330893
0.0234414
0.097918
-0.075267
0.0200737
-0.0116899
0.0997318
0.190509
-0.141332
0.0997799
0.11162
0.0558002
0.332797
-0.404187
0.433004
0.663724
-0.0436396
