0.201237
-0.184184
-0.14279
-0.00098709
0.126435
0.0187274
-0.158283
-0.187362
0.0489413
0.0258384
-0.0860891
-0.024289
-0.0655229
-0.0120457
-0.0253663
-0.0403439
0.0435633
-0.00780404
-0.088864
-0.04531
-0.0199353
0.0381277
-0.0250332
-0.0287205
-0.00517037
-0.0296797
-0.0312797
-0.0088793
-0.00719303
0.0281336
-0.0568443
-0.0280594
0.0178298
0.00242651
-0.0172396
-0.0219922
-0.027241
0.00250932
-0.0357376
0.00971802
-0.0174569
0.0303019
0.0283101
0.00211277
-0.00992041
-0.0209521
0.046806
0.0198707
0.0133626
0.0285326
0.017668
0.00583343
-0.0240441
0.00699493
0.08065
-0.00570246
-0.00213519
0.0277441
0.0284331
0.0561742
-0.024651
0.0106853
0.0758673
-0.0348895
-0.00203645
0.0642857
0.111384
0.0684118
-0.10743
0.0405998
0.0874163
-0.00543741
0.101861
0.0637763
0.239017
0.201215
-0.464779
0.279551
0.5251
0.225953
