0.330356
-0.214969
-0.157793
0.0193043
0.0489804
0.0489594
-0.148981
-0.127246
0.112765
-0.01611
-0.0581623
-0.0783739
-0.0608372
-0.000302627
-0.0679701
0.0357986
0.0299595
-0.0157502
-0.0454169
-0.0597679
0.0275667
-0.00594729
-0.0650919
-0.0065117
-0.0296907
0.0105734
-0.0188005
0.00647805
0.0292085
-0.0355823
-0.0435615
-0.0234317
0.00571108
0.0111587
-0.0522969
0.0123067
-0.00057092
-0.0085069
-0.00166843
0.000332988
0.00433002
-0.0132086
0.0444627
0.0435311
-0.00669149
-0.000853296
-0.00680787
0.019687
-0.00225251
-0.0204882
0.0549144
-0.000897141
-0.00104923
0.01996
0.0436593
0.0620264
-0.0367848
-0.017036
0.0191924
0.00599237
0.0240883
-0.00177373
0.0962692
0.039877
-0.0532829
0.0808567
0.0523467
0.0397808
-0.0824105
-0.0569388
0.132186
0.0117975
0.0700715
0.140778
0.191847
0.235722
-0.532635
0.153387
0.557765
0.146546
