0.334315
-0.260998
-0.0899032
0.133709
0.0538056
-0.0644761
-0.173931
-0.0164751
0.142051
-0.0728761
-0.0641712
-0.0562721
-0.038069
-0.0311066
-0.0294075
0.0615181
-0.0530661
-0.0601592
0.0258429
0.017782
-0.0032131
-0.0598778
-0.0244817
-0.0131259
-0.0418731
0.025367
0.00178735
-0.0131985
-0.0352437
-0.00373178
0.0390193
-0.0284023
-0.0414944
-0.00991023
-0.0140908
-0.00297424
-0.017832
0.0293046
-0.0195483
-0.031052
0.0256065
0.0332125
0.0118633
-0.00794927
-0.0132405
0.0428129
0.00831657
-0.0336718
0.0231153
-4.36308e-005
0.0185539
0.00944592
0.0514562
0.0317683
-0.0484759
0.0189638
0.0376815
0.00496826
-0.0113883
-0.0236722
0.066097
0.0050692
0.0396668
0.0898335
-0.00310033
-0.012628
-0.0310444
0.100352
0.0240915
-0.110666
0.0966669
0.0739149
0.0693538
0.0957206
0.156126
0.30393
-0.496058
-0.0199175
0.549171
0.314124
