-0.8553
-0.109225
-0.0852176
0.122514
-0.156406
0.0201807
-0.0477915
0.0174665
-0.00911883
-0.00120511
-0.020968
0.0427463
-0.0203386
0.0203836
-0.00679817
0.0196542
-0.0240533
0.0424483
-0.00180641
0.0225616
-0.0129728
0.0188389
-0.0290227
0.0205871
-0.0158259
0.003636
-0.0148628
0.0164619
-0.0179171
0.00744956
-0.000500493
0.00122902
-0.00877135
0.0177292
-0.00575158
0.0079212
0.00142421
0.0106507
-0.00971426
0.0202612
-0.0115861
0.00982811
0.00106697
0.0196477
-0.0108898
0.0239133
-0.00122842
0.00777914
0.00705238
0.020854
-0.0102572
0.017189
0.00185797
1.21648e-005
-0.00285644
0.0206613
-0.0242541
0.00605332
-0.00539156
0.00974688
-0.0253919
0.0385796
-0.0305494
0.0132455
0.00274222
0.0389078
-0.0377197
0.0600973
-0.0288121
0.0243392
0.0410582
0.0979198
-0.0395437
0.0651817
0.0489464
-0.0712546
0.0318463
0.117006
-0.490524
-0.0329149
