-0.849318
-0.134465
-0.102104
0.119615
-0.153157
0.00474113
-0.0395201
0.0144022
-0.00135129
0.0192125
-0.0266722
0.0509785
-0.00890062
0.0183161
-0.0297314
0.0422242
-0.0426659
0.0225236
-0.0159196
0.00526894
-0.0372285
0.0111996
-0.0123869
0.00276817
-0.0101041
0.0121841
-0.0162832
0.0180956
0.00351723
0.0124001
-0.0120205
0.0286426
-0.012456
0.00756242
-0.0103921
0.0094848
-0.024267
0.0108767
-0.00675245
-7.53213e-005
0.00833804
0.0204494
-0.00923646
0.00569724
0.00326365
0.00299935
-0.0168386
0.0242608
-0.0148207
0.00762779
0.00389264
0.0324169
-0.015933
0.0291552
0.0112999
0.0125306
0.0015684
0.0336349
-0.0124666
0.00360491
0.0103886
0.018852
-0.037562
0.0237147
-0.0179187
0.0057395
-0.0180437
0.0751177
-0.0675156
0.0402205
0.0362424
0.0716294
-0.0336984
0.137781
0.0410811
-0.0337455
0.139263
0.112341
-0.478908
-0.00722197
