-0.847683
-0.141758
-0.144376
0.147489
-0.138982
0.00617842
-0.0578939
-0.00420742
-0.0163177
0.0186365
-0.0381168
0.0292275
-0.0101726
0.0116924
-0.0283919
0.0382865
-0.0177743
0.0155441
-0.00861443
0.0329846
-0.0308927
0.0170457
-0.0199747
0.00916291
-0.0270496
0.019754
-0.0163477
0.00342186
-0.0110648
0.0123253
-0.0184173
0.0087948
-0.00162678
0.00717568
-0.0100722
0.019478
-0.00289485
0.00584779
-0.00382403
0.0170618
-0.00116339
0.0112047
-0.00772706
0.0284212
-0.00425632
0.0119344
0.0109042
0.023639
-0.00657686
0.0173114
0.0100682
0.010039
-0.00322692
0.0248694
-0.00935847
0.00163393
0.0017672
0.0194379
-0.0301059
0.0209171
-0.00765439
0.0187473
-0.0243042
0.0515817
-0.0248047
0.0203628
0.0018806
0.0637168
-0.0489699
0.0619234
0.0456407
0.0458295
-0.00460987
0.125133
-0.00641633
-0.0607427
0.0976202
0.0709024
-0.484214
0.105035
