-0.850423
-0.126752
-0.114212
0.138084
-0.162731
0.00686258
-0.0442201
0.0148953
-0.0104562
0.0207408
-0.0193654
0.0459254
-0.0222286
0.0241573
-0.0236798
0.033745
-0.0382631
0.0312816
-0.0104512
0.0153122
-0.0361416
0.0150405
-0.0263849
0.00445285
-0.0140667
0.010645
-0.0167985
0.0156478
-0.00268435
0.00873771
-0.00614115
0.0250999
-0.00741336
0.017246
-0.0044915
0.013306
-0.0185295
0.0180024
-0.00997227
0.00812901
-0.00434451
0.0130227
-0.0115785
0.00368065
-0.00185048
0.0173965
-0.0172812
0.0228859
-0.0055084
0.0161991
0.00314468
0.032921
-0.00752541
0.0212486
0.00830592
0.0136967
-0.00695253
0.0251712
-0.0146981
0.00457495
-0.00622763
0.0261876
-0.0424596
0.029007
-0.0150924
0.020089
-0.0287923
0.0691238
-0.0593574
0.0495433
0.0396587
0.0912434
-0.0257463
0.111169
0.0343192
-0.04547
0.0649412
0.101688
-0.470782
0.0672761
