-0.906081
-0.00882612
-0.131336
0.16278
-0.0275206
-0.0532883
-0.0823016
0.0795707
0.00391181
0.00433923
-0.041711
0.0723477
0.0218416
0.0258928
-0.0598995
0.0406844
0.00833405
0.0316061
-0.0462235
0.0115167
0.00650589
0.0255442
-0.0372784
-0.00184657
0.00813818
0.0315884
-0.017628
0.00242416
0.00639838
0.0386942
-0.00781852
0.00317406
-0.00116671
0.0343623
-0.00876759
0.00257215
-0.012198
0.0246758
-0.0034489
-0.0031367
-0.00783585
0.0225095
0.00758582
-0.000841075
-0.0224163
0.0176952
0.00468576
0.00846326
-0.030805
0.0221261
0.0119229
0.025078
-0.0216149
0.0237437
0.0194544
0.0312327
-0.0246944
0.00378158
0.0113885
0.028239
-0.030305
-0.00601521
-0.00913806
0.0452537
-0.0374207
-0.00268535
-0.0310977
0.0827457
-0.0278783
0.0122194
-0.0466055
0.136074
0.0437866
0.00520112
-0.0617726
0.145265
0.0907258
-0.103743
-0.358273
0.221375
