-0.844394
-0.125543
-0.0763614
0.123311
-0.137045
0.0239491
-0.060225
0.0289416
-0.0182632
-0.00187949
-0.0160775
0.0247764
-0.0252045
0.0292749
-0.00317575
0.00906615
-0.0220437
0.0329896
-0.00917159
0.0287816
-0.00456601
0.00991448
-0.0178496
0.0242349
-0.0204836
0.0122288
-0.00790629
0.00803881
-0.0165008
0.0187751
-0.0105812
0.00470974
-0.00596118
0.00433415
-0.0126961
0.0122929
-0.00570561
0.00391334
0.00247186
0.00964738
0.00313395
0.0148534
-0.0012405
0.0240236
-0.00602761
0.00635406
0.00856845
0.00919539
-0.00720161
0.0203653
-0.0114234
0.0031192
0.0047688
0.0107059
-0.0187306
0.0172023
-0.0185357
0.00281546
-0.00294044
0.0274793
-0.0318515
0.0339036
-0.0176904
0.0101104
0.00156096
0.0505642
-0.0374879
0.0497617
-0.0018364
0.0186969
0.0328812
0.0873993
-0.0543522
0.0410755
0.0541848
-0.0428048
0.0188242
0.114017
-0.506762
-0.0402802
