-0.760341
0.0339639
-0.12235
-0.106941
-0.074227
-0.00748138
-0.151088
0.0412325
-0.00629281
-0.0756924
-0.0159825
0.00122009
-0.0775289
0.0261998
0.0129974
-0.0407724
-0.00754881
0.0141893
-0.0573006
0.033033
0.00446991
-0.0215679
-0.0144158
0.0171305
-0.0538922
0.0270738
-0.00479348
-0.0217859
-0.0156672
0.00605344
-0.0449374
0.017091
0.00155582
-0.0211404
-0.00971853
0.0103725
-0.0302662
0.0183991
0.00797419
-0.0118617
0.00319759
0.0359574
-0.0167347
0.00485729
0.0299376
0.0088683
0.00760729
0.0453619
-0.00862395
0.0049483
0.0398741
0.00852763
0.0109393
0.0468458
-0.0157564
-0.0069314
0.0430337
-0.00146975
-0.0023012
0.0534831
-0.0346788
-0.00340616
0.0448144
0.00992489
-0.00816778
0.105944
-0.050092
0.0166416
0.0803626
0.0614875
-0.00151829
0.184023
-0.0716743
0.0510148
0.192006
0.057258
-0.0920131
0.516268
-0.330219
-0.55758
