0.30372
0.0653867
-0.0815099
-0.212338
-0.0347637
-0.0484403
0.0619808
-0.0820416
-0.0552224
-0.100501
0.0399242
-0.0241333
-0.00833142
-0.0865209
-0.00398774
-0.0318535
0.0297222
-0.0457414
-0.0191569
-0.0458134
0.032232
-0.00625951
-0.00503237
-0.0484138
-0.00161547
-0.00890012
0.0152613
-0.0232859
-0.0229366
-0.0312893
0.0114172
-0.00358066
-0.0154386
-0.0386245
-0.0119998
-0.0107068
0.00443495
-0.0237541
-0.0220077
-0.026665
0.0116573
0.00276414
0.0284036
-0.0250327
0.00370091
-0.013592
0.0378227
-0.0106338
0.0127287
-0.0337927
0.0226439
-0.000575393
0.0355055
-0.0374256
0.00141998
-0.0175737
0.0472372
-0.0148421
0.0094878
-0.0425966
0.0273647
0.0141359
0.052753
-0.0506484
-0.00182105
-0.0165233
0.0888123
0.000542207
0.0362697
-0.0584214
0.0555176
0.0460753
0.146892
-0.0710308
0.0502361
-0.0578737
0.426191
0.0427999
0.813116
0.0253158
