0.401178
0.032448
-0.162364
-0.200919
0.0782691
-0.033946
0.00517098
-0.155244
0.0236215
-0.0305523
0.0429675
-0.0880905
0.00729765
-0.0226897
0.060134
-0.0428817
-0.00829126
-0.0242747
0.0460877
-0.0171162
-0.0223426
-0.0435946
0.0190202
-0.00786419
-0.0171739
-0.0527945
0.00561743
-0.0107344
0.00348924
-0.0468857
-0.00499241
-0.0110917
0.0196507
-0.0299353
-0.00947981
-0.0137885
0.0195676
-0.0137716
-0.0154033
-0.0184069
0.0155236
-0.00427743
0.0164009
-0.038549
-0.000391066
-0.00480981
0.0233263
-0.0316369
-0.00566399
-0.00810236
0.0347283
-0.0155902
0.00133007
-0.0187337
0.0471045
-0.00678596
0.013651
-0.043402
0.0455529
-0.00817878
0.0273799
-0.0640461
0.0191943
0.00448713
0.0402792
-0.0732463
-0.00742813
-0.00680212
0.0970398
-0.0426546
-0.0121976
-0.0161838
0.146046
0.0200533
0.0469032
-0.140625
0.31931
0.0717406
0.864585
-0.0384288
