-0.484278
0.319157
-0.263359
-0.0572662
-0.0199472
0.0408307
-0.0569067
0.0453453
0.0499903
-0.00943049
-0.0192566
0.118234
-0.0499398
0.0018991
0.0288755
0.0274628
-0.0650955
0.0388608
-0.0100115
-0.0236257
-0.00457515
0.0306905
-0.0371807
0.0105638
0.0368657
0.00444012
-0.0256166
0.0422516
0.00122765
0.00831947
0.00243054
0.0158881
-0.0353043
0.0220722
0.0127441
-0.0151413
-0.0191193
0.0238191
-0.00242072
0.00356603
0.012821
0.0335846
-0.017342
0.00458764
0.00982443
-0.007052
-0.000879339
0.0240283
-0.0421921
-0.0147103
0.0173798
0.0233033
-0.0466242
0.0260326
-0.000762749
0.00909738
0.0108545
0.0452661
-0.0363784
0.00769084
0.0397422
-0.00952802
-0.0563059
0.0422089
-0.022652
-0.0383672
-0.0175419
0.0474877
-0.121348
0.0807352
0.057779
-0.00968911
-0.045694
0.247715
0.0353898
-0.152024
0.0794789
-0.0318515
-0.480537
0.286506
