-0.601705
0.324529
-0.211874
-0.0852031
-0.0434317
0.10096
-0.0340304
-0.0144307
0.0424371
0.0619311
-0.0638298
0.0773263
0.014195
0.0013823
-0.0301582
0.0713001
-0.0430922
-0.0230756
0.00189937
0.0307185
-0.0399513
0.0124854
0.0223943
0.00151756
-0.0158617
0.0428842
0.000342908
0.0057583
0.00305177
0.0367873
-0.0307078
0.00891171
0.0114904
0.00584482
-0.0338538
0.0153938
0.0104032
-0.00620417
-0.00268213
0.0232914
-0.0280701
0.0108642
0.0222233
0.015145
-0.0181139
0.0207676
0.00118448
-0.00980372
-0.00284297
0.0212221
-0.0422392
0.00468931
0.0158114
0.0184856
-0.0480448
0.0416757
0.0145289
-0.00236286
-0.0146101
0.0575941
-0.0098357
-0.0193705
0.00730606
0.0219471
-0.072198
0.0214858
0.00337242
-0.0190048
-0.100172
0.124913
-0.0116509
-0.0224337
-0.00898357
0.214574
-0.0154502
-0.034629
0.124525
-0.102811
-0.487997
0.309104
