-0.428038
0.272482
-0.30958
-0.0499402
0.00156326
0.0237208
-0.0817337
0.0549276
0.0149461
-0.0133902
0.0329245
0.052889
-0.0924078
0.0626492
0.036105
-0.00109116
-0.038765
0.0365735
-0.0472653
0.0240938
0.00963598
-0.0309477
-0.028136
0.047446
-0.0163289
-0.00768009
0.0188199
0.00913821
-0.016301
0.03831
-0.00454441
0.00233475
0.0113125
0.0169506
-0.038579
0.0223287
0.00823079
-0.00913308
-0.0107307
0.0100748
-0.0130532
-0.0119388
0.0187264
0.0130905
-0.0111928
0.0152812
-0.026921
-0.0114886
0.0171735
0.0151184
-0.044351
0.0383007
0.00349483
-0.00659267
0.00256513
0.0443021
-0.0184179
0.029781
0.0116527
-0.024231
0.0101619
0.0544355
-0.0643679
-0.0241784
0.0147104
0.0142332
-0.0579128
0.0746717
-0.0832655
0.0210335
0.0973389
0.0723054
-0.132531
0.170374
0.13389
-0.134148
0.0287451
0.0253779
-0.518101
0.260982
