-0.554862
0.250729
-0.26643
-0.0816711
-0.00128573
0.116022
-0.0419837
0.0140464
0.0635816
0.068661
-0.0943349
0.064806
-0.0256542
-0.011709
-0.0262178
0.0299354
-0.0557696
-0.00104382
0.0367917
0.0132807
-0.038016
0.0586588
0.019912
-0.000748077
-0.0294686
0.0366215
-0.021628
-0.00585111
-0.00447692
0.00469116
-0.0158574
0.0278335
0.0100895
0.00110993
-0.00123376
0.0439906
-0.0208129
-0.00113916
0.00300691
0.00980167
-0.000738071
-0.00696891
0.00235946
0.0119432
-0.0361681
0.0174234
0.00989735
0.0100709
-0.0164366
0.0519914
0.00533402
-0.0152989
0.00986787
0.0367512
-0.0327152
-0.0180205
-0.00924754
0.0198428
-0.0358948
0.0486283
-0.0119293
0.0144194
0.02886
0.0617553
-0.0523296
-0.00496664
0.0451613
-0.00227798
-0.142719
0.0567955
0.000744852
0.00584908
-0.0725402
0.21151
0.0288593
0.0456258
0.159348
-0.0908331
-0.446672
0.313315
