-0.48735
0.271587
-0.316778
-0.0699593
-0.00928513
0.0552178
-0.0633738
0.0378049
0.0591285
0.00838698
-0.0268159
0.0841159
-0.0570986
0.0289785
0.0267544
0.00758632
-0.0823749
0.0353066
0.00181297
-0.0204119
-0.0114576
0.0197103
-0.0265287
0.0293605
0.0237115
-0.00654505
-0.0134816
0.0516357
-0.0147949
-0.00279551
-0.000669153
0.0163514
-0.0343708
0.0140117
0.00237523
-0.0113141
-5.45701e-005
0.0203614
-0.0129176
0.0139256
0.00713836
0.0314356
-0.0253301
0.0132597
0.0312407
0.00413811
-0.0168952
0.0277424
-0.00797126
-0.0180534
-0.00320138
0.0147424
-0.0362746
0.033572
-0.00659201
-0.00856075
0.000565247
0.0675989
-0.0289583
-0.00193348
0.0402035
0.0209011
-0.0382941
0.0267914
-0.0278822
-0.0253544
0.00668202
0.0467813
-0.143811
0.0442193
0.0719808
0.0277483
-0.0919901
0.215907
0.0745159
-0.0659831
0.141212
-0.0438205
-0.515517
0.282321
