-0.463615
0.292498
-0.29098
-0.0618002
-0.0406597
0.0242716
-0.121878
0.0587685
0.0437004
-0.0640603
-0.00274136
0.0688275
-0.067654
0.0255939
0.0394898
0.00434655
-0.0230883
0.0509185
-0.0418031
0.0117747
0.0245706
0.000325472
-0.0491025
0.0385194
-0.0141854
-0.00248173
0.00344651
-5.63396e-005
-0.0356215
0.0288939
0.00859454
-0.015311
-0.00278367
0.0168117
-0.0172225
0.0221797
0.0124705
-0.00998794
-0.00340589
0.030337
-0.0160456
-7.78935e-005
0.00938489
0.0114008
-0.0214126
0.0372518
0.000390487
-0.0105364
0.0148343
0.0310414
-0.0125643
0.0220521
0.00347232
-0.0208856
0.0096721
0.0353733
-0.0434932
-0.00286347
0.00487267
0.00149616
-0.0132614
0.0473721
-0.063893
0.00812348
0.044934
0.0297592
-0.0649483
0.0672054
-0.019136
0.0130394
0.0637076
0.05354
-0.0905472
0.158564
0.10385
-0.168761
0.0731983
0.0698684
-0.575431
0.17361
