-0.432282
0.284041
-0.307648
-0.0180744
0.00700359
-0.0222323
-0.0895382
0.108063
0.00320126
-0.0526124
0.0527903
0.055103
-0.0705081
0.0671705
-0.00220706
0.00214748
0.0152856
0.0295904
-0.0690442
0.0354114
0.00378871
-0.0139064
-0.00502994
0.00652819
-0.0458054
0.0355913
0.0218883
-0.0167277
-0.00630966
0.0244672
-0.0159886
0.030981
0.0124195
-0.00962636
-0.0113934
0.0346169
-0.0229868
0.0109134
0.00380371
-0.0098423
0.0223329
-0.00332692
-0.0216034
0.0241046
-0.0216132
-0.00374619
0.00599678
0.00509815
-0.0207944
0.0518914
-0.0147224
-0.0102706
0.014475
0.0281573
-0.00696487
0.0412414
-0.0197602
-0.0266587
0.0289872
0.0304171
-0.0465136
0.0172264
-0.0351582
-0.0214768
0.0211837
0.045045
-0.111118
0.0570784
0.0161191
0.0154211
0.0221462
0.0837813
-0.0839814
0.148131
0.132547
-0.203236
0.00267143
0.133222
-0.540723
0.132182
