-0.527051
0.275186
-0.22914
-0.0800496
-0.0528151
0.0546156
-0.0837317
0.0432446
0.0641539
-0.0349621
-0.0187047
0.0969891
-0.0435887
0.0224618
0.00759667
0.00142799
-0.0404953
0.0572129
-0.0349165
-0.026122
0.00540373
0.0101089
-0.0386405
0.0248409
0.00824631
-0.0049003
0.00811055
0.0319355
-0.0269873
0.0190399
0.013346
0.00418456
-0.020239
0.0247835
-0.0231212
0.00250318
0.0106261
-0.00319909
-0.0250237
0.0173526
-0.0117528
0.00158568
0.014656
0.00288101
0.000223927
0.0213244
-0.0257858
-0.0127953
0.0114673
0.0167717
-0.0282823
0.0253888
-0.0172518
0.00480097
0.0214301
0.0407044
-0.0288209
0.0243129
0.0223846
-0.00514456
-0.000686552
0.0286953
-0.051184
0.00485134
0.0226009
-0.0155409
-0.0850036
0.0775817
-0.0334833
0.0141824
0.0277577
0.0706146
-0.0582576
0.178872
0.0982638
-0.147407
0.0690005
0.0803311
-0.462538
0.185209
