-0.534533
0.27969
-0.229561
-0.0888671
-0.0500494
0.0753683
-0.0844238
0.0134776
0.0557825
-0.0262948
-0.0456697
0.0953573
-0.0220682
-0.0152657
0.0189846
0.045464
-0.0428628
0.0421241
-0.00221704
-0.0147825
-0.0145396
0.0403611
-0.0447359
0.0043204
0.0164927
-0.00345407
-0.0326529
0.0232766
-0.00197844
-0.00430204
0.00777234
0.0177531
-0.025361
0.0210596
0.0177519
-0.000513637
-0.0164764
0.0263303
-0.00955715
0.00877842
-0.00362747
0.0286108
-0.0257067
-0.00707628
0.00871996
0.0199638
-0.0193071
0.0285504
-0.0110318
0.00303542
0.0237344
0.037839
-0.0297674
0.00575942
0.0195678
0.00451837
-0.0114859
0.0271748
-0.0332571
-0.00881266
0.02301
0.0170559
-0.0730715
0.0445279
0.00934641
-0.0119775
-0.0252125
0.0727288
-0.0554576
0.0522417
0.0494863
0.00598692
-0.0445622
0.192894
0.0445216
-0.15011
0.0767679
0.00850381
-0.529633
0.239044
