-0.495892
0.273228
-0.250968
-0.0746029
-0.0188819
0.0438762
-0.0998788
0.061598
0.0449738
-0.0417379
0.00664507
0.0762262
-0.0641799
0.0303411
0.0337684
0.0134737
-0.0359094
0.0449695
-0.0399053
0.0116454
0.0194612
-0.00966671
-0.0511732
0.032646
0.000681307
-0.00836503
0.00652551
0.00657353
-0.0188254
0.0373263
0.0118434
-0.00856426
-0.0056749
0.0298199
-0.022256
0.0175876
0.00408513
-0.00827089
-0.0114575
0.0235085
-0.0165999
-0.00418995
0.0223044
0.00217797
-0.0265225
0.0242584
-0.0115357
-0.00931726
0.00239941
0.0214472
-0.0295583
0.0401502
0.0039852
-0.010816
0.0118911
0.0477093
-0.0215789
0.00678728
0.012715
-0.00990458
0.00129349
0.040611
-0.0644356
-0.0167046
0.0266258
0.019425
-0.0706808
0.0616439
-0.0443475
0.0285771
0.0661501
0.0590335
-0.100182
0.151452
0.122738
-0.128524
0.0504255
0.0567789
-0.537141
0.192623
