-0.503635
0.27221
-0.267073
-0.0483053
-0.0272074
0.0170587
-0.100046
0.0786426
0.0280651
-0.0587005
0.0219612
0.0683386
-0.080014
0.0431139
0.0286629
-0.000460103
-0.0179874
0.0453292
-0.0546627
0.0208674
0.0197762
-0.0121444
-0.0373526
0.027921
-0.0252084
0.00911328
0.0179435
-0.0138394
-0.02399
0.0383855
0.00233707
0.00267469
0.0125774
0.00763578
-0.0224242
0.0365383
-0.00341992
-0.0049672
0.00235614
0.014945
0.00536395
-0.00980319
0.00344309
0.0164195
-0.0328776
0.017935
0.0050756
-0.0109402
-0.00995143
0.0467949
-0.0156644
0.0124007
0.012878
-0.000541671
0.0034034
0.0499306
-0.0311261
-0.0170138
0.0252117
0.0105301
-0.0314215
0.03484
-0.0458084
-0.0113654
0.0267713
0.0369703
-0.0910208
0.0621474
-0.019552
0.0160303
0.0603115
0.0767614
-0.115239
0.149464
0.14439
-0.147959
0.028276
0.0961787
-0.53444
0.140992
