0.296228
-0.170291
-0.375897
0.0288058
0.076905
0.0771788
0.00409601
0.00378982
-0.00257566
0.0245493
-0.0402802
-0.0461953
0.0144473
0.0187009
-0.00703149
-0.00023177
0.0161132
0.0280377
-0.0311274
-0.0199608
0.0101362
0.0122254
-0.00933745
-0.00997472
0.0146464
0.0229084
-0.0128862
-0.0158611
-0.000103823
0.0142017
-0.00531111
-0.00995686
0.014126
0.0198672
-0.00574886
-0.012823
-0.00131244
0.00661461
-0.00383314
-0.0132663
0.00020744
0.0129446
-0.00172451
-0.0107509
0.00672745
0.0119758
-0.00189576
-0.0205974
-0.0017342
0.0192952
0.00221827
-0.0136752
0.006466
0.0200022
0.00796469
-0.0262052
-0.0138634
0.0202601
0.00249986
-0.0113314
0.00383545
0.0331006
0.0169765
-0.0315459
-0.0105807
0.0273269
-0.00027639
-0.0373406
-0.0136559
0.0721591
0.0442013
-0.0517822
-0.0461521
0.0759402
0.0813885
-0.128843
-0.181356
0.277592
0.71089
0.0137004
