0.372455
-0.155547
-0.36309
-0.0224966
0.0491393
0.0860024
0.0264673
-0.0100113
-0.0202976
0.0454678
-0.0100423
-0.0482166
-0.0258804
0.0124031
0.0241204
-0.0179426
-0.0114872
0.0320723
0.0102237
-0.00830446
-0.0262075
0.000493599
0.0159792
-0.00497551
-0.0145967
0.00350155
0.0227597
0.00952327
-0.0238315
-0.00863817
0.0102091
0.00715618
-0.0137847
-0.00789172
0.0148067
0.0170584
-0.00939175
-0.0120884
-0.00294757
0.0107739
0.00369223
-0.0128785
0.00199037
0.0125387
0.00315723
-0.0173462
-0.0122235
0.0196658
0.0142104
-0.00803639
-0.00729799
0.011198
0.0218243
-0.0151272
-0.0252319
0.00296999
0.0175646
0.00334752
-0.0218043
0.00859615
0.038551
0.00630977
-0.0289063
-0.0209096
0.0274862
0.0189599
-0.0398263
-0.0239324
0.0388397
0.0730364
-0.00829684
-0.0756556
0.00785462
0.100238
0.0178513
-0.14468
-0.120267
0.311691
0.660894
-0.131979
