0.264875
-0.0694348
-0.372678
-0.0226421
0.0797094
0.0782884
0.0208182
-0.00522608
-0.021336
0.0344672
-0.00168776
-0.0434463
-0.0229592
0.0148621
0.0184442
-0.00462165
-0.014464
0.025079
0.0144232
-0.0106097
-0.0262248
0.00141171
0.0149567
-0.000894333
-0.0143073
0.00291355
0.016236
0.0128821
-0.0218065
-0.0095954
0.0116919
0.00908281
-0.00629635
-0.00758947
0.0111332
0.0162227
-0.00763893
-0.0131775
-0.00245339
0.00849511
0.00107125
-0.0141627
3.14005e-005
0.0117231
0.00363546
-0.0180834
-0.013099
0.0168576
0.0159216
-0.0080581
-0.00702398
0.0111923
0.0195525
-0.0124063
-0.0213044
0.000629965
0.0134251
0.00656123
-0.0212195
0.00942889
0.036735
0.00762607
-0.0259397
-0.0176708
0.024749
0.0138493
-0.0396136
-0.0219695
0.0413183
0.0667487
-0.0145462
-0.0659811
-0.00217413
0.0804607
0.0363848
-0.129564
-0.141052
0.29732
0.673815
-0.0925275
