-0.865861
0.0649072
-0.0141296
0.130698
0.0370357
-0.018799
-0.0250005
0.0819923
0.017865
-0.0209951
0.00179441
0.0429705
0.0581622
-0.00469613
-0.024135
0.0011517
0.0451936
-0.00664361
-0.00620636
-0.0198279
0.0409267
0.0117384
-0.0130252
-0.0343213
0.0108803
0.00259149
-0.00108857
-0.0285713
-0.00114457
0.00990697
-0.000521339
-0.0248193
-0.0228592
0.000194111
0.00421787
-0.00688873
-0.0235391
0.00311361
0.00193453
0.00350121
0.00375638
-0.00907921
-0.0297418
0.00703485
0.00662457
0.00128848
-0.0236293
-0.010286
0.00608617
-0.00155006
-0.026068
-0.0234594
0.00883025
0.0152168
0.00148346
-0.0379927
-0.00576477
0.0108929
0.0106439
-0.0341867
-0.00906351
0.0282648
0.0580399
-0.0285801
-0.0335067
-0.00238395
0.0468807
0.0153518
-0.0380109
0.00901417
0.0784203
0.067572
-0.0319817
-0.0710406
-0.0634522
0.135838
-0.0614312
-0.0161776
0.0192242
0.40789
