-0.877892
0.179288
-0.410748
0.0102569
-0.0348661
0.016025
-0.105437
0.0436881
-0.0862952
-0.0121513
-0.0411343
0.0272221
-0.0108093
0.0223905
-0.0547556
-0.00505898
-0.024637
0.0230189
-0.00113278
0.0270546
-0.0289577
0.0070324
-0.0274006
0.0190786
0.00453657
0.0307468
-0.0203568
0.010031
-0.0267691
0.0115379
-0.00482957
0.0292273
-0.0162706
0.0102966
-0.0276615
0.00575454
-0.0076306
0.0222229
-0.0104699
0.00757887
0.00271668
0.0248738
0.0102267
0.00557719
-0.0143367
0.00568252
-0.00625803
0.0290855
0.007237
0.013036
-0.0214131
0.00178715
-0.0240861
0.0387071
0.0090874
0.0273679
-0.0200049
0.0118898
-0.0272491
0.0473553
0.00443727
0.0523615
-0.00860052
0.0180784
-0.0394536
0.0631545
0.0323219
0.0749652
0.000729337
-0.00209824
-0.0618299
0.0661461
0.0247486
0.158185
0.137703
-0.0071972
-0.216758
-0.122155
0.0697362
0.473092
