-0.869341
0.046866
-0.0789691
0.109724
0.0172209
-0.0134629
-0.0388878
0.0874501
-0.0207969
-0.0207554
-0.0270421
0.0516451
0.0311762
0.00629198
-0.0252773
0.0363625
0.0215381
0.0135897
-0.0307285
-0.000173489
0.0299619
0.0289959
-0.0113689
0.00124697
0.0216797
0.0308355
-0.00776949
-0.0103122
0.00951489
0.025498
0.0126235
-0.00490348
0.00460927
0.023173
0.014823
-0.00357394
-0.00775051
0.00895248
0.0238595
0.00365693
0.0226514
0.000441921
-0.00543733
0.00892153
0.0231641
0.00511755
-0.019008
0.00168456
0.0219318
0.027723
-0.00169829
-0.00665218
0.0132554
0.0284526
-0.00555517
-0.0114614
-0.00526355
0.0467517
0.021637
-0.00504576
-0.0154008
0.0355404
0.0211379
-0.0156142
-0.061531
0.0388831
0.0443822
0.0391979
-0.0522092
0.00753555
0.0567599
0.0527683
-0.0968223
-0.0765905
-0.0826628
0.17751
-0.0362393
-0.029826
-0.00733788
0.345393
