-0.857314
0.0538591
-0.0462757
0.130363
-0.0131598
-0.0186202
-0.0154863
0.0765806
-0.0616025
-0.0185836
0.0246674
0.0675639
-0.0103014
-0.0025036
0.00366915
0.0474102
-0.0171039
-0.0184293
0.00977485
0.0401807
0.0117167
-0.00174973
0.000908415
0.0359841
0.00626575
-0.016067
0.00057105
0.0277493
0.0191335
-0.00163659
-0.00154835
0.0235311
0.014766
-0.00873348
-0.00321394
0.017575
0.0232373
-2.58167e-005
-0.0043392
0.0118525
-0.0153341
0.000434918
0.0181232
0.0140121
-0.00851386
0.00604106
0.0276748
0.011127
-0.0184893
-0.00208635
0.0174047
0.0253556
-0.0108205
0.00313238
0.0245095
0.0234752
-0.0222424
-0.0113045
0.0151159
0.0479066
-0.01063
-0.00970569
0.0204351
0.0433003
-0.0312567
-0.0359233
-0.0102858
0.0871606
-0.000720212
-0.0207948
-0.00564521
0.0829248
-0.00909119
-0.088808
-0.162407
0.143234
-0.0104434
-0.00300222
-0.0348472
0.355187
