-0.392463
0.0880629
-0.0660607
-0.0279027
0.054585
0.00848489
0.0426169
0.0498777
-0.0241943
-0.00814782
-0.0445918
-0.0202711
-0.00339059
-0.0111045
0.0209767
0.0159538
0.0114956
0.023587
-0.0133186
-0.00924274
-0.0205915
-0.0182064
0.00281145
-0.00133965
0.0158638
0.013555
0.00240698
0.00895265
-0.0122606
-0.0101085
-0.00771663
-0.00980517
0.00345712
0.00487155
0.0132025
0.0112088
-0.00188055
0.00614679
-0.0126348
-0.0086834
0.00520772
-0.0114276
-0.00897808
-0.0030669
-0.00782236
0.0075665
0.00830621
0.00910095
0.0141358
-0.00579618
-0.00143001
-0.0144259
-0.0173778
-0.00463224
-0.00769059
0.0186802
0.0175555
0.0110254
0.0164238
-0.015347
-0.0113588
-0.0192148
-0.0238088
0.00676272
0.00338214
0.0319891
0.0360414
0.0106093
0.0196767
-0.0331851
-0.0363712
-0.0303704
-0.0548275
0.0445377
0.044442
0.0996407
0.142376
-0.0222429
0.187529
-0.217098
