-0.447119
0.0666007
-0.0255913
-0.0145868
0.088903
0.0394131
0.00929326
0.0302424
-0.0571288
-0.0409966
-0.0234736
-0.00877968
0.0329699
0.0270036
0.00830131
0.0123668
-0.0330822
-0.0212787
-0.00861118
-0.00987693
0.017236
0.0193639
0.00488806
0.0127573
-0.0197612
-0.0168488
-0.0112347
-0.00528212
0.013101
0.0142012
0.00432174
0.0095647
-0.0129302
-0.011432
-0.00435517
-0.00917209
0.0103699
0.0127823
0.00723768
0.0108414
-0.0126443
-0.00434089
-0.00101081
0.0124941
0.0137731
0.00120314
0.00458798
-0.0179261
-0.0150108
-0.0018249
-0.00274146
0.0194448
0.0198999
0.0065395
0.00846679
-0.0184369
-0.0229078
-0.00579446
-0.00460422
0.0284695
0.0257404
0.00957032
0.0122535
-0.029952
-0.0345793
-0.00829381
-0.0119044
0.0439264
0.0462069
0.0216889
0.0248141
-0.0478601
-0.0607594
-0.0245593
-0.0414083
0.099928
0.137103
0.0632325
0.298369
-0.208647
