-0.478482
0.0869956
-0.0344481
-0.0282314
0.0596749
0.00438047
0.0281906
0.053258
-0.0113213
0.00569427
-0.0440687
-0.0266012
-0.00380611
-0.0169504
0.0180206
0.0187104
0.00984992
0.0232931
-0.00407985
-0.00344139
-0.0207364
-0.0153544
-0.000743264
-0.00435901
0.0176667
0.0116879
0.00782729
0.00918655
-0.0131199
-0.00436348
-0.012313
-0.0090576
0.00166917
0.00256948
0.00873992
0.011002
0.000303379
0.00381624
-0.0120161
-0.0075666
-0.000485353
-0.0110881
-0.0133423
-0.000249625
-0.00401122
0.0137505
0.0148811
0.00936383
0.0144495
-0.00700327
-0.00680158
-0.0150342
-0.017841
-0.000874582
-0.00419842
0.0207786
0.0211615
0.00348869
0.0179525
-0.0194555
-0.0142773
-0.0182123
-0.0231341
0.0107114
0.00626417
0.0315015
0.0349621
0.0071324
0.0188436
-0.0368118
-0.0354054
-0.032142
-0.0458036
0.0544228
0.0442901
0.0894894
0.135048
-0.0279385
0.232724
-0.200915
