-0.427266
0.0838725
-0.0458371
-0.0290872
0.074127
0.0330104
0.0275993
0.0480755
-0.0453432
-0.0272337
-0.0401822
-0.023525
0.0213914
0.00758956
0.0233382
0.0267324
-0.0100237
0.0018835
-0.0247404
-0.0235982
-0.00309072
-0.00574882
0.0208252
0.0199659
0.00117176
0.00595737
-0.0188298
-0.012548
-0.00817005
-0.0104738
0.0120498
0.0146847
0.0113925
0.0136568
-0.0119228
-0.00730262
-0.0112424
-0.00922234
0.00125918
0.00586428
0.00649727
0.0156394
0.0160298
-0.00452708
-0.00181467
-0.0124263
-0.0124585
-0.00281044
0.000336255
0.0165605
0.0183853
0.00314321
0.00417209
-0.0188296
-0.0180655
-0.00476942
-0.0119247
0.0183162
0.0193224
0.014826
0.0169313
-0.0185364
-0.0133722
-0.0216171
-0.0291884
0.0204538
0.0158482
0.0325868
0.0450277
-0.00806444
-0.00457852
-0.0496313
-0.0614593
0.01464
-0.00392262
0.108402
0.153632
0.00979974
0.248299
-0.191171
