-0.161733
0.375035
-0.187339
-0.0834557
0.0457095
-0.0160811
0.0732547
-0.0801464
-0.150884
-0.00172321
-0.0338381
0.0862928
-0.0799135
-0.0101934
0.0353393
0.0188659
0.0131358
-0.062031
-0.0488949
0.02291
-0.0250914
0.0284233
-0.0543862
0.0163124
0.0353469
0.0110435
-0.0093094
-0.044585
-0.00705247
0.0221779
-0.0306617
0.00572185
-0.0328111
0.030441
0.0193158
-0.000983458
-0.0074672
-0.0192903
0.0101226
0.0122865
0.0220556
0.019028
-0.0321307
0.0148588
0.00857225
0.00342467
-0.00256425
-0.0284087
0.029598
0.0391257
0.0178621
0.0117937
-0.0367446
0.0477149
0.00380107
-0.00966146
-0.0243392
-0.0125681
0.0612014
0.0323168
-0.0031458
0.0210049
-0.025211
0.0961419
-0.0331477
-0.0342813
-0.0449378
0.0208792
0.110489
0.00437692
-0.0353285
0.0833755
0.0126334
0.198931
-0.228617
-0.0445278
-0.132979
0.237169
0.718395
-0.0565619
