-0.303287
0.372879
-0.0304654
-0.0262736
-0.0122129
-0.0818211
0.10022
-0.0112492
-0.0983468
-0.0644858
-0.0844907
0.0890142
-0.0205311
0.0224638
-0.032074
-0.0202171
0.0518043
-0.0014342
-0.0281105
-0.0438621
-0.0420556
0.0410806
-0.0203985
0.0263724
-0.0336453
-0.00168139
0.0335982
0.00657038
-0.00581396
-0.0372008
-0.0271077
0.0201744
-0.0130516
0.0217962
-0.0329181
0.00440187
0.0219117
0.0147613
0.00234857
-0.0267357
-0.0263554
0.0235544
0.0115334
-0.0108119
-0.00728444
-0.013349
0.0323426
0.0302252
0.0121379
0.00845911
-0.0330862
0.0437788
0.00477805
0.00359896
-0.0215183
-0.0263717
0.0399405
0.0300569
0.0313523
0.00745868
-0.0395938
0.0765334
0.00423398
0.0238734
-0.0617127
-0.0376239
0.0389216
0.0386504
0.0697119
-0.00565732
-0.0459986
0.153729
0.0199615
0.112367
-0.23215
-0.0652622
-0.0720007
0.213893
0.665479
-0.0397666
