-0.0497942
0.287553
-0.228316
-0.129496
0.144163
-0.00266795
-0.118563
-0.0696139
-0.0829183
0.117188
-0.0661244
-0.0373644
0.0185697
0.0188727
-0.0135637
-0.0675441
-0.0589748
0.0684121
-0.0434491
-0.00786838
-0.0107834
0.026282
0.0136508
-0.0483665
-0.0403186
0.0328959
-0.0262589
0.00759336
-0.0326548
0.0313723
0.0247292
-0.0295515
-0.0243998
0.01256
-0.00735341
0.00879367
-0.0404178
0.0243325
0.0196541
-0.0089507
0.013181
0.01076
-0.00644605
-0.0152718
0.0378983
0.040117
-0.019412
0.0173799
-0.00300154
0.033057
-0.017258
-0.0299848
0.0378733
0.039904
-0.000372745
0.0145588
-0.0119532
0.068851
-0.025912
-0.0373437
0.025893
0.0457815
0.0291562
0.00729906
-0.020079
0.124772
-0.039917
-0.0255378
-0.0241473
0.0641196
0.0995513
-0.00737492
-0.0472069
0.25258
-0.0636608
0.0131287
-0.389095
0.242973
0.767354
0.163777
