-0.11339
0.33916
-0.204512
-0.0970117
0.104572
0.00568187
0.00380658
-0.109397
-0.123931
0.0740946
-0.0438615
0.0212723
-0.0654544
0.0247006
0.0609546
-0.0323307
-0.0437141
-0.0297989
-0.00785552
0.0345036
-0.0754847
0.0172981
0.0113044
0.0325029
-0.00373202
-0.0398144
0.00458173
0.0137769
-0.030307
-0.00631672
-0.0327591
0.0445932
0.00308781
-0.00803071
-0.00344729
-9.45433e-006
0.0148155
-0.012045
-0.0367985
0.0156555
-0.00190942
0.0154725
0.0131205
0.0402185
-0.033057
-0.00550708
0.00825707
0.0109348
0.0131644
-0.0200919
0.0169435
0.0559991
-0.00197802
0.0132307
-0.0411916
0.0413194
0.0143946
-0.0349025
-0.00507498
0.0190437
0.0647459
0.0355575
-0.0614775
0.0614283
-0.00292161
0.0367193
-0.0643022
-0.0417412
0.0798381
0.0678753
0.0179085
0.0252332
-0.0287185
0.240348
-0.148435
-0.0629397
-0.247088
0.209766
0.758474
0.0608459
