0.280865
0.0617421
-0.164395
-0.12467
0.0626905
-0.063056
0.0577798
-0.0419265
-0.0218087
0.0128223
0.0192355
0.0213514
0.0181268
0.00854439
0.0071615
-0.0176712
-0.00746504
-0.0375362
-0.00100937
-0.033261
0.000351955
-0.0268525
-0.00355053
-0.00852844
-0.00205042
0.00703942
-0.00425721
0.0125048
-0.00871683
0.0018061
-0.00602528
-0.0100818
-0.001673
-0.0199797
0.00112765
-0.0184435
0.00581478
-0.0156879
0.00287659
-0.00352219
-0.00442955
0.0113642
0.00346898
0.00556672
0.0131284
-0.00810727
0.0164501
-0.0207985
0.014398
-0.0170169
0.0113353
-0.00373077
0.00782922
0.0152227
0.00653936
0.0306982
0.00476823
0.0314084
0.0115878
0.0119133
0.0126833
-0.0179044
0.00799634
-0.0438201
0.0153407
-0.0370913
0.0220803
-0.00183449
0.0373466
0.050341
0.0584047
0.0987642
0.0527964
0.142548
0.047002
0.103438
-0.0896192
-0.153238
-0.308516
-0.0981312
