-0.3969
0.19942
0.00348381
0.0347531
-0.119733
0.0566263
-0.0352009
0.0291794
0.0660463
0.0211208
-0.010928
0.0347445
0.00560625
0.00925788
0.019386
-0.00778292
-0.00907637
0.00762104
-0.0240702
0.0352572
-0.00883187
0.0306908
0.0196227
0.00441489
0.0206006
-0.00119371
-0.00146008
0.00735265
-0.00786298
0.00968379
0.00842412
0.00163394
0.00449604
0.00544895
-0.00933806
0.0202094
-0.00526387
0.02029
0.0125413
0.00168967
-0.00385084
-0.00133365
-0.0096319
0.0115928
-0.0236047
0.00310487
-0.0163118
-0.0168613
0.00859418
-0.0146757
0.00864163
0.0143916
-0.0214695
0.0212596
-0.0333127
0.00137837
-0.0135455
-0.0145888
-0.00725332
-0.00156021
-0.0324673
0.00816721
-0.0335082
-0.0287257
0.00976955
-0.0337258
0.0116123
0.0262798
-0.0479767
0.0664808
-0.120332
-0.00457881
-0.0623148
-0.121394
0.0297641
-0.0900514
-0.180346
0.106886
-0.311432
0.170841
