0.0883002
0.127537
-0.0983676
-0.161931
0.0456363
-0.0898419
0.031169
-0.012076
-0.0151246
-0.00859219
0.0439996
-0.00671203
0.0301723
-0.0155952
0.00335794
-0.024581
-0.0240758
-0.0296202
-0.0327787
-0.0223422
-0.0155378
-0.0120658
-0.00526532
-0.00651112
0.0125308
-0.00658762
0.0155772
-0.00784909
0.00521419
-0.00919319
-0.0117636
-0.0125461
-0.0218741
-0.00951785
-0.0174169
-0.00673002
-0.00703696
-0.00663069
0.00610719
-0.0063585
0.0209909
0.00222122
0.0290481
0.00611354
0.0237965
0.00604071
0.0060501
0.000282267
-0.00875023
-0.00639152
-0.00751238
-0.00862755
0.00404798
-0.00440074
0.024244
0.00762444
0.0400612
0.0230632
0.0409616
0.022043
0.0215109
0.0114626
-0.0118764
-0.00904911
-0.0184348
-0.0295685
0.00197267
-0.0176087
0.0447172
0.0217203
0.0815315
0.0735763
0.110421
0.145772
0.0970086
0.128294
-0.0946403
-0.0704808
-0.308106
-0.0802573
