-0.457533
0.170054
0.0709218
0.053076
-0.136028
0.0695811
-0.0316644
0.00761576
0.0513938
0.0299225
0.00561546
0.0255503
0.0214003
-0.00854231
0.0137183
-0.00362428
-0.0253178
0.0309786
-0.0272888
0.0343303
0.00969613
0.0124513
0.0196246
0.00321388
0.00788036
0.0121627
0.004459
0.00766353
0.00744533
-0.00729568
-5.61086e-005
0.00501707
-0.0151522
0.0263306
-0.00424601
0.0181749
0.0144214
0.00325633
0.0105722
0.00271052
-0.0238117
0.00926183
-0.0139218
-0.00953115
-0.00327749
-0.00246308
-0.0160979
0.00276374
-0.0162753
-0.00881271
0.00350885
-0.00767599
0.00675614
0.0189975
-0.0264957
0.0271982
-0.0393706
-0.00898943
-0.0179073
-0.0252611
-0.00562654
0.00106136
-0.0331811
0.00151013
-0.0201279
-0.029068
0.0181635
0.00371516
-0.0177564
0.0599974
-0.112908
0.0306331
-0.111454
-0.119452
0.00165796
-0.127711
-0.102811
0.097732
-0.261145
0.219399
