0.30051
0.00414264
-0.203538
-0.108617
0.0779666
-0.0399301
0.0148738
-0.0472281
-0.0103706
0.0117508
0.026753
0.0139384
0.0303241
0.000780812
0.019754
-0.0230714
0.00367103
-0.0291198
-0.010771
-0.0324436
-0.0257895
-0.019656
-0.0149625
-0.0076397
0.000725283
0.00534308
0.00622523
0.00528613
0.0123103
0.00151106
0.0116306
-0.00932649
-0.00108847
-0.017982
-0.0109663
-0.0203526
-0.0167141
-0.0120492
-0.0112173
-0.00452727
0.0144727
0.0144634
0.00487197
0.00316597
-0.00538522
-0.0109453
-0.00466686
-0.0163763
-0.000200478
-0.0162048
0.0133831
-0.00520851
0.0250159
0.0130651
0.0289207
0.0268746
0.025526
0.0214848
0.00646017
0.00878614
-0.0054614
-0.0138459
-0.0136693
-0.0344438
-0.00084386
-0.0338473
0.0287569
8.05273e-005
0.0609085
0.0440669
0.0836972
0.0850168
0.061585
0.127931
0.0369369
0.099291
-0.0622876
-0.135088
-0.39701
-0.108623
