0.135343
0.122122
-0.0941219
-0.12639
0.0340018
-0.0852038
0.0334374
-0.0170226
-0.0181587
-0.0164935
0.0257287
-0.00941509
0.0315226
-0.0112688
0.0229004
-0.0135463
-0.00241816
-0.0221134
-0.0233731
-0.0163492
-0.022585
-0.0136733
-0.0196509
-0.00846688
-0.00565151
-0.00866591
0.00969597
-0.0127839
0.0157998
-0.0106607
0.00788375
-0.0096335
-0.00411812
-0.00610124
-0.0135026
-0.00249555
-0.017718
-0.000992368
-0.0137241
-0.00446129
0.019582
-1.13683e-005
0.00949365
0.00283809
-0.00382045
0.00628979
-0.0119999
0.00495318
-0.00556464
0.00149358
0.0108887
-0.00103477
0.0262163
-3.98333e-005
0.0387288
0.00589632
0.0347975
0.0107988
0.0152772
0.00845864
-0.010675
0.000750688
-0.0240656
-0.00769159
-0.0121146
-0.0110012
0.0265067
0.00438523
0.0629745
0.0292421
0.0854135
0.0610946
0.0993406
0.111031
0.065865
0.080944
-0.137398
-0.0709818
-0.326824
-0.0598898
