0.297116
-0.345637
-0.195295
0.0198235
-0.122118
-0.121009
0.0178528
-0.104859
-0.108036
-0.0277659
-0.0721579
-0.0328083
-0.048833
0.000699751
-0.0124612
-0.0566944
0.00290828
-0.0442842
-0.0665416
0.0130254
-0.0380704
-0.00564149
-0.0105172
-0.0128838
-0.0107764
-0.0317172
-0.0192844
-0.013362
-0.0482523
0.0150797
-0.0162979
-0.0130629
-0.00173253
-0.0142489
-0.0185794
-0.0153049
-0.0238962
0.00186226
-0.0290588
0.0114179
0.00550268
0.0281246
-0.00508535
-0.00322798
0.0256303
-0.0036617
0.025764
0.0190605
0.0184127
0.0253673
-0.00566405
0.0241073
0.00525223
-0.00631315
0.046081
0.0137262
0.0278993
0.0436395
0.00489677
0.0298058
0.00261899
0.0177572
0.0371121
-0.0063772
0.0721737
0.0380782
-0.00292371
0.0832117
-0.0335532
0.00215403
0.0502426
0.0338899
0.0737904
0.0624991
0.0705109
0.11434
-0.412296
0.493412
0.63531
0.37484
