0.258974
-0.279095
-0.20304
-0.0105671
0.0252418
-0.189184
-0.032923
-0.0734202
-0.113824
-0.0450352
-0.0779443
-0.0122259
-0.0405684
-0.0496619
0.0166161
-0.0652969
-0.0610151
-0.00717695
-0.0528216
-0.0117894
-0.0200223
-0.0198292
-0.00137808
-0.0495646
-0.0221967
-0.0114923
-0.0498421
0.00696604
-0.0150196
-0.0154089
-0.00773875
-0.0282303
-0.0137905
-0.0167986
-0.0371816
0.0101105
-0.0211893
-0.00960402
0.00155022
-0.0211286
0.0269488
0.0202818
0.0133187
0.0239129
-0.00210609
0.00396452
0.0282928
-0.011231
0.0390401
0.0274731
0.0150743
0.0293776
0.00486694
0.0137446
0.0258305
-0.0199395
0.054167
0.0223808
0.0140876
0.0531472
0.00630794
0.0177355
0.0249401
-0.0154704
0.0648389
0.021118
0.0343008
0.0845656
-0.040312
0.0556323
0.0496339
-0.0133685
0.119651
0.0851088
0.0344336
0.119318
-0.24376
0.573852
0.6765
0.210538
