0.270498
-0.282309
-0.197649
-0.00676827
-0.0659978
-0.0920879
-0.0327095
-0.039211
-0.0628652
-0.0421906
-0.063328
-0.000956648
-0.0752298
-0.000191202
-0.0102781
-0.0363036
-0.0215354
-0.0239197
-0.0433678
-0.00401762
-0.0434542
0.00962343
-0.0272832
-0.00994368
-0.00488958
-0.0257485
-0.0250968
-0.00323459
-0.0352111
0.00816006
-0.026638
0.0032464
-0.0110877
-0.01451
-0.01179
-0.0114016
-0.0286585
0.00588659
-0.0224222
0.00574247
0.00190949
0.0270508
-0.00211719
0.00386852
0.0191003
0.004826
0.0248636
0.0177118
0.0169925
0.0360812
-0.0075292
0.0210614
0.0132915
-0.00179816
0.0357239
0.0154576
0.0189433
0.0434667
0.00407254
0.0458022
-0.00741776
0.0165686
0.0364653
-0.0079081
0.051881
0.0659049
0.00414357
0.0873415
-0.0402679
0.0619586
0.0424707
-0.0210506
0.153331
0.0795093
-0.0367236
0.185429
-0.271702
0.494385
0.695304
0.147631
