-15.2936
6.11604
-41.4405
12.2224
6.67262
8.95011
-2.64213
-8.10183
-1.47506
3.14857
6.94555
-4.01911
0.60588
-0.903343
-1.53327
-1.77264
-1.11836
0.134097
-4.33238
-1.66105
-0.701047
-1.01608
0.749347
-1.41166
3.9634
0.656303
2.28455
1.64831
-3.68333
0.476455
0.340321
-3.77023
-0.625672
-0.771199
-1.14396
0.249776
-3.08278
-1.39965
0.270982
3.30924
1.02351
2.27852
1.53678
1.37334
1.19673
-2.95681
1.73138
-0.756091
4.95922
-0.739789
0.69278
-2.16785
-0.894368
5.83995
-0.607015
2.95179
4.72894
-2.68747
4.19428
-0.521909
2.72998
3.02312
1.19588
-1.3988
-3.29588
5.00791
7.22118
-2.44724
-1.67142
0.0148447
13.4923
15.5313
9.93692
18.0645
9.50414
2.24501
17.8174
12.0077
-5.76789
22.5427
-10.2806
9.77205
-45.1829
-17.1541
2.93397
-9.60188
13.465
5.49422
10.845
-5.99181
1.31787
3.09316
6.2181
-10.2013
-3.49986
-13.0001
-6.41387
1.72532
-8.33196
0.382513
-8.86615
-5.41024
0.229288
4.52121
1.44081
5.13639
-2.5874
-2.5253
-4.34835
0.720406
0.955491
-0.270478
0.367829
-2.40036
-5.38033
-1.917
-1.20107
1.09411
2.13089
3.33036
-3.76226
2.9197
1.20865
6.85804
3.77437
0.0285081
0.613207
1.0442
-0.653626
2.8287
3.61045
0.677685
5.17465
4.59548
-2.94512
6.39244
5.82478
5.27348
8.42588
4.6094
-2.89645
7.26635
1.51607
5.73319
-0.991487
4.10345
-2.02568
14.5612
9.73005
10.8447
11.2755
3.34439
-26.2543
23.0716
-1.66133
19.475
5.0551
-3.24972
0.336821
30.4196
-6.29954
8.47432
-6.87559
-14.9544
-6.73707
16.0522
-2.77758
11.3894
6.15513
14.0032
17.9719
-4.86655
-15.1702
23.232
6.09749
-8.48185
11.3713
16.5152
0.344858
3.67097
8.58146
3.92618
9.31007
-4.40849
12.5598
-2.05727
7.98542
4.9914
-5.7336
4.58025
4.76956
-9.58309
2.70836
9.31791
-1.85531
3.08893
6.98992
3.81258
-0.886574
9.05708
-0.223005
3.21882
0.583218
5.11439
-5.88068
-0.703193
-6.09068
3.47424
7.41737
5.17435
1.97724
3.26532
-12.772
9.85915
-6.4974
-4.99412
8.49063
-0.875617
-7.82494
-10.051
10.4379
-2.92746
0.524832
-6.74795
-0.305978
-5.92527
-1.8483
13.8638
10.8321
16.6753
-10.5015
21.6622
11.8062
23.6802
20.8986
24.3487
11.2502
-1.06007
1.54247
3.4415
-16.8088
5.63025
-23.9982
-1.44347
13.898
11.9964
13.5995
1.34864
9.48204
5.00629
10.1389
-4.53519
8.98328
-5.78513
6.19702
0.322389
1.65045
0.335018
-1.09522
0.200227
1.49234
-1.04603
6.17259
-2.9008
9.01755
-0.887
4.01147
0.064056
-0.75278
0.118966
2.23189
-4.2076
1.23031
-1.87724
-1.12632
0.0895239
1.17678
-1.6527
1.43111
1.58996
-0.227047
0.868325
1.29881
-0.0696461
0.417378
-1.07924
1.64747
-1.32119
1.1322
-1.96539
-1.01981
-1.5591
-2.28776
2.59346
-2.97669
0.907037
5.61447
-2.93273
4.04933
-1.5657
-1.35878
-3.12729
-1.07971
-4.93428
-0.945257
-2.37262
9.4017
-0.0618082
6.07072
1.63527
2.57747
12.2629
1.69588
21.5922
2.56288
9.48068
5.55822
1.09088
4.57278
16.1663
-15.3956
21.178
-25.553
-12.6483
26.6579
2.23481
5.54502
-7.64165
0.0403199
4.56031
-1.4218
-9.04962
1.51944
-9.48698
6.19578
-4.27407
-1.12729
3.90227
-8.70921
-0.532401
1.00401
-2.27073
4.24307
-2.74943
4.81701
1.59364
1.06576
-3.80796
-2.06451
2.36526
0.409264
-4.62959
0.562097
-1.53677
-2.8624
2.2299
-2.61643
-1.00044
1.1254
2.15072
-0.781288
-0.319959
4.80273
-1.24333
1.56617
-0.935392
3.14743
-6.61114
5.0092
1.62947
-3.83955
-4.21542
4.61794
0.385296
-4.00208
0.703299
4.71544
-4.3167
10.8797
0.730742
-3.28335
2.48416
3.4149
-13.8695
3.89153
5.86941
5.68902
-0.850003
13.8996
9.63756
-1.62278
1.60967
8.83251
10.7993
13.8869
29.2294
-0.512979
-0.132856
-2.4264
11.7028
-11.6951
8.76239
-27.5569
-0.24262
1.61005
6.97796
3.13968
-2.21646
6.44413
1.61
2.00823
-2.31835
3.22604
-6.66518
1.68822
-0.667132
-3.61716
0.230485
-4.68317
-0.25805
-0.575132
-1.34553
1.77911
-2.0654
4.01244
0.564104
0.2012
-0.0899101
-2.41553
0.805903
-0.475574
-2.89116
-1.56793
-1.21506
-2.42365
1.07742
-1.08002
-0.383062
-0.298404
1.36119
0.657503
0.897659
1.66228
0.798594
0.982049
-0.449133
2.12142
-0.125554
1.0901
-1.5487
0.506029
-0.915547
0.197878
3.24779
-1.63383
3.36039
4.30792
-0.600401
4.05383
-0.440113
1.60981
0.282303
-0.813121
-2.11949
0.961627
-0.430586
10.2101
5.89294
2.98069
8.06015
0.990127
15.5867
3.60779
18.5583
-0.651132
17.7462
3.22753
16.8743
5.07504
6.87945
-8.5242
8.97151
-21.1168
6.22861
0.645378
13.1427
6.7891
7.96384
13.1854
3.66002
6.17274
2.90947
10.1287
-1.16717
8.90995
-5.42461
3.59207
2.11642
-5.26489
0.896963
0.436342
-1.16095
6.88556
-1.62558
6.46265
2.26108
4.03965
2.53099
2.86646
-0.646884
0.667427
-3.41935
0.145495
-0.800184
-0.585
-1.24362
-0.429886
0.600394
0.306331
3.66959
-0.0255799
0.658675
1.15107
-0.0624111
2.95118
-3.48402
1.25548
0.41826
1.56191
-3.38091
-0.336952
-3.7715
-0.57148
5.79415
-2.06657
2.54022
2.54743
-4.15224
5.61254
-2.46193
1.48952
-5.13752
-2.15142
-5.62775
4.38257
-5.82481
7.34246
5.84072
5.71151
13.3855
1.6486
7.79547
25.0315
26.9888
-4.75152
10.4187
-3.75714
12.4191
8.68473
11.2139
-10.4004
2.55842
-12.3857
3.45889
5.76331
30.6735
17.8973
8.80363
-18.2142
-1.75827
2.77754
-2.24912
0.145851
6.41347
-5.28128
-3.98085
-2.2099
2.27941
-1.56993
5.96726
0.626505
-1.91872
0.777865
0.390562
7.20284
4.28581
1.25836
0.988959
-5.07003
-0.315112
0.462852
-1.57266
2.62193
4.48325
-5.9264
-1.94136
-2.27426
-1.46084
7.0601
11.7362
0.695733
2.06396
8.36945
1.63169
-0.649965
-5.86354
-0.426158
1.35375
6.57064
0.0753957
2.35339
-2.73224
-2.28011
4.31622
-0.0330516
5.20392
4.72846
-0.363006
7.33288
-1.92156
-2.04687
-1.4859
2.59264
-3.04238
-5.58004
3.85907
18.3603
3.81856
-2.92
10.8953
-5.9991
31.2561
34.2114
31.0729
15.4514
-16.9313
-0.755757
4.84609
1.77711
8.63687
0.589806
6.3641
-35.4022
45.4598
45.9693
2.10597
-3.18047
-21.7076
-3.58764
-4.16321
-1.8496
-17.4466
10.1004
-16.318
-0.782135
-0.384325
0.186544
3.35094
-9.41887
-3.31717
-27.9537
-17.3734
-0.969358
-8.14979
27.082
1.02055
2.13373
-2.15869
-14.2013
-1.27629
10.3065
9.53156
-17.361
-12.3034
-28.2872
-28.6079
1.28573
0.557206
18.7834
0.836743
0.605469
23.8828
32.0199
-8.8686
-4.18194
-10.323
-2.40361
-5.18996
20.9676
-12.5434
-10.6552
-15.904
-16.5809
7.54674
1.23342
19.3329
24.4671
0.0971654
9.73883
-16.7524
7.26528
3.1782
2.90688
-1.85958
22.7481
-12.109
32.2515
1.41018
-14.1915
-2.03167
14.6139
31.0441
6.23961
-2.26766
-29.112
-26.944
17.2329
42.8906
6.41622
8.16627
-2.88786
18.8462
-14.0526
32.5286
-7.48074
-8.22097
-3.04602
-14.2671
62.937
-18.8035
18.937
-3.25454
1.72853
-14.6161
35.4293
-16.5119
5.91622
2.05064
5.6397
0.661189
23.5448
-12.0895
11.2787
-5.5406
-1.15049
-7.09912
6.77797
-3.04309
4.42259
-4.89238
-8.72234
-24.0416
16.603
-5.50557
15.0882
23.2311
-0.793352
-9.20578
-17.4551
4.3737
-4.38547
-28.343
-24.5364
10.6283
2.659
0.69339
6.47776
-5.55239
-4.7755
-8.72939
6.69678
7.19059
7.23999
0.636338
-8.1218
-8.01385
-3.9637
-32.3348
-8.34278
-9.65952
0.912228
2.54559
-3.94179
-14.7531
-13.4009
0.861403
11.0505
22.7819
54.4184
1.0408
18.1196
-28.311
-18.2987
15.8887
3.77618
35.3848
2.90808
19.7612
-2.24401
7.80009
-12.0939
7.63664
-23.5824
8.77564
-0.738663
21.8172
18.1704
-2.80578
1.10053
4.42448
6.37848
0.489207
8.47829
-4.09244
1.05538
1.95806
-1.28784
2.50077
-0.594943
1.52333
0.943339
-0.354581
4.43712
-1.87073
8.04164
1.92265
0.456211
0.176552
0.334222
-1.05487
0.459541
-0.441157
-2.26204
-1.00278
0.0451674
0.796907
-0.854258
3.21349
2.07679
-0.504531
0.688424
1.64928
-1.55534
0.312972
3.95938
-1.48569
1.43588
2.4004
-1.95606
-3.47273
2.28167
-1.79042
0.291543
2.89123
-2.06109
1.53134
5.54665
1.94632
0.524829
-2.24448
-0.251108
-2.22589
0.939694
-4.36848
0.397126
0.0242559
9.42121
2.45346
3.97529
14.6671
-0.770875
6.42151
2.57035
15.6292
12.499
31.2316
3.99091
1.27855
5.23159
15.795
-7.34907
23.5428
-13.5096
8.73448
15.9766
9.05247
6.05425
1.49706
23.211
4.27104
8.39642
-6.19192
9.37512
-7.46046
9.18822
-5.1182
-1.35236
6.70038
-2.08606
-2.58088
4.10984
-3.12217
4.07476
-4.38366
10.9155
-0.739361
1.98297
-1.97558
-2.51791
-0.2451
1.33039
-4.84761
0.533559
0.0577445
-0.029258
-3.29356
-0.579171
-0.244301
0.350005
-0.119086
-2.15483
2.80894
2.91188
-3.57132
-0.216081
-1.7092
1.66622
-1.15791
0.914784
0.154318
-0.505723
-4.49153
-2.0396
-0.291552
-0.315609
1.90689
4.8858
-2.90866
9.07233
-5.75102
-3.16696
2.42934
-0.174749
-8.07145
0.811031
-2.12127
12.3598
-0.279839
2.02234
4.03724
10.4792
15.0492
8.8818
20.7129
16.8053
16.3713
-7.43428
9.3299
6.80169
8.90636
-10.7789
14.0686
-20.098
2.47486
0.599393
14.6217
5.87301
4.16967
12.0132
6.12569
15.561
-7.54087
9.80047
-3.08813
0.893673
2.36006
-0.992532
1.54792
-1.5943
-1.27567
2.95244
-2.18372
5.86821
-0.977865
8.33913
-0.769627
2.67338
0.244235
-2.10369
1.37459
1.20665
-3.40546
0.703475
-0.829399
-1.87874
0.560548
-0.659705
-1.25167
1.15647
1.69059
1.41643
-0.180723
2.03907
-0.658181
0.099848
-3.38975
1.8752
-1.23977
1.73763
-1.80873
-0.512225
-3.27201
-1.76477
2.07068
-2.70884
-0.262656
5.41241
-2.03834
4.60882
-2.16473
3.81523
-4.09603
1.36258
-5.21811
-3.93599
-3.5344
6.68704
0.988744
6.1675
4.32925
15.5754
18.0076
0.818443
28.3344
-4.11494
2.49254
-2.01005
7.4348
7.21857
12.3701
-8.2207
11.3054
-18.1028
15.7873
9.60535
-2.5559
11.1805
-3.20275
12.3137
9.9426
3.21143
-0.824502
8.72523
2.39158
-5.82703
7.50065
3.70009
-1.3939
1.77849
-4.44131
1.74797
0.672848
3.86468
-3.95515
3.65874
5.34638
0.917849
0.180785
4.24714
0.518596
-0.402903
-1.3056
-2.95628
0.723478
1.40029
-1.23326
-0.914501
0.766389
2.67303
0.253472
1.42108
4.36353
2.13488
1.19928
0.349093
-1.63191
3.5934
0.0683423
-0.745746
-0.528279
0.562779
0.854595
-4.21933
3.6695
0.351448
0.0667663
6.60169
0.184968
2.00812
5.36371
0.530679
-6.19097
4.49129
-3.3381
-1.80246
-4.73784
9.71848
7.36726
3.49996
20.0899
-7.92278
23.9933
16.4908
4.09692
10.053
12.5559
-1.67126
15.801
7.52412
9.71155
1.17218
11.6683
-37.6535
10.9958
9.3217
21.7324
10.5069
2.61918
5.03122
4.5609
6.36632
-1.74904
7.8793
-2.8324
9.08986
5.74005
-2.50939
4.32475
-0.920334
4.88913
2.34511
0.430141
3.40277
-2.20631
8.5992
3.26182
4.75821
1.59276
0.29182
2.79072
1.08466
-3.08085
0.538287
-0.969444
-1.0377
3.39968
-0.487788
0.708413
0.460711
2.23793
-0.90068
-1.02248
-0.835004
-1.79714
-1.15221
-1.91806
2.04707
-1.99203
0.940902
-4.19129
-2.72487
-4.07037
-4.16898
2.92358
-2.03939
0.603002
7.25211
-4.59598
-0.0311053
-1.74394
-4.9799
-6.3002
-4.326
-8.1395
-4.78324
-6.55908
7.15061
3.01256
3.93589
7.63518
-0.230563
8.50417
-6.75481
21.0157
11.8054
8.24842
10.5423
30.0348
9.3086
21.3516
-11.4216
0.866303
-8.92237
8.84411
17.614
1.69863
13.7756
-4.12134
28.0813
-0.0837839
23.9365
-1.12046
11.7089
-10.4954
12.7171
-3.57084
-1.62211
-1.60617
0.62452
0.883616
5.67458
-7.24032
5.86785
-8.0474
11.9481
-2.98151
6.44152
-0.739814
-0.742351
-3.83702
2.6862
-7.41588
4.408
-5.79241
-1.18599
-1.6241
0.376535
-6.74322
3.33058
0.887299
-3.00347
-0.657322
-0.941902
0.993892
-4.17005
-4.39785
-0.623291
-0.439594
0.194484
-6.087
-2.15117
-2.22235
-6.30191
6.47336
-4.89563
4.95281
2.71269
-10.7935
-1.99111
-5.41322
-0.369705
1.55768
-7.65769
-5.91629
-2.87999
-11.7338
6.53262
5.61786
0.959718
11.5584
-7.8461
19.2237
0.0410207
24.3455
0.774102
13.508
-1.69456
17.9783
7.72748
-2.54993
-11.0702
7.73047
-32.7544
-2.81183
12.4026
9.66612
6.83702
9.55244
12.6154
10.8296
5.4939
-5.51951
8.50539
-5.28267
5.07879
2.44989
0.55797
2.1698
-3.54293
3.02188
0.356397
-0.482176
8.36668
-3.6831
6.71288
2.5625
1.64698
3.12886
0.718685
1.42364
1.62364
-4.53022
1.23006
0.29652
-4.06099
2.09179
2.43804
-0.343848
0.699585
4.24472
-2.8485
-3.42664
0.498102
-0.65435
0.539183
-2.06929
1.07963
-2.48439
2.38201
-0.338789
-1.35007
-3.37372
-3.62707
3.90153
-4.41176
-1.61574
8.80923
-3.92889
0.0990414
1.58512
-2.86728
-4.71127
1.44785
-5.40674
-3.67601
-2.22426
10.4709
2.49941
-1.81286
-0.27705
1.1338
8.32528
4.22132
20.6574
-4.21376
0.406209
1.07409
4.70196
6.47994
10.1394
-9.96716
-5.02764
-23.8453
-10.5607
20.2053
-9.49912
28.3061
-4.23714
7.90072
-12.9749
8.45499
-12.8703
8.60985
-13.8057
7.49776
-8.66793
1.55735
-2.71621
-0.910886
-4.07393
-0.757551
-8.51106
1.07965
-5.89493
9.89285
-3.70128
5.5447
-0.669707
-3.35009
-1.91559
-2.10167
-7.92064
1.48847
-0.517168
0.714872
-3.77378
-0.0181798
-2.1258
0.916641
1.80914
1.2724
-3.85941
-0.610209
-1.67198
2.85737
-2.36394
1.46582
-4.61613
4.94715
-5.35683
1.4726
-9.08555
-4.59835
-0.279752
2.53896
2.84564
6.38832
-9.89445
3.84423
-8.26335
4.50454
-6.02862
0.278656
-8.04705
1.78779
-2.29326
14.7364
-0.107313
2.06016
0.816677
2.11865
3.48705
-5.13005
3.46423
-8.75394
17.6035
-7.92126
36.0549
-7.22833
14.8548
-6.2035
19.6381
-19.7923
-1.12842
7.40906
9.91356
10.7835
9.14355
8.4429
3.13658
13.5528
4.68698
15.4445
-14.9412
8.25948
-3.55383
2.05293
2.73561
-8.84626
-0.0854346
-0.326306
4.21429
6.33302
-3.26897
7.57486
-2.01383
9.88593
-2.21247
-2.61899
-1.49773
0.64547
-3.6374
-1.2904
0.57643
-2.75135
2.09015
2.90443
0.199241
2.78834
-0.354836
-1.49942
-1.08352
0.0306728
-3.24743
0.52649
-3.40092
2.612
-2.22491
2.72394
-2.31202
-2.18015
-0.848649
-2.9156
4.38703
-4.47902
-3.89797
3.87344
-2.47985
9.69008
-12.2336
-2.35482
3.0693
2.73688
-2.88191
-8.84155
-6.92749
4.86478
7.95332
10.0819
-10.2167
-7.06777
20.5227
24.2246
16.6673
-1.01482
11.4272
1.87265
10.4252
6.61659
8.77585
-9.78068
7.45509
-7.12745
12.4442
-15.3532
-14.3376
-0.334406
-13.4947
19.4572
0.0944518
-10.4067
-20.0297
25.1546
14.9886
-7.27915
-3.23045
-10.066
-6.08859
-0.282741
1.72851
14.9386
7.41891
1.33702
2.05824
6.57936
-5.68627
2.61824
9.41408
5.91328
-4.0921
0.504566
-0.165261
9.82652
8.04668
-2.44261
-6.55701
-5.08024
-0.733015
6.12377
-3.03736
-0.683135
9.26952
8.71051
-2.60814
3.42487
-4.04908
-1.70953
5.97153
11.4198
-12.7013
0.983968
6.09818
-3.42233
3.6075
1.04377
4.82442
-2.9145
-10.7246
1.80197
-5.76895
5.84722
10.4222
16.04
-6.16081
-24.3553
-12.6584
18.9753
10.7698
-4.72132
4.25713
14.623
17.4846
0.611614
24.4007
-2.53072
4.46988
2.3501
6.65382
1.03432
1.2679
-8.88184
16.1304
-22.8457
3.13631
-3.56744
12.1537
17.0305
2.11158
7.90696
4.30725
14.0931
-3.72134
5.8109
-6.63057
5.05858
1.78888
-1.68397
0.923508
-2.95504
2.13932
2.86642
-4.2817
1.8394
-2.42424
8.38135
0.706258
3.36589
-0.0733881
-2.28943
2.22356
-0.0489732
-4.22878
1.0589
-0.644523
-1.75856
-1.22103
0.0462408
-1.34635
0.195659
2.78713
0.4449
0.780692
2.33097
-0.220748
-0.475128
-2.57606
3.74924
-1.02406
0.623567
-1.87317
-0.184591
-3.33025
-0.793931
1.73142
-1.31226
3.36048
7.96664
-4.82433
4.22201
-2.00252
1.31557
-1.03394
-0.132741
-5.44602
0.90569
-2.62133
10.7108
-0.829483
7.14677
4.68793
7.91338
5.05068
2.4992
25.886
10.4208
6.93512
-3.0455
11.7228
6.50754
9.65675
-10.8107
12.0593
-28.5171
9.76045
6.68159
1.738
13.4734
8.63569
8.69299
8.74175
8.33284
1.74452
7.06114
-5.94614
4.50744
0.728751
0.812479
4.15382
-0.978731
1.81428
-0.0842746
-2.89168
4.15373
-2.02528
10.9827
2.0773
0.447271
1.08881
-1.5183
1.56181
1.57488
-2.50897
1.29264
-0.635631
-1.27177
-0.38389
-1.31628
0.429294
0.691699
1.89668
0.581789
3.64395
1.47273
-1.64353
0.519512
-2.52217
1.44678
-1.61965
0.453227
-1.00847
-1.16993
-0.715644
-3.24794
0.176174
-1.62912
-0.853996
6.4756
0.706975
5.82663
-1.67057
-1.21773
-2.98963
-3.86222
-4.41619
2.18272
-6.60025
9.12092
3.99708
6.39965
4.03974
2.799
14.3228
-1.69507
28.555
0.71586
-3.00351
15.1881
10.3566
2.79208
14.7075
-4.12029
11.666
-18.9727
-4.19361
24.06
19.7751
18.369
4.46497
15.6652
-8.19879
11.0709
-4.43605
4.12235
-17.096
13.8067
-5.11864
1.16942
-1.43689
-4.70306
0.0665557
8.32984
0.758303
4.81945
-6.29941
9.20294
-0.00817977
2.98322
-2.17642
-1.28403
-1.62258
3.03856
-3.21485
-1.39398
-4.8802
0.116466
1.82412
-1.42355
-2.55176
3.83114
2.28772
3.89515
-3.48155
-0.111592
0.49976
4.15834
-5.98977
0.967765
-4.41998
2.3745
-3.51938
5.28932
-5.845
-1.13493
5.03672
-0.0999371
-1.72938
2.90991
-5.77419
6.32487
-3.79378
2.6148
-4.20094
-0.126017
-0.199544
9.77256
-16.2829
13.5238
3.44453
15.517
-1.49463
-6.74564
3.23552
0.582666
18.2406
-6.55645
13.0742
-7.77469
31.626
8.72242
10.5169
-14.1284
2.33619
-20.3518
10.3408
8.17327
4.85072
10.7957
12.3212
1.91911
11.0485
2.48939
-0.888644
3.97948
-2.95094
-3.52254
2.16196
-3.23419
-1.47877
-5.91367
2.87008
-2.09966
-3.07018
1.83392
0.48268
5.739
0.00313824
-2.16796
1.91281
-2.44182
1.65774
-2.96281
-6.16777
0.454173
1.09659
-6.8125
1.01748
0.23582
0.845991
-2.28068
4.00327
3.69183
-1.13354
-0.177875
-1.80394
-1.7472
-0.964794
3.22389
-3.92899
-1.37411
1.75278
-0.873744
-5.5656
-1.7449
5.67839
-1.35975
1.04805
7.7958
-0.484022
5.65702
-2.78837
-1.17125
-1.15464
5.86831
-4.0149
-3.48329
-4.89254
18.0852
6.0666
4.19663
8.14271
4.5253
2.34119
6.01988
21.7101
-7.60222
24.1913
-4.21115
-0.992283
5.36909
20.1714
-8.54069
7.33445
-13.4781
2.8315
5.3069
19.4779
18.0433
-7.38081
4.36778
-0.975323
6.02165
-2.04797
15.4406
-16.7278
0.509517
6.02013
8.25899
-0.531888
-2.50807
0.418522
2.52273
-1.5145
2.11969
-1.12585
6.65926
-3.84368
3.39218
-3.10694
-3.99172
2.53261
5.57936
-8.11986
2.00281
1.08563
-3.50676
3.73298
7.08612
-6.51273
-3.06059
10.9849
-5.74831
-1.34922
5.35289
-4.42626
2.19595
5.42911
-4.18646
-3.36543
11.3199
-1.07111
-0.878018
0.969088
1.83249
-2.3432
3.11331
3.48678
2.748
-8.14145
5.10904
-1.15362
0.90621
0.90213
-6.07086
-7.22729
10.2474
3.70244
3.46313
2.68835
33.4346
8.01648
-10.8768
16.7865
12.3141
16.1985
-3.07252
15.7283
-14.7767
20.1897
10.3243
9.23717
-9.69673
8.26516
-12.5781
12.5457
4.72107
-0.744834
18.4702
3.2108
6.24189
11.5738
13.8402
-13.5449
1.43668
0.00854827
15.8397
-7.96875
-3.94091
1.04606
-2.48739
-0.480676
0.948616
-3.80535
7.56361
-4.69791
14.2713
-4.43291
2.70469
5.13163
1.83867
0.962166
0.4854
-3.01555
-2.90846
-0.127435
-0.482095
-6.7419
-4.45308
1.82347
0.334205
-4.59426
5.99025
-0.429163
5.0776
-0.238015
0.868259
-9.28034
3.93201
-0.996751
-3.45828
-9.545
-2.05555
-3.01014
1.72691
6.90013
-5.47089
0.515088
11.2912
-2.34524
5.61837
-6.81783
2.83552
-6.58345
6.76747
-9.76442
-6.97693
-2.09389
28.6246
-3.62879
-3.82428
0.55001
11.6903
19.003
-4.18471
8.68223
-8.70188
27.8511
-16.5445
20.4124
10.7219
9.30662
-16.5633
12.6533
-21.4179
14.2653
-1.33409
6.47091
0.34812
-6.76136
4.31933
-0.976845
11.7313
-6.97552
2.3925
-3.21145
8.95604
4.10559
-3.2119
-1.07003
1.63936
0.987897
1.43423
-4.20166
2.11115
-4.62607
8.24709
2.58544
5.30769
1.2457
-4.09801
1.4504
3.94043
-0.912003
-3.4892
-6.05554
-0.423405
3.3241
-1.28036
-2.98127
-0.655161
5.40978
-2.10584
-1.64017
4.51418
3.31903
0.446608
-8.06039
3.02771
4.18882
5.94825
-4.04225
-2.70996
-2.90713
-1.75696
0.428451
-1.36659
-0.574595
8.54464
-3.27425
1.90867
2.23587
3.01557
-7.1511
-0.967702
-0.980299
3.51886
-5.10245
5.94548
0.700281
0.150318
9.07725
13.6041
15.7118
6.58567
19.5034
9.8226
34.2509
5.65435
-4.71638
-0.634853
19.711
-2.59677
3.38306
-6.11944
8.49633
14.2054
19.5891
27.3415
-4.91046
41.4344
21.5473
9.87299
-14.1726
-8.62104
0.505189
19.6722
-2.0184
-8.10567
-0.358259
-9.39987
-2.40912
-0.0863998
-0.132001
7.22413
-3.37254
2.97127
-4.42001
6.76119
4.97547
-3.36125
2.24455
-1.17027
-7.08933
0.577847
-1.14613
-3.50498
3.00566
1.19941
-0.115565
-0.79472
5.18679
-3.38666
-2.92587
1.80387
1.47214
-1.12659
-2.65799
1.80669
-6.54315
1.70065
-8.03674
2.30879
1.89645
1.87658
0.760343
-7.20171
2.93546
7.20136
-6.6032
4.14921
-8.59199
7.82764
-8.34585
-10.4683
-7.67592
15.8696
-9.10214
-3.9642
-18.2754
1.31736
15.6985
-2.82178
12.4727
-1.46244
25.2039
-1.9976
8.70468
6.03326
34.8495
6.5671
5.50735
-7.84911
6.54679
-26.4566
22.5304
-13.8455
2.86428
13.6961
-6.92924
22.242
7.94985
14.7694
-1.7207
4.02947
-4.5864
3.54176
-1.79784
3.91205
-2.70193
-2.882
-5.9657
6.07534
3.8136
5.03427
-0.540441
2.42074
-4.83747
3.03752
-0.518177
4.84667
3.04977
-0.0760389
-5.2067
-2.68828
-1.73435
1.75023
2.23823
-1.37548
-3.03748
-3.15019
-0.902007
2.38405
-0.669146
1.77864
-0.948557
-0.301134
-3.09806
0.582873
-2.08171
-0.0585548
-5.78699
-2.96628
-0.81264
4.38615
2.04756
1.26881
-5.51375
-1.07921
-2.8683
1.43097
2.4765
7.30916
-0.436202
-1.22205
-9.94176
-0.189428
-2.22035
11.5029
-5.37405
-1.61814
1.20573
15.8988
26.7688
26.4269
21.6279
0.951919
-2.82541
-5.77351
23.3301
3.15528
18.036
-8.70138
7.89362
-28.1547
10.7074
9.18393
21.227
-3.40546
9.19407
16.2965
11.5163
14.4693
-4.69387
7.17814
-4.74413
6.79512
2.01834
-0.832013
4.08763
-1.09091
1.51729
4.55839
-0.0311827
5.46479
-0.153562
7.31632
1.40095
4.35923
1.47014
0.561289
2.31654
2.24843
-3.80157
-0.312192
-0.253176
-0.792602
3.04295
0.109967
-1.30633
2.01849
3.25062
-2.0319
-0.435442
2.13935
-1.09565
0.0488042
-2.00922
1.81037
0.0783395
1.53082
-3.46286
-2.3249
-2.51414
-0.145719
1.00312
-1.22367
1.60177
3.97487
-1.60518
0.560278
-3.59111
2.86308
-4.68722
1.29044
-7.91859
2.18114
3.21486
5.3587
3.14697
-4.35767
3.28092
12.8759
0.150237
6.20732
11.0564
24.8843
21.0233
10.1473
10.5429
1.07752
14.8501
-7.67465
6.41148
-22.33
12.9921
14.8884
8.18039
10.7951
11.7718
2.81472
6.41688
4.96413
-4.60152
2.17128
-2.65505
3.15197
6.54461
2.72909
1.98416
4.99274
-0.346514
1.43519
0.703782
0.601514
2.18322
2.7921
2.53358
2.6484
0.277097
0.203645
4.30666
1.98596
-0.631106
3.38995
-1.40309
1.25227
1.01177
1.16426
-0.303294
-0.914913
3.94138
-0.439774
-0.957737
-0.0561974
0.531845
0.310295
-0.585287
2.81301
0.61673
-0.182923
2.64831
-3.1792
-2.15022
-0.509523
-2.89592
1.50073
-2.23577
5.8589
2.31142
-1.81863
3.02519
-2.461
0.00695199
1.66688
1.27739
-7.46544
3.83902
2.4554
-2.63849
0.4051
-11.5408
10.0297
-0.652203
3.92
28.0711
-3.98967
13.1404
5.24038
22.3668
9.83393
12.5158
-12.4208
18.9441
-22.8588
6.10185
7.0854
22.1339
5.41262
2.95366
18.3912
5.336
8.99633
-7.08772
5.8955
-1.33703
2.65627
2.83731
2.15487
1.04021
-1.3403
1.28884
1.76049
-0.649628
5.18854
-3.06857
7.26929
1.20906
2.27399
2.34196
-1.40042
0.9094
1.88299
-4.39733
0.702271
-0.446253
-2.94227
1.307
-0.326951
0.125836
0.965255
2.73051
0.834853
-1.03493
0.812984
-0.575907
0.385141
-4.37847
2.97176
-1.97891
1.78281
-2.15747
-0.0564285
-4.59673
-2.74641
2.36669
-1.14313
-0.963474
7.77023
-3.74603
2.74269
-4.23221
1.82671
-5.62442
4.4549
-1.85675
-3.83508
-1.71044
7.88166
-3.15895
10.3389
-1.35547
9.61149
13.4309
-0.451734
28.138
8.94668
14.2342
8.36883
-2.70537
2.66253
13.6476
