88
80
88
79
88
78
88
77
88
76
88
75
88
74
88
73
88
72
88
71
88
70
88
69
88
68
88
67
88
66
88
65
88
64
88
63
88
62
88
61
88
60
88
59
88
58
88
57
88
56
88
55
88
54
88
53
87
52
86
51
85
51
84
51
83
51
82
51
81
51
80
50
79
50
78
50
77
50
76
50
75
50
74
50
73
50
72
50
71
50
70
51
69
51
68
51
67
51
66
51
65
51
64
51
63
52
62
52
61
52
60
53
59
54
58
54
57
55
56
56
55
57
54
58
53
59
52
60
51
61
50
62
50
63
50
64
49
65
48
66
48
67
48
68
48
69
47
70
47
71
47
72
47
73
47
74
47
75
47
76
47
77
47
78
47
79
47
80
47
81
47
82
47
83
47
84
48
85
48
86
49
87
49
88
49
89
50
90
51
91
51
92
52
93
53
94
54
94
55
95
56
96
57
96
58
96
59
97
60
97
61
97
62
97
63
97
64
97
65
97
66
97
67
97
68
97
69
97
70
97
71
96
72
95
73
95
74
94
75
93
76
92
77
91
78
90
79
89
79
88
80
87
81
86
82
85
83
84
84
83
85
83
86
82
87
81
88
81
89
82
90
83
91
83
92
84
93
85
94
86
95
87
96
88
96
89
97
90
97
91
98
92
99
93
100
93
101
94
102
94
103
94
104
94
105
94
106
94
107
94
108
94
109
94
110
94
111
94
112
94
