71
66
71
66
71
65
71
64
70
63
70
62
70
61
70
60
70
59
70
58
70
57
70
56
69
55
69
54
69
53
69
52
69
51
69
50
69
49
68
48
68
47
68
46
68
45
68
44
68
43
68
42
69
41
69
40
69
39
70
38
70
37
71
36
72
35
73
35
74
35
75
35
76
34
77
34
78
34
79
34
80
34
81
34
82
34
83
33
84
33
85
33
86
32
87
32
88
32
71
66
72
67
73
68
74
69
75
70
76
71
77
72
78
73
78
74
78
75
78
76
79
77
80
78
80
79
80
80
80
81
80
82
80
83
80
84
81
85
81
86
81
87
81
88
81
89
81
90
81
91
81
92
81
93
81
94
80
95
80
96
80
97
80
98
79
99
79
100
79
101
79
102
78
103
78
104
78
105
77
106
76
107
76
108
75
109
74
110
74
111
73
112
72
113
71
113
70
113
69
113
68
113
67
113
66
113
65
113
64
113
63
113
62
112
61
112
60
112
59
112
58
112
57
112
56
112
55
111
54
111
53
111
52
110
51
110
50
110
49
109
48
108
47
107
46
106
45
105
44
104
44
103
44
102
44
101
43
100
43
99
43
98
43
97
43
96
43
95
42
94
42
93
42
92
42
91
42
90
42
89
42
88
42
87
42
86
42
85
42
84
42
83
42
82
43
81
44
80
44
79
44
78
45
77
46
76
47
75
47
74
48
73
49
72
50
72
51
71
52
70
53
70
54
69
55
69
56
68
57
68
58
68
59
67
60
67
61
67
62
67
63
67
64
67
65
67
66
67
67
67
68
67
69
67
