60
80
61
80
62
80
63
80
64
80
65
80
66
80
67
80
68
81
69
80
70
80
71
79
71
78
72
77
73
76
74
75
75
74
76
73
77
72
77
71
78
70
78
69
78
68
78
67
79
66
79
65
79
64
79
63
79
62
79
61
79
60
79
59
79
58
79
57
79
56
80
55
80
54
80
53
80
52
79
51
79
50
79
49
78
48
78
47
77
46
76
46
75
45
74
45
73
44
72
44
71
44
70
44
69
44
68
44
67
43
66
43
65
43
64
43
63
44
62
44
61
44
60
44
59
44
58
45
57
45
56
46
55
47
55
48
54
49
53
50
53
51
52
52
52
53
52
54
51
55
51
56
51
57
51
58
51
59
51
60
51
61
50
62
50
63
50
64
50
65
51
66
51
67
51
68
51
69
52
70
52
71
52
72
53
73
54
74
54
75
55
76
56
77
57
78
58
79
59
80
58
81
57
82
56
83
55
84
54
85
53
86
52
87
51
88
51
89
50
90
49
91
48
92
48
93
47
94
46
95
45
96
44
97
44
98
44
99
44
100
44
101
44
102
44
103
44
104
44
105
45
106
45
107
45
108
46
109
47
110
48
111
49
112
50
112
51
113
52
113
53
113
54
113
55
113
56
114
57
114
58
113
59
113
60
113
61
113
62
112
63
112
64
111
65
110
65
109
66
108
67
107
67
106
68
105
68
104
68
103
68
102
69
101
69
100
69
99
69
98
69
97
69
96
69
95
69
94
70
93
70
92
70
91
70
90
70
89
70
88
70
87
70
86
70
85
70
84
70
83
69
82
