43
80
43
79
43
78
43
77
43
76
44
75
44
74
44
73
44
72
44
71
44
70
45
69
45
68
45
67
46
66
46
65
47
64
47
63
47
62
48
61
49
60
50
59
51
58
51
57
51
56
52
55
53
54
54
53
55
52
56
51
57
50
58
49
59
49
60
48
61
48
62
48
63
47
64
47
65
47
66
46
67
46
68
46
69
46
70
46
71
46
72
46
73
46
74
47
75
47
76
47
77
47
78
48
79
49
80
50
80
51
80
52
80
53
81
54
81
55
81
56
81
57
81
58
81
59
80
60
80
61
80
62
80
63
79
64
78
65
77
66
77
67
76
68
75
69
74
70
73
71
72
72
71
73
70
74
69
75
68
75
67
76
66
77
65
77
64
77
63
78
62
79
61
79
60
79
59
79
58
79
57
80
56
80
55
80
54
80
53
80
52
80
51
80
50
80
49
80
48
80
47
80
46
80
45
80
44
80
