80
112
79
112
78
112
77
113
76
113
75
114
74
114
73
114
72
114
71
114
70
114
69
114
68
114
67
114
66
115
65
115
64
115
63
115
62
115
61
114
60
113
59
112
58
111
57
111
56
110
56
109
56
108
55
107
55
106
56
105
56
104
56
103
56
102
56
101
56
100
57
99
57
98
57
97
58
96
58
95
58
94
58
93
59
92
60
91
61
90
62
89
63
88
64
87
64
86
65
85
66
84
67
83
68
82
69
81
70
80
70
79
71
78
72
77
73
76
74
75
74
74
75
73
76
72
77
71
77
70
78
69
78
68
78
67
79
66
79
65
80
64
80
63
80
62
80
61
80
60
80
59
80
58
80
57
80
56
79
55
79
54
78
53
77
52
76
51
75
51
74
50
73
50
72
50
71
49
70
49
69
49
68
49
67
49
66
49
65
49
64
49
63
49
62
49
61
50
60
50
59
50
58
51
57
52
57
53
57
54
56
55
55
56
