57
69
58
68
59
68
60
67
61
67
62
67
63
67
64
67
65
67
66
67
67
67
68
67
69
66
70
66
71
66
72
65
73
64
73
63
74
62
74
61
74
60
75
59
75
58
75
57
75
56
76
55
76
54
77
53
77
52
73
66
74
67
75
68
75
69
75
70
75
71
75
72
76
73
77
74
78
75
79
74
80
74
81
74
82
73
83
73
84
73
85
72
86
72
87
72
88
72
89
72
90
72
91
72
92
71
93
71
94
70
95
70
96
70
97
69
98
68
98
67
98
66
99
65
100
64
100
63
101
62
102
61
103
60
103
59
104
58
105
58
106
57
107
57
108
56
109
55
110
54
111
54
112
54
97
70
98
71
99
72
99
73
99
74
100
75
100
76
100
77
100
78
100
79
100
80
100
81
101
82
101
83
101
84
101
85
101
86
102
87
103
88
104
89
105
89
106
90
107
91
108
91
109
91
110
92
111
92
112
92
113
91
114
91
115
92
116
92
117
91
118
91
77
76
76
77
56
69
55
70
54
71
54
72
53
73
53
74
53
75
52
76
51
77
50
78
49
79
48
80
47
81
46
82
45
83
44
84
43
85
42
86
41
87
40
88
55
68
54
67
53
66
52
65
52
64
52
63
52
62
52
61
52
60
52
59
51
58
51
57
51
56
51
55
51
54
50
53
49
52
49
51
48
50
47
50
46
50
45
50
44
49
43
49
42
49
41
49
40
50
39
50
38
50
