54
70
54
69
55
68
55
67
55
66
55
65
55
64
56
63
56
62
56
61
57
60
57
59
57
58
57
57
57
56
58
55
59
54
59
53
60
52
61
51
61
50
62
49
63
48
63
47
64
46
65
45
66
44
67
43
67
42
68
41
69
40
69
39
70
38
71
37
72
36
73
35
74
34
75
33
76
32
77
32
78
32
79
31
80
31
81
31
82
31
83
31
84
31
85
31
86
32
87
32
88
33
89
34
89
35
89
36
89
37
89
38
89
39
89
40
89
41
89
42
88
43
88
44
88
45
88
46
88
47
87
48
86
49
86
50
85
51
84
52
83
53
83
54
82
55
81
56
81
57
80
58
79
59
78
60
78
61
77
62
76
63
76
64
75
65
75
66
75
67
74
68
74
69
74
70
73
71
73
72
74
73
74
74
75
75
75
76
75
77
75
78
76
79
76
80
76
81
76
82
76
83
76
84
76
85
76
86
76
87
76
88
76
89
76
90
75
91
75
92
75
93
75
94
75
95
74
96
74
97
74
98
73
99
72
100
72
101
71
102
70
103
69
104
68
104
67
105
66
105
65
105
64
106
63
106
62
107
61
107
60
107
59
107
58
107
57
106
56
106
55
106
54
106
53
106
52
105
51
105
50
104
49
103
49
102
48
101
47
100
47
99
47
98
46
97
46
96
46
95
46
94
46
93
46
92
45
91
45
90
45
89
46
88
46
87
46
86
46
85
46
84
46
83
46
82
46
81
46
80
47
79
47
78
47
77
48
76
49
75
50
74
51
74
52
73
52
72
53
71
72
71
71
71
70
71
69
71
68
71
67
71
66
71
65
71
64
71
63
71
62
71
61
71
60
71
59
71
58
71
57
71
56
71
55
71
