75
55
76
54
77
53
78
52
79
51
80
50
80
49
81
48
82
47
83
46
84
45
85
44
85
43
85
42
86
41
86
40
87
39
87
38
87
37
87
36
87
35
88
34
88
33
87
32
87
31
87
30
87
29
87
28
86
27
85
26
84
25
83
24
82
23
81
23
80
22
79
22
78
22
77
21
76
21
75
21
74
21
73
21
72
21
71
21
70
21
69
21
75
56
75
57
76
58
77
59
77
60
77
61
77
62
77
63
77
64
78
65
78
66
79
67
80
68
81
69
82
70
83
69
84
68
85
67
86
67
87
66
88
66
89
66
90
66
91
65
92
64
93
64
94
63
95
63
80
70
79
71
78
72
77
73
76
73
75
73
74
74
73
74
72
75
71
75
70
76
69
76
68
77
67
77
66
78
65
78
64
79
63
80
62
81
61
81
60
82
59
83
58
84
57
85
57
86
56
87
55
88
55
89
54
90
54
91
53
92
53
93
53
94
53
95
53
96
52
97
52
98
52
99
52
100
52
101
52
102
52
103
53
104
53
105
54
106
55
107
56
108
57
108
58
108
59
108
60
108
61
108
62
108
63
108
64
108
65
108
66
108
67
108
68
108
69
108
70
108
71
107
72
107
73
106
74
106
75
106
76
105
77
104
78
103
79
102
80
101
80
100
81
99
82
98
82
97
83
96
83
95
84
94
84
93
84
92
84
91
84
90
84
89
84
88
84
87
85
86
85
85
85
84
85
83
85
82
85
81
85
80
86
79
86
78
86
77
86
76
85
75
85
74
84
73
83
72
82
71
74
55
73
55
72
55
