85
83
85
83
85
82
85
81
85
80
85
79
85
78
85
77
85
76
85
75
85
74
85
73
85
72
85
71
85
70
85
69
85
68
85
67
85
66
85
65
85
64
85
63
85
62
85
61
85
60
86
59
85
58
85
57
85
56
85
55
84
54
83
54
82
54
81
53
80
53
79
53
78
53
77
53
76
53
75
53
74
53
73
53
72
53
71
53
70
53
69
53
68
53
67
53
66
53
65
53
64
53
63
53
62
53
61
54
60
54
59
55
58
55
57
56
56
56
55
57
54
58
53
59
52
59
51
60
50
61
49
62
48
63
47
64
46
65
46
66
46
67
46
68
45
69
45
70
45
71
45
72
44
73
44
74
44
75
45
76
45
77
45
78
45
79
45
80
45
81
46
82
46
83
46
84
46
85
47
86
47
87
47
88
47
89
48
90
49
91
49
92
50
93
51
94
52
94
53
95
54
96
55
96
56
96
57
97
58
97
59
98
60
98
61
98
62
98
63
97
64
97
65
97
66
97
67
97
68
96
69
96
70
95
71
95
72
94
73
93
74
92
75
91
76
90
77
89
77
88
78
87
79
86
80
86
81
85
82
85
83
84
85
83
86
84
87
85
88
85
89
86
90
87
91
88
92
89
93
90
94
91
95
92
96
93
97
93
