80
79
80
79
80
78
80
77
80
76
80
75
80
74
80
73
80
72
80
71
80
70
80
69
80
68
80
67
80
66
80
65
80
64
80
63
80
62
80
61
80
60
80
59
80
58
80
57
80
56
80
55
80
54
80
53
80
52
80
51
79
50
79
49
78
48
77
47
76
47
75
47
74
47
73
47
72
47
71
47
70
47
69
47
68
47
67
47
66
47
65
47
64
47
63
47
62
47
61
48
60
48
59
48
58
48
57
48
56
48
55
48
54
49
53
49
52
50
51
50
50
51
49
52
48
53
47
54
46
55
45
55
44
56
43
57
42
58
42
59
41
60
40
61
40
62
39
63
39
64
39
65
39
66
38
67
38
68
38
69
37
70
37
71
37
72
37
73
37
74
38
75
38
76
38
77
38
78
39
79
39
80
39
81
39
82
39
83
40
84
41
85
41
86
41
87
42
88
42
89
42
90
43
91
44
92
45
93
46
94
47
95
48
96
49
96
50
96
51
96
52
96
53
96
54
96
55
96
56
96
57
96
58
96
59
95
60
95
61
95
62
94
63
93
64
93
65
92
66
91
67
90
68
89
69
88
70
87
70
86
71
85
72
84
73
83
74
83
75
82
76
82
77
81
78
80
80
79
81
80
82
81
83
82
84
82
85
83
86
84
87
85
88
86
88
87
89
88
90
89
91
90
92
91
93
92
