74
88
74
88
75
87
75
86
75
85
75
84
75
83
75
82
75
81
75
80
75
79
75
78
75
77
75
76
75
75
75
74
75
73
75
72
75
71
75
70
75
69
75
68
75
67
75
66
75
65
75
64
75
63
75
62
75
61
75
60
75
59
75
58
75
57
75
56
75
55
74
54
73
54
72
53
71
53
70
53
69
53
68
53
67
53
66
53
65
53
64
53
63
53
62
53
61
54
60
54
59
54
58
55
57
55
56
55
55
56
54
56
53
57
52
57
51
58
50
59
49
60
48
61
47
62
46
63
45
64
45
65
44
66
43
67
43
68
42
69
41
70
41
71
41
72
40
73
40
74
39
75
39
76
39
77
38
78
38
79
38
80
38
81
38
82
37
83
37
84
37
85
38
86
38
87
38
88
38
89
38
90
38
91
38
92
39
93
39
94
39
95
40
96
40
97
41
98
42
99
43
100
44
100
45
101
46
102
47
102
48
102
49
102
50
102
51
102
52
102
53
103
54
103
55
103
56
103
57
103
58
102
59
101
60
101
61
100
62
99
63
98
64
97
65
97
66
96
67
95
68
94
68
93
69
92
69
91
70
90
71
90
72
89
75
87
75
88
76
89
77
89
78
90
79
91
79
92
80
93
80
94
80
95
81
96
82
97
83
98
84
99
85
99
86
99
87
100
88
100
89
100
90
100
91
100
92
100
93
100
94
100
95
99
96
99
97
99
