84
79
84
79
85
78
85
77
85
76
85
75
85
74
85
73
85
72
85
71
85
70
85
69
85
68
85
67
85
66
85
65
85
64
85
63
85
62
85
61
85
60
85
59
85
58
85
57
84
56
83
55
82
55
81
55
80
55
79
54
78
54
77
54
76
54
75
54
74
54
73
54
72
54
71
54
70
54
69
54
68
54
67
54
66
54
65
54
64
54
63
54
62
55
61
55
60
56
59
56
58
57
57
58
56
59
55
59
54
60
53
61
52
62
51
63
50
64
49
65
48
66
48
67
47
68
46
69
46
70
45
71
45
72
44
73
43
74
43
75
42
76
42
77
42
78
42
79
42
80
42
81
42
82
43
83
43
84
43
85
43
86
43
87
44
88
44
89
45
90
45
91
46
92
47
93
48
94
49
95
50
95
51
96
52
96
53
96
54
97
55
97
56
97
57
97
58
98
59
98
60
98
61
98
62
97
63
97
64
97
65
96
66
95
67
95
68
94
69
94
70
93
71
93
72
92
73
91
74
90
75
90
76
89
76
88
77
87
78
86
78
85
78
84
79
83
80
82
81
81
82
80
84
79
85
80
86
81
87
81
88
82
89
83
90
84
90
85
91
86
92
87
93
88
94
89
95
90
96
90
97
90
98
91
99
91
100
91
101
92
102
92
103
92
104
92
105
92
