82
83
82
83
82
82
82
81
83
80
83
79
83
78
83
77
83
76
83
75
83
74
83
73
83
72
83
71
83
70
83
69
83
68
83
67
83
66
83
65
83
64
83
63
83
62
83
61
83
60
82
59
81
58
80
58
79
58
78
58
77
58
76
58
75
58
74
58
73
59
72
59
71
59
70
59
69
59
68
59
67
60
66
61
65
61
64
61
63
62
62
63
61
64
60
64
59
65
58
65
57
66
56
67
55
67
54
68
53
69
52
70
51
71
50
72
49
73
48
74
47
75
46
76
46
77
46
78
45
79
45
80
45
81
44
82
44
83
44
84
44
85
44
86
45
87
45
88
45
89
45
90
45
91
45
92
46
93
47
94
47
95
48
96
49
97
50
98
51
99
52
100
53
100
54
101
55
101
56
102
57
102
58
102
59
102
60
102
61
103
62
103
63
102
64
102
65
101
66
101
67
100
68
100
69
99
70
99
71
98
72
97
73
96
73
95
73
94
74
93
75
92
75
91
75
90
76
89
77
88
77
87
78
86
79
85
80
85
82
82
83
83
84
84
85
85
86
86
87
87
88
88
89
89
89
90
90
91
90
92
91
93
92
94
93
95
94
96
95
96
96
96
97
96
98
96
99
96
100
96
101
97
102
97
