78
64
78
64
78
63
78
62
78
61
78
60
77
59
77
58
77
57
77
56
76
55
76
54
76
53
75
52
75
51
75
50
75
49
74
48
74
47
74
46
74
45
74
44
74
43
74
42
74
41
74
40
74
39
74
38
74
37
75
36
76
35
77
34
78
33
79
32
80
31
81
31
82
30
83
30
84
30
85
29
86
29
87
29
88
29
89
28
90
28
91
28
92
28
93
28
94
27
95
27
96
27
97
27
98
26
99
26
100
26
101
26
78
64
79
65
80
66
81
67
81
68
82
69
83
70
83
71
83
72
83
73
84
74
84
75
84
76
84
77
84
78
84
79
84
80
84
81
85
82
85
83
85
84
85
85
85
86
85
87
85
88
85
89
84
90
84
91
84
92
84
93
83
94
82
95
82
96
81
97
81
98
81
99
80
100
79
101
78
102
77
103
77
104
76
105
75
105
74
106
73
106
72
106
71
106
70
107
69
107
68
107
67
107
66
107
65
107
64
107
63
107
62
107
61
107
60
106
59
106
58
106
57
106
56
106
55
105
54
105
53
104
52
103
51
102
50
101
49
100
48
99
48
98
48
97
47
96
47
95
47
94
47
93
46
92
46
91
46
90
46
89
46
88
46
87
46
86
46
85
46
84
46
83
46
82
46
81
46
80
46
79
47
78
47
77
48
76
48
75
48
74
49
73
50
72
51
71
52
70
53
69
54
68
55
67
56
67
57
67
58
66
59
66
60
66
61
66
62
66
63
66
64
65
65
65
66
65
67
65
68
65
69
65
70
65
71
65
72
65
73
65
74
65
75
65
76
65
