71
69
71
69
71
68
71
67
71
66
71
65
71
64
71
63
71
62
70
61
70
60
70
59
70
58
70
57
70
56
70
55
70
54
69
53
69
52
69
51
69
50
69
49
69
48
69
47
69
46
69
45
69
44
69
43
69
42
69
41
70
40
71
39
71
38
72
37
72
36
73
35
74
34
75
34
76
33
77
33
78
32
79
32
80
31
81
31
82
30
83
30
84
30
85
30
86
30
87
29
88
29
89
29
90
29
91
29
92
29
93
29
94
29
95
28
96
28
97
28
98
28
99
28
100
28
101
28
102
28
103
28
104
28
71
69
72
70
73
70
74
71
75
72
76
73
77
74
78
75
79
76
79
77
79
78
79
79
80
80
80
81
80
82
81
83
81
84
81
85
82
86
82
87
82
88
82
89
82
90
82
91
82
92
82
93
83
94
82
95
82
96
82
97
82
98
82
99
82
100
82
101
81
102
81
103
81
104
81
105
80
106
79
107
79
108
78
109
77
110
76
111
75
111
74
111
73
111
72
112
71
112
70
112
69
112
68
112
67
111
66
111
65
111
64
111
63
111
62
111
61
110
60
110
59
109
58
109
57
108
56
108
55
108
54
107
53
106
52
106
51
105
51
104
50
103
50
102
49
101
49
100
48
99
48
98
48
97
48
96
47
95
47
94
47
93
47
92
47
91
47
90
47
89
47
88
47
87
47
86
47
85
47
84
48
83
48
82
48
81
48
80
49
79
49
78
50
77
51
76
52
76
53
75
54
74
55
74
56
73
57
73
58
72
59
72
60
72
61
71
62
71
63
71
64
71
65
71
66
70
67
70
68
70
69
70
