73
70
73
70
73
69
73
68
73
67
73
66
73
65
72
64
72
63
72
62
72
61
72
60
71
59
71
58
71
57
71
56
71
55
71
54
70
53
70
52
70
51
70
50
69
49
69
48
69
47
69
46
69
45
69
44
68
43
68
42
68
41
68
40
68
39
69
38
70
37
70
36
70
35
71
34
72
34
73
33
74
32
75
31
76
31
77
31
78
31
79
31
80
30
81
30
82
30
83
30
84
30
85
30
86
30
87
30
88
30
89
29
90
29
91
29
92
28
93
28
94
28
95
27
96
27
97
26
98
26
99
26
73
70
74
71
75
72
76
73
77
74
78
75
79
76
79
77
79
78
79
79
79
80
79
81
79
82
79
83
79
84
80
85
80
86
80
87
80
88
80
89
80
90
80
91
80
92
79
93
79
94
79
95
79
96
79
97
78
98
78
99
78
100
78
101
78
102
78
103
77
104
77
105
76
106
76
107
75
108
74
108
73
109
72
110
71
111
70
112
69
113
68
113
67
114
66
114
65
115
64
115
63
115
62
115
61
116
60
116
59
116
58
116
57
116
56
116
55
116
54
116
53
116
52
116
51
116
50
115
49
115
48
115
47
115
46
114
45
114
44
114
43
113
42
113
41
112
40
111
39
110
38
109
38
108
38
107
37
106
37
105
37
104
37
103
37
102
37
101
37
100
37
99
37
98
36
97
36
96
36
95
36
94
37
93
37
92
37
91
37
90
38
89
38
88
38
87
39
86
39
85
40
84
41
83
41
82
42
81
43
80
44
79
45
78
46
77
47
77
48
76
49
75
50
74
51
74
52
74
53
73
54
73
55
73
56
72
57
72
58
72
59
72
60
71
61
71
62
71
63
71
64
71
65
71
66
71
67
71
68
71
69
71
70
71
71
71
