76
70
76
70
76
69
76
68
75
67
75
66
75
65
75
64
74
63
74
62
74
61
74
60
74
59
73
58
73
57
73
56
72
55
71
54
71
53
71
52
70
51
70
50
70
49
70
48
69
47
69
46
68
45
68
44
68
43
68
42
68
41
67
40
67
39
67
38
67
37
68
36
68
35
68
34
69
33
69
32
70
31
71
30
72
29
73
28
74
27
75
26
76
26
77
25
78
24
79
24
80
24
81
23
82
23
83
23
84
23
85
22
86
22
87
22
88
21
89
21
90
21
76
70
77
71
78
71
79
72
80
72
81
73
82
74
83
74
84
75
84
76
85
77
86
78
86
79
86
80
86
81
86
82
86
83
86
84
87
85
87
86
87
87
87
88
86
89
86
90
86
91
86
92
86
93
86
94
86
95
85
96
85
97
85
98
85
99
85
100
84
101
83
102
82
103
82
104
81
105
81
106
80
107
79
108
78
109
77
110
76
111
75
112
74
112
73
112
72
112
71
112
70
112
69
112
68
112
67
112
66
112
65
112
64
112
63
112
62
111
61
111
60
111
59
111
58
110
57
110
56
109
55
109
54
108
53
108
52
107
51
107
50
106
49
105
48
104
47
103
47
102
47
101
46
100
45
99
45
98
45
97
45
96
44
95
44
94
44
93
44
92
44
91
44
90
44
89
44
88
44
87
45
86
45
85
45
84
45
83
46
82
47
81
48
80
49
80
50
79
51
78
52
77
53
77
54
76
55
75
56
75
57
74
58
74
59
73
60
73
61
73
62
72
63
72
64
72
65
72
66
72
67
72
68
72
69
72
70
71
71
71
72
71
73
71
74
71
