66
74
66
74
66
73
66
72
66
71
65
70
65
69
65
68
64
67
64
66
64
65
64
64
63
63
63
62
63
61
63
60
62
59
62
58
61
57
61
56
60
55
60
54
60
53
60
52
60
51
60
50
59
49
59
48
59
47
59
46
59
45
60
44
60
43
61
42
61
41
62
40
63
39
64
38
65
37
66
37
67
37
68
36
69
36
70
35
71
35
72
34
73
34
74
34
75
33
76
33
77
33
78
32
79
32
80
32
81
31
82
31
83
31
84
31
85
31
86
31
87
31
88
31
89
31
66
74
67
75
68
76
69
77
70
77
71
77
72
78
73
79
73
80
74
81
75
82
75
83
75
84
75
85
75
86
76
87
76
88
76
89
76
90
76
91
76
92
77
93
77
94
77
95
77
96
76
97
76
98
76
99
76
100
76
101
76
102
75
103
75
104
75
105
74
106
74
107
74
108
73
109
73
110
72
111
71
112
70
113
69
114
68
114
67
115
66
115
65
115
64
116
63
116
62
116
61
116
60
116
59
116
58
116
57
116
56
116
55
116
54
115
53
115
52
115
51
115
50
114
49
114
48
114
47
113
46
113
45
113
44
113
43
112
42
111
41
110
40
109
39
108
38
107
38
106
38
105
38
104
37
103
37
102
37
101
37
100
37
99
37
98
37
97
37
96
37
95
37
94
37
93
37
92
37
91
37
90
38
89
38
88
38
87
38
86
38
85
39
84
40
83
41
82
42
81
43
80
44
79
45
78
46
77
47
76
48
76
49
76
50
76
51
75
52
75
53
75
54
75
55
75
56
75
57
75
58
75
59
75
60
75
61
75
62
75
63
75
64
75
