62
72
62
72
62
71
63
70
63
69
63
68
63
67
63
66
64
65
64
64
64
63
64
62
64
61
64
60
65
59
65
58
65
57
66
56
67
55
67
54
67
53
68
52
68
51
69
50
69
49
70
48
71
47
71
46
72
45
73
44
73
43
73
42
74
41
75
40
75
39
76
38
77
37
78
36
79
35
80
34
81
33
82
32
83
32
84
31
85
31
86
31
87
31
88
31
89
31
90
31
91
31
92
31
93
31
94
32
95
33
95
34
96
35
96
36
96
37
96
38
96
39
96
40
96
41
96
42
96
43
96
44
96
45
95
46
95
47
95
48
95
49
95
50
95
51
94
52
94
53
94
54
93
55
92
56
92
57
91
58
90
59
89
60
88
61
87
62
86
63
85
64
84
65
83
66
82
67
81
68
80
69
79
70
78
71
77
72
76
73
77
74
78
75
78
76
78
77
79
78
79
79
79
80
79
81
80
82
80
83
80
84
80
85
81
86
81
87
81
88
81
89
81
90
81
91
81
92
80
93
80
94
80
95
80
96
79
97
79
98
79
99
78
100
77
101
76
102
75
103
74
104
73
105
72
105
71
105
70
105
69
105
68
106
67
106
66
106
65
106
64
106
63
105
62
105
61
105
60
105
59
104
58
104
57
103
56
102
56
101
55
100
55
99
55
98
55
97
54
96
54
95
54
94
54
93
54
92
54
91
54
90
54
89
54
88
54
87
54
86
55
85
55
84
55
83
55
82
56
81
56
80
56
79
56
78
57
77
58
76
59
75
59
74
60
73
76
73
75
73
74
73
73
73
72
73
71
73
70
73
69
73
68
73
67
73
66
73
65
73
64
73
