49
72
49
72
49
71
50
70
50
69
50
68
50
67
50
66
50
65
50
64
51
63
51
62
51
61
51
60
51
59
51
58
52
57
52
56
52
55
53
54
54
53
54
52
54
51
55
50
55
49
56
48
56
47
57
46
58
45
58
44
58
43
59
42
60
41
61
40
62
39
62
38
63
37
63
36
64
35
65
34
66
33
67
32
68
31
69
31
70
30
71
30
72
29
73
29
74
28
75
28
76
27
77
27
78
27
79
27
80
27
81
28
82
28
83
28
84
28
85
29
86
30
86
31
86
32
86
33
87
34
87
35
87
36
87
37
87
38
87
39
87
40
86
41
86
42
86
43
86
44
86
45
86
46
86
47
85
48
85
49
84
50
84
51
84
52
83
53
83
54
82
55
81
56
81
57
80
58
79
59
78
60
78
61
77
62
76
63
75
64
74
65
73
66
72
67
71
68
70
69
69
70
69
71
68
72
67
73
66
74
66
75
67
76
68
77
68
78
69
79
70
80
70
81
70
82
70
83
71
84
71
85
71
86
71
87
71
88
71
89
71
90
71
91
71
92
71
93
70
94
70
95
70
96
70
97
70
98
69
99
68
100
67
101
67
102
66
103
65
104
64
105
63
106
62
107
61
107
60
108
59
108
58
108
57
108
56
108
55
108
54
108
53
107
52
107
51
107
50
107
49
106
48
106
47
105
47
104
46
103
46
102
45
101
45
100
45
99
45
98
44
97
44
96
44
95
44
94
43
93
43
92
43
91
43
90
43
89
43
88
44
87
44
86
44
85
44
84
44
83
44
82
45
81
45
80
45
79
45
78
46
77
46
76
46
75
47
74
66
75
65
74
64
74
63
74
62
74
61
74
60
74
59
74
58
74
57
74
56
74
55
74
54
74
53
74
52
73
51
73
