60
72
60
72
60
71
60
70
60
69
60
68
60
67
60
66
60
65
60
64
61
63
61
62
61
61
61
60
61
59
62
58
62
57
62
56
62
55
63
54
63
53
64
52
65
51
65
50
65
49
66
48
67
47
68
46
68
45
69
44
69
43
70
42
71
41
72
40
73
39
73
38
74
37
75
36
75
35
76
34
77
33
78
32
79
32
80
31
81
30
82
29
83
28
84
27
85
27
86
26
87
25
88
25
89
25
90
25
91
25
92
24
93
24
94
24
95
25
96
25
97
25
98
26
99
27
99
28
100
29
100
30
100
31
99
32
99
33
99
34
99
35
99
36
99
37
99
38
99
39
98
40
97
41
97
42
97
43
96
44
96
45
96
46
95
47
95
48
94
49
93
50
92
51
92
52
91
53
90
54
89
55
89
56
88
57
87
58
86
59
85
60
84
61
83
62
82
63
81
64
80
65
79
65
78
66
78
67
77
68
77
69
76
70
75
71
74
72
75
73
76
74
77
75
78
76
78
77
79
78
80
79
80
80
80
81
80
82
81
83
81
84
81
85
81
86
80
87
80
88
80
89
80
90
80
91
80
92
79
93
78
94
77
95
77
96
77
97
76
98
75
99
74
99
73
100
72
101
71
101
70
102
69
102
68
102
67
103
66
103
65
104
64
104
63
104
62
104
61
104
60
104
59
104
58
104
57
104
56
103
55
103
54
103
53
103
52
102
51
101
51
100
50
99
50
98
49
97
49
96
49
95
49
94
49
93
48
92
49
91
49
90
49
89
49
88
49
87
50
86
50
85
51
84
51
83
51
82
51
81
52
80
52
79
53
78
54
77
55
76
56
75
57
75
58
74
74
72
73
72
72
72
71
72
70
72
69
72
68
72
67
72
66
72
65
72
64
72
63
72
62
72
