91
103
91
103
90
103
89
104
88
105
87
106
86
106
85
107
84
107
83
108
82
108
81
108
80
108
79
108
78
109
77
109
76
109
75
109
74
109
73
109
72
109
71
109
70
109
69
109
68
109
67
108
66
108
65
108
64
107
64
106
64
105
63
104
63
103
63
102
63
101
63
100
64
99
64
98
64
97
64
96
64
95
64
94
64
93
65
92
66
91
67
90
67
89
68
88
69
87
69
86
70
85
71
84
72
83
73
82
73
81
74
80
75
79
76
78
77
77
77
76
78
75
79
74
80
73
81
72
81
71
82
70
82
69
83
68
83
67
83
66
84
65
84
64
84
63
84
62
84
61
84
60
84
59
84
58
84
57
84
56
84
55
84
54
83
53
82
52
81
51
80
51
79
51
78
51
77
51
76
50
75
50
74
50
73
50
72
50
71
50
70
50
69
50
68
50
67
50
66
50
65
50
64
51
63
51
62
52
61
53
60
53
59
54
58
55
57
56
56
57
