95
103
95
103
94
103
93
103
92
103
91
104
90
104
89
104
88
104
87
105
86
105
85
105
84
105
83
106
82
106
81
106
80
106
79
107
78
107
77
107
76
107
75
108
74
108
73
108
72
109
71
109
70
109
69
109
68
108
67
108
66
108
65
108
64
107
63
106
62
105
61
104
61
103
61
102
60
101
60
100
61
99
61
98
61
97
61
96
61
95
61
94
62
93
62
92
62
91
63
90
64
89
64
88
64
87
65
86
66
85
66
84
67
83
68
82
69
81
70
80
71
79
72
78
73
77
74
76
75
75
76
74
77
73
78
72
78
71
79
70
80
69
81
68
82
67
83
66
83
65
84
64
84
63
84
62
85
61
85
60
85
59
86
58
86
57
86
56
86
55
86
54
86
53
86
52
86
51
86
50
86
49
86
48
86
47
85
46
84
45
83
44
82
44
81
44
80
44
79
44
78
43
77
43
76
43
75
43
74
43
73
43
72
43
71
43
70
44
69
44
68
44
67
44
66
44
65
44
64
44
63
45
62
45
61
46
60
46
59
47
58
48
57
49
56
49
55
50
