88
103
88
103
87
104
86
104
85
105
84
105
83
106
82
106
81
107
80
107
79
107
78
108
77
108
76
109
75
109
74
109
73
109
72
109
71
110
70
110
69
110
68
110
67
110
66
110
65
110
64
110
63
110
62
110
61
110
60
109
59
109
58
109
57
108
56
107
56
106
56
105
56
104
56
103
56
102
56
101
56
100
56
99
56
98
56
97
57
96
58
95
58
94
59
93
59
92
59
91
59
90
60
89
61
88
62
87
63
86
63
85
64
84
65
83
66
82
67
81
68
80
69
79
70
78
71
77
72
76
73
75
73
74
74
73
75
72
76
71
77
70
78
69
79
68
80
67
80
66
81
65
81
64
82
63
82
62
83
61
83
60
83
59
83
58
83
57
83
56
83
55
83
54
83
53
83
52
83
51
83
50
82
49
82
48
81
47
81
46
80
45
79
44
78
43
77
43
76
43
75
42
74
42
73
42
72
42
71
42
70
42
69
42
68
42
67
42
66
42
65
42
64
42
63
42
62
43
61
43
60
44
59
44
58
45
57
46
56
46
55
47
