91
43
91
43
91
44
91
45
91
46
91
47
91
48
91
49
91
50
91
51
91
52
91
53
91
54
91
55
90
56
90
57
89
58
89
59
88
60
87
61
87
62
86
63
85
64
84
65
83
66
83
67
83
68
82
69
81
70
80
71
79
72
78
73
77
74
76
75
75
76
74
77
73
78
72
79
71
80
70
81
69
82
69
83
68
84
67
85
67
86
66
87
66
88
66
89
65
90
64
91
64
92
64
93
64
94
64
95
64
96
64
97
63
98
63
99
64
100
64
101
65
102
66
103
67
104
68
104
69
104
70
105
71
105
72
105
73
105
74
105
75
105
76
104
77
104
78
104
79
104
80
104
81
103
82
103
83
102
84
102
85
101
86
101
87
100
88
100
89
100
90
99
91
43
90
42
89
41
88
41
87
40
86
39
85
39
84
39
83
39
82
38
81
38
80
37
79
37
78
37
77
37
76
37
75
37
74
37
73
37
72
37
71
37
70
37
69
38
68
38
67
38
66
39
65
39
64
40
63
40
62
41
61
42
60
43
59
44
