94
98
94
98
93
99
92
99
91
98
90
98
89
98
88
99
87
99
86
100
85
100
84
101
83
101
82
102
81
103
80
103
79
104
78
104
77
105
76
105
75
105
74
105
73
105
72
106
71
106
70
105
69
105
68
105
67
105
66
105
65
104
64
104
63
103
62
103
61
102
60
101
59
100
59
99
59
98
59
97
59
96
60
95
60
94
60
93
60
92
61
91
62
90
63
89
63
88
64
87
65
86
65
85
65
84
66
83
67
82
68
81
69
80
70
79
71
78
72
77
73
76
74
75
75
74
75
73
75
72
76
71
77
70
78
69
78
68
79
67
79
66
79
65
80
64
81
63
81
62
81
61
81
60
82
59
82
58
82
57
82
56
82
55
82
54
82
53
82
52
82
51
82
50
82
49
81
48
80
47
79
46
78
45
77
44
76
44
75
44
74
44
73
43
72
43
71
43
70
43
69
43
68
43
67
43
66
43
65
43
64
43
63
44
62
45
61
46
60
47
59
48
58
48
57
49
56
50
55
51
