77
88
77
88
78
87
78
86
78
85
78
84
78
83
79
83
80
82
81
81
82
80
83
79
84
78
85
77
86
76
86
75
87
74
87
73
87
72
87
71
87
70
87
69
88
68
88
67
88
66
88
65
88
64
89
63
89
62
89
61
90
60
90
59
90
58
90
57
91
56
91
55
91
54
91
53
91
52
92
51
92
50
92
49
92
48
92
47
92
46
92
45
93
44
93
43
93
42
92
41
92
40
91
39
90
38
89
38
88
37
87
37
86
37
85
36
84
36
83
36
82
35
81
35
80
35
79
35
78
35
77
35
76
35
75
35
74
35
73
35
72
35
71
36
70
36
69
36
68
37
67
37
66
38
66
39
65
40
64
41
63
42
62
43
62
44
62
45
61
46
61
47
60
48
60
49
60
50
60
51
59
52
59
53
59
54
59
55
59
56
59
57
59
58
59
59
59
60
59
61
59
62
59
63
59
64
59
65
60
66
60
67
60
68
61
69
61
70
62
71
63
72
64
73
65
74
66
75
67
76
68
76
69
76
70
77
71
77
72
77
73
78
74
79
75
80
76
81
86
75
87
76
88
77
89
78
90
78
91
78
78
87
78
88
79
89
80
90
81
91
81
92
81
93
81
94
81
95
81
96
81
97
81
98
81
99
81
100
81
101
81
102
81
103
80
104
80
105
80
106
80
107
80
108
79
109
79
110
79
111
79
112
78
113
78
114
78
115
78
116
77
117
77
118
76
119
75
120
74
120
73
120
72
120
71
120
70
120
69
120
68
119
67
119
66
119
65
119
64
118
63
118
62
117
61
116
61
115
60
114
60
113
60
112
59
111
59
110
59
109
60
108
60
107
60
106
60
105
60
104
60
103
61
102
62
101
62
100
62
99
63
98
63
97
63
96
64
95
65
94
66
93
67
93
68
92
69
92
70
92
71
92
72
91
73
91
74
91
75
90
