68
96
68
96
69
95
70
95
71
94
72
93
72
92
73
91
73
90
74
89
75
88
75
87
76
86
77
85
78
84
79
83
79
82
79
81
80
80
80
79
80
78
80
77
81
76
81
75
81
74
81
73
81
72
82
71
82
70
82
69
83
68
83
67
83
66
83
65
83
64
84
63
84
62
84
61
85
60
85
59
85
58
85
57
86
56
86
55
86
54
86
53
86
52
86
51
87
50
87
49
87
48
86
47
86
46
86
45
85
44
85
43
85
42
85
41
84
40
84
39
83
38
82
37
81
36
80
35
79
35
78
35
77
35
76
34
75
34
74
34
73
34
72
34
71
34
70
34
69
34
68
34
67
34
66
34
65
34
64
35
63
35
62
36
61
37
60
37
59
38
58
39
57
40
56
41
55
42
54
43
53
44
53
45
52
46
51
47
51
48
51
49
50
50
49
51
49
52
49
53
49
54
49
55
49
56
48
57
48
58
48
59
48
60
48
61
47
62
47
63
48
64
48
65
48
66
48
67
48
68
48
69
48
70
49
71
49
72
49
73
49
74
49
75
50
76
50
77
50
78
51
79
51
80
52
81
53
82
53
83
54
84
55
85
56
86
56
87
57
88
58
88
59
88
60
88
61
89
62
89
63
89
64
90
65
91
66
92
67
93
78
84
79
85
80
86
81
86
82
86
83
86
84
85
70
95
69
96
70
97
71
98
72
99
73
100
74
101
74
102
74
103
74
104
74
105
74
106
74
107
73
108
73
109
73
110
73
111
73
112
73
113
73
114
73
115
73
116
72
117
72
118
72
119
72
120
71
121
71
122
71
123
71
124
71
125
71
126
70
127
70
128
69
129
69
130
69
131
68
132
68
133
67
134
66
135
65
136
64
136
63
136
62
136
61
136
60
137
59
137
58
137
57
136
56
136
55
136
54
136
53
135
52
134
52
133
51
132
51
131
50
130
50
129
50
128
50
127
50
126
50
125
50
124
50
123
50
122
50
121
50
120
50
119
50
118
50
117
50
116
50
115
51
114
51
113
51
112
51
111
51
110
52
109
53
108
54
107
55
106
56
106
57
105
58
104
59
103
60
103
61
102
62
101
63
101
64
100
65
99
66
98
