68
93
68
93
69
92
69
91
69
90
70
89
70
88
70
87
70
86
70
85
70
84
70
83
70
82
71
81
71
80
72
79
72
78
73
77
74
76
74
75
74
74
75
73
76
72
77
71
78
71
79
70
80
70
81
70
82
70
83
69
84
69
85
69
86
69
79
70
78
69
78
68
79
67
79
66
79
65
79
64
79
63
79
62
79
61
79
60
80
59
80
58
80
57
80
56
80
55
81
54
81
53
81
52
81
51
81
50
81
49
82
48
82
47
82
46
82
45
82
44
82
43
82
42
82
41
82
40
82
39
83
38
83
37
82
36
81
35
80
35
79
34
78
34
77
34
76
34
75
34
74
34
73
34
72
34
71
33
70
34
69
34
68
34
67
34
66
34
65
34
64
34
63
35
62
35
61
36
60
37
59
38
58
38
57
39
57
40
56
41
55
42
54
43
54
44
53
45
52
46
52
47
52
48
52
49
51
50
50
51
50
52
50
53
50
54
50
55
50
56
50
57
49
58
49
59
49
60
49
61
50
62
50
63
50
64
50
65
50
66
51
67
51
68
51
69
52
70
53
71
54
71
55
72
56
73
57
73
58
74
59
74
60
74
61
74
62
74
63
74
64
74
65
75
66
76
67
77
68
78
69
79
68
93
69
94
70
95
71
96
71
97
71
98
71
99
71
100
71
101
71
102
71
103
71
104
71
105
71
106
71
107
71
108
71
109
71
110
71
111
71
112
70
113
70
114
70
115
70
116
70
117
70
118
70
119
70
120
70
121
69
122
68
122
67
122
66
122
65
122
64
122
63
121
62
121
61
121
60
121
59
121
58
121
57
120
56
120
55
119
54
118
54
117
54
116
54
115
53
114
53
113
53
112
54
111
54
110
54
109
54
108
54
107
54
106
54
105
54
104
54
103
55
102
55
101
55
100
56
99
57
98
58
97
59
96
60
96
61
96
62
95
63
95
64
94
65
94
66
94
