70
95
70
95
71
94
71
93
71
92
71
91
71
90
71
89
71
88
71
87
71
86
71
85
72
85
73
84
74
83
75
82
75
81
75
80
76
79
76
78
76
77
77
76
77
75
77
74
77
73
78
72
78
71
78
70
78
69
79
68
79
67
79
66
80
65
81
64
81
63
81
62
81
61
82
60
82
59
83
58
83
57
83
56
83
55
83
54
84
53
84
52
84
51
84
50
84
49
84
48
84
47
84
46
85
45
84
44
84
43
84
42
84
41
83
40
83
39
82
38
81
38
80
38
79
38
78
38
77
38
76
38
75
38
74
38
73
38
72
38
71
39
70
39
69
39
68
39
67
39
66
39
65
40
64
41
63
41
62
42
61
43
60
44
59
45
59
46
58
47
57
48
56
49
55
50
55
51
55
52
54
53
53
54
53
55
53
56
53
57
52
58
52
59
51
60
51
61
51
62
51
63
51
64
51
65
51
66
51
67
51
68
51
69
51
70
52
71
53
72
53
73
53
74
54
75
54
76
55
77
56
78
57
79
58
80
59
80
60
80
61
80
62
80
63
81
64
81
65
81
66
81
67
81
68
82
69
83
74
83
75
84
76
85
77
86
78
86
79
85
80
85
81
85
82
85
83
85
70
95
71
96
72
97
73
98
73
99
73
100
73
101
73
102
73
103
73
104
73
105
73
106
72
107
72
108
72
109
72
110
72
111
72
112
71
113
71
114
71
115
71
116
71
117
70
118
69
119
69
120
69
121
68
122
68
123
67
124
66
125
65
126
64
126
63
126
62
126
61
127
60
127
59
127
58
126
57
126
56
126
55
126
54
125
53
125
52
125
51
124
50
123
49
122
48
121
47
120
47
119
47
118
46
117
46
116
46
115
46
114
46
113
46
112
46
111
47
110
47
109
47
108
47
107
48
106
49
105
50
104
51
103
52
103
53
102
54
102
55
101
56
101
57
100
58
100
59
99
60
99
61
98
62
98
63
98
64
98
65
98
66
97
67
97
68
97
