54
81
54
81
54
80
54
79
54
78
55
77
55
76
55
75
55
74
55
73
56
72
56
71
57
70
57
69
57
68
58
67
58
66
59
65
60
64
61
63
61
62
62
61
62
60
63
59
64
58
65
57
66
56
67
55
68
54
69
53
70
52
71
52
72
51
73
50
74
50
75
49
76
49
77
49
78
49
79
49
80
49
81
49
82
49
83
49
84
50
85
50
86
51
87
52
87
53
87
54
87
55
88
56
88
57
88
58
88
59
88
60
87
61
87
62
87
63
87
64
87
65
86
66
86
67
85
68
84
69
84
70
83
71
82
72
81
73
80
74
79
75
78
76
77
77
76
78
75
78
74
79
73
80
72
80
71
80
70
81
69
81
68
81
67
81
66
81
65
81
64
81
63
81
62
82
61
82
60
82
59
82
58
82
57
82
56
82
54
81
53
82
52
83
52
84
51
85
51
86
51
87
51
88
51
89
50
90
50
91
50
92
50
93
50
94
50
95
50
96
51
97
51
98
51
99
51
100
51
101
51
102
52
103
52
104
53
105
54
106
55
107
56
107
57
108
58
109
59
109
60
109
61
109
62
109
63
109
64
109
65
110
66
110
67
110
68
110
69
110
70
109
71
109
72
109
73
109
74
108
75
108
76
108
77
107
