47
79
47
79
47
78
48
77
48
76
48
75
48
74
48
73
48
72
48
71
49
70
49
69
49
68
49
67
49
66
50
65
51
64
51
63
51
62
52
61
53
60
54
59
54
58
55
57
55
56
56
55
57
54
58
53
59
52
60
52
61
51
62
50
63
49
64
49
65
49
66
49
67
49
68
48
69
49
70
49
71
49
72
49
73
49
74
50
75
50
76
51
77
52
78
52
79
53
79
54
79
55
79
56
79
57
79
58
79
59
79
60
78
61
78
62
78
63
78
64
77
65
77
66
76
67
75
68
74
69
73
70
72
71
71
72
70
73
69
74
68
74
67
75
66
75
65
76
64
76
63
77
62
77
61
78
60
78
59
78
58
78
57
78
56
78
55
78
54
78
53
79
52
79
51
79
50
79
49
79
47
79
46
80
45
81
45
82
44
83
44
84
44
85
44
86
44
87
44
88
43
89
44
90
44
91
44
92
44
93
44
94
44
95
44
96
44
97
45
98
45
99
46
100
46
101
47
102
48
103
49
103
50
104
51
105
52
105
53
105
54
105
55
105
56
105
57
105
58
105
59
105
60
105
61
105
62
105
63
105
64
105
65
105
66
105
67
105
68
105
69
104
70
104
71
104
72
104
73
103
74
103
75
103
76
102
77
102
