46
83
46
83
46
82
46
81
46
80
46
79
46
78
47
77
47
76
47
75
47
74
47
73
47
72
47
71
47
70
48
69
48
68
49
67
50
66
50
65
51
64
51
63
52
62
53
61
54
60
54
59
54
58
55
57
56
56
57
55
58
54
59
53
60
52
61
51
62
50
63
50
64
49
65
49
66
49
67
49
68
49
69
48
70
48
71
48
72
48
73
48
74
49
75
49
76
49
77
50
78
50
79
51
80
52
81
53
81
54
81
55
81
56
81
57
81
58
81
59
80
60
80
61
80
62
80
63
79
64
79
65
78
66
77
67
77
68
76
69
75
70
75
71
74
72
73
73
72
74
71
75
71
76
70
77
69
77
68
78
67
79
66
79
65
80
64
80
63
81
62
81
61
82
60
82
59
82
58
82
57
82
56
82
55
82
54
83
53
83
52
83
51
83
50
83
49
83
48
83
46
83
45
84
45
85
45
86
45
87
45
88
45
89
45
90
46
91
46
92
46
93
47
94
47
95
47
96
48
97
49
98
50
99
51
99
52
100
53
100
54
100
55
100
56
101
57
101
58
101
59
101
60
101
61
101
62
101
63
101
64
101
65
101
66
102
67
102
68
102
69
102
70
101
71
101
72
101
73
100
74
100
75
100
