46
86
46
86
46
85
47
86
48
86
49
86
50
87
51
87
52
86
53
86
54
86
55
86
56
86
57
86
58
86
59
86
60
86
61
86
62
85
63
85
64
85
65
85
66
85
67
84
68
84
69
84
70
83
71
83
72
82
73
82
74
81
75
80
76
79
77
78
78
77
78
76
79
75
80
74
80
73
80
72
81
71
81
70
81
69
81
68
81
67
82
66
82
65
82
64
82
63
81
62
81
61
81
60
80
59
79
58
78
57
77
56
76
55
75
54
74
54
73
53
72
53
71
53
70
53
69
52
68
52
67
52
66
52
65
52
64
52
63
52
62
52
61
53
60
53
59
54
58
55
57
55
56
56
55
57
54
58
53
59
53
60
52
61
51
62
50
63
50
64
49
65
49
66
48
67
48
68
47
69
47
70
47
71
47
72
47
73
47
74
46
75
46
76
46
77
46
78
46
79
46
80
45
81
45
82
45
83
46
86
45
87
44
88
44
89
43
90
43
91
43
92
44
93
44
94
44
95
44
96
44
97
45
98
45
99
45
100
45
101
45
102
46
103
46
104
47
105
47
106
48
107
48
108
49
109
50
110
51
111
52
112
52
113
53
114
54
115
55
116
56
116
57
116
58
116
59
117
60
117
61
117
62
117
63
117
64
117
65
117
66
117
67
117
68
117
69
117
70
117
71
117
72
117
73
117
74
117
75
116
76
116
77
116
78
116
79
115
80
115
81
115
82
114
83
113
84
113
85
112
