45
84
45
84
45
83
46
84
47
85
48
85
49
85
50
85
51
84
52
84
53
84
54
84
55
84
56
84
57
84
58
84
59
83
60
83
61
83
62
83
63
83
64
82
65
82
66
82
67
82
68
81
69
81
70
81
71
81
72
80
73
80
74
79
75
79
76
78
77
77
78
76
79
75
80
74
80
73
81
72
82
71
83
70
83
69
84
68
84
67
84
66
85
65
85
64
85
63
85
62
86
61
86
60
86
59
85
58
85
57
85
56
84
55
83
54
82
53
81
52
80
52
79
51
78
51
77
50
76
50
75
50
74
50
73
50
72
50
71
49
70
49
69
49
68
49
67
49
66
49
65
49
64
49
63
49
62
50
61
50
60
51
59
51
58
51
57
52
56
52
55
53
54
54
53
55
52
56
51
57
51
58
50
59
50
60
49
61
48
62
48
63
48
64
47
65
47
66
47
67
46
68
46
69
45
70
45
71
45
72
45
73
45
74
45
75
45
76
44
77
44
78
44
79
44
80
44
81
45
84
44
85
44
86
43
87
43
88
43
89
43
90
43
91
43
92
43
93
43
94
43
95
43
96
43
97
43
98
43
99
44
100
44
101
44
102
45
103
46
104
47
104
48
105
49
106
50
106
51
107
52
107
53
108
54
108
55
108
56
109
57
109
58
109
59
109
60
109
61
109
62
109
63
109
64
110
65
110
66
110
67
110
68
110
69
110
70
110
71
109
72
109
73
109
74
109
75
109
76
109
77
109
78
109
79
109
80
108
81
108
82
108
83
108
84
108
