58
74
58
74
59
74
60
74
61
73
62
73
63
73
64
73
65
73
66
73
67
73
68
73
69
73
70
73
71
73
72
73
73
72
74
71
74
70
74
69
75
68
75
67
75
66
75
65
76
64
77
63
73
72
73
73
74
74
75
75
76
76
76
77
76
78
76
79
76
80
76
81
76
82
76
83
76
84
76
85
77
86
78
87
79
88
80
88
81
88
82
87
83
87
84
87
85
86
86
86
87
85
88
85
89
84
90
83
91
82
92
82
93
82
94
81
95
81
96
81
97
80
98
80
99
80
100
79
101
79
102
78
102
77
103
76
103
75
103
74
104
73
104
72
104
71
104
70
105
69
106
68
106
67
107
66
108
65
109
64
109
63
110
62
111
61
112
60
113
59
114
58
115
58
101
79
102
80
103
81
103
82
104
83
104
84
104
85
104
86
104
87
104
88
105
89
105
90
105
91
106
92
107
93
107
94
108
95
109
95
110
96
111
96
112
96
113
97
114
97
115
97
116
97
117
98
118
98
119
98
120
97
121
97
79
88
58
74
57
75
57
76
56
77
56
78
56
79
55
80
55
81
54
82
54
83
53
84
52
85
52
86
51
87
50
88
50
89
49
90
48
91
48
92
47
93
46
94
45
95
44
96
43
97
58
74
57
73
56
72
55
71
55
70
55
69
55
68
55
67
55
66
55
65
55
64
55
63
55
62
54
61
54
60
53
59
53
58
52
57
51
57
50
57
49
56
48
56
47
56
46
56
45
57
44
57
43
57
42
57
41
57
