44
84
44
84
45
84
46
84
47
83
48
83
49
83
50
82
51
82
52
82
53
81
54
81
55
81
56
80
57
79
58
79
59
78
60
78
61
78
62
77
63
77
64
77
65
76
66
76
67
76
68
75
69
74
69
73
69
72
69
71
70
70
70
69
70
68
71
67
68
75
68
76
69
77
69
78
70
79
70
80
70
81
70
82
70
83
71
84
72
85
73
85
74
84
75
84
76
84
77
83
78
83
79
82
80
82
81
81
82
81
83
81
84
80
84
79
85
78
86
77
87
77
88
76
89
76
90
76
91
75
92
75
93
75
94
74
95
74
96
74
97
74
98
73
99
72
100
71
100
70
101
69
102
68
103
67
104
66
105
65
106
64
107
63
108
62
109
61
110
60
97
74
98
75
99
76
99
77
99
78
99
79
99
80
99
81
100
82
100
83
100
84
100
85
101
86
101
87
102
88
102
89
102
90
103
91
104
92
105
92
106
93
107
93
108
93
109
93
110
93
111
93
112
93
113
92
114
92
115
92
116
92
117
91
118
91
119
91
120
91
121
91
72
85
71
86
71
87
71
88
44
84
43
85
43
86
43
87
42
88
41
89
40
90
40
91
39
92
38
93
38
94
37
95
36
96
35
97
35
98
34
99
33
100
44
84
43
83
42
82
42
81
42
80
43
79
43
78
43
77
43
76
43
75
43
74
43
73
43
72
43
71
43
70
43
69
43
68
43
67
42
66
41
65
41
64
40
63
39
63
38
63
37
62
36
62
35
62
34
62
33
62
32
62
31
62
30
63
29
63
