53
80
53
80
53
79
54
80
55
80
56
79
57
79
58
79
59
78
60
78
61
78
62
77
63
77
64
77
65
77
66
76
67
75
68
75
69
74
70
74
71
74
72
74
73
73
74
73
75
72
76
71
77
70
77
69
77
68
77
67
77
66
75
72
76
73
77
74
77
75
78
76
78
77
78
78
79
79
80
80
81
81
82
81
83
81
84
80
85
80
86
80
87
79
88
79
89
79
90
79
91
79
92
79
93
79
94
79
95
78
96
78
97
78
98
77
99
77
100
76
101
75
101
74
101
73
102
72
103
71
104
70
105
69
106
68
107
67
108
66
109
65
110
64
110
63
111
62
112
62
113
61
114
60
115
60
116
59
117
59
118
59
119
59
99
77
100
78
101
79
101
80
101
81
102
82
102
83
102
84
102
85
103
86
103
87
103
88
103
89
104
90
105
91
106
92
107
92
108
93
109
93
110
94
111
95
112
95
113
95
114
96
115
96
116
96
117
96
118
97
119
97
120
97
121
97
122
97
123
96
124
96
125
97
126
97
127
96
82
81
81
82
80
83
80
84
80
85
79
86
53
79
52
78
52
77
52
76
52
75
52
74
52
73
52
72
52
71
52
70
52
69
52
68
52
67
52
66
52
65
51
64
50
63
50
62
49
61
48
60
47
60
46
60
45
59
44
59
43
59
42
59
41
59
40
59
39
59
38
59
37
60
53
80
52
81
52
82
52
83
51
84
50
85
50
86
49
87
49
88
48
89
47
90
47
91
46
92
45
92
44
93
44
94
43
95
42
96
41
97
