74
85
74
85
75
84
75
83
76
82
76
81
76
80
76
79
76
78
77
77
77
76
78
76
79
76
80
76
81
76
82
75
83
75
84
75
85
75
86
75
87
74
88
74
89
74
90
73
91
73
92
72
77
76
76
75
75
74
75
73
75
72
75
71
74
70
74
69
73
68
72
67
72
66
71
65
70
64
69
63
68
62
69
61
69
60
70
59
70
58
70
57
71
56
72
55
73
54
74
53
75
52
75
51
76
50
76
49
77
48
77
47
77
46
77
45
77
44
77
43
78
42
78
41
78
40
77
39
77
38
77
37
77
36
76
35
75
34
74
33
73
33
72
32
71
32
70
32
69
32
68
31
67
31
66
31
65
32
64
32
63
32
62
32
61
33
60
34
59
34
58
35
57
36
56
36
55
37
54
38
53
39
74
85
75
86
76
87
76
88
76
89
76
90
76
91
76
92
75
93
75
94
75
95
75
96
75
97
75
98
75
99
74
100
74
101
73
102
73
103
72
104
71
105
70
106
70
107
69
108
68
109
67
109
66
109
65
110
64
110
63
110
62
110
61
110
60
110
59
110
58
110
57
110
56
109
55
108
55
107
55
106
54
105
54
104
55
103
55
102
55
101
55
100
55
99
56
98
56
97
57
96
57
95
58
94
59
93
60
92
61
91
62
90
63
89
64
88
65
87
66
87
67
86
68
86
69
86
70
86
71
85
72
85
