72
52
72
52
73
51
74
50
75
49
75
48
76
47
76
46
77
45
78
44
78
43
79
42
80
41
80
40
81
39
81
38
82
37
82
36
82
35
82
34
82
33
83
32
83
31
83
30
83
29
82
28
82
27
82
26
82
25
81
24
80
23
79
22
78
21
77
21
76
21
75
21
74
20
73
20
72
20
71
20
70
20
69
20
68
20
67
20
66
20
65
20
64
21
72
52
73
53
74
54
75
55
76
56
77
57
78
58
78
59
79
60
80
61
81
62
82
62
83
62
84
62
85
61
86
61
87
61
88
60
89
59
90
58
91
58
82
62
81
63
80
64
80
65
80
66
80
67
80
68
80
69
80
70
79
71
79
72
78
73
79
74
80
75
81
76
81
77
81
78
81
79
80
80
80
81
80
82
80
83
80
84
80
85
80
86
80
87
80
88
80
89
79
90
79
91
79
92
78
93
78
94
77
95
77
96
76
97
76
98
76
99
75
100
74
101
74
102
73
103
72
103
71
104
70
104
69
104
68
104
67
105
66
105
65
106
64
106
63
106
62
106
61
106
60
106
59
106
58
106
57
105
56
105
55
104
54
103
53
102
53
101
53
100
52
99
52
98
52
97
52
96
52
95
52
94
52
93
52
92
53
91
54
90
55
89
56
88
56
87
57
86
58
85
59
84
60
83
61
83
62
82
63
81
64
80
65
79
66
78
67
78
68
77
69
76
70
75
71
74
72
74
73
74
74
74
75
73
76
73
72
52
