69
57
69
57
69
56
70
55
71
54
71
53
72
52
72
51
72
50
73
49
74
48
75
47
76
46
76
45
76
44
77
43
77
42
78
41
78
40
79
39
79
38
79
37
79
36
79
35
79
34
79
33
79
32
79
31
78
30
77
29
76
28
75
27
74
27
73
27
72
26
71
26
70
26
69
26
68
26
67
26
66
26
65
26
64
26
63
27
62
27
61
28
61
29
69
56
69
57
70
58
71
59
71
60
72
61
72
62
73
63
74
64
75
65
76
64
77
64
78
63
79
63
80
63
81
62
82
62
75
65
74
66
74
67
74
68
74
69
74
70
74
71
74
72
73
73
74
74
75
75
76
76
77
77
78
78
78
79
78
80
78
81
78
82
78
83
78
84
78
85
78
86
77
87
77
88
77
89
77
90
77
91
77
92
76
93
76
94
75
95
75
96
74
97
73
98
73
99
72
100
71
101
70
102
69
103
68
104
67
105
66
105
65
106
64
106
63
106
62
106
61
106
60
106
59
106
58
106
57
106
56
105
55
105
54
104
53
103
53
102
53
101
52
100
52
99
52
98
52
97
52
96
52
95
52
94
52
93
52
92
53
91
53
90
54
89
54
88
54
87
55
86
56
85
56
84
57
83
58
82
59
81
60
80
61
80
62
79
63
78
64
77
65
77
66
76
67
75
68
75
69
75
70
74
71
74
