71
99
71
99
72
99
73
98
74
97
74
96
75
95
76
95
77
94
77
93
78
92
79
91
79
90
79
89
80
88
80
87
81
86
81
85
81
84
82
83
82
82
83
83
84
82
85
82
86
82
87
81
82
82
81
81
80
80
80
79
80
78
80
77
80
76
79
75
79
74
78
73
78
72
77
71
76
70
75
69
75
68
74
67
74
66
73
65
72
64
73
63
74
62
74
61
75
60
76
59
77
58
78
57
79
56
80
55
81
54
81
53
82
52
83
51
84
50
84
49
84
48
84
47
84
46
84
45
85
44
85
43
85
42
84
41
84
40
84
39
84
38
84
37
83
36
82
35
81
34
80
34
79
34
78
33
77
33
76
33
75
33
74
33
73
33
72
33
71
33
70
33
69
34
68
34
72
64
71
64
70
64
72
99
72
100
73
101
73
102
73
103
73
104
73
105
73
106
73
107
73
108
73
109
72
110
72
111
72
112
72
113
71
114
71
115
70
116
69
116
68
117
67
117
66
117
65
117
64
117
63
117
62
117
61
117
60
117
59
117
58
116
57
115
57
114
57
113
56
112
56
111
56
110
56
109
57
108
57
107
57
106
58
105
59
104
60
103
61
102
62
102
63
102
64
101
65
101
66
101
67
100
68
100
69
100
