80
75
80
75
81
74
81
73
81
72
81
71
82
70
82
69
82
68
82
67
82
66
82
65
82
64
80
75
81
76
82
77
83
78
83
79
83
80
84
81
84
82
84
83
84
84
85
85
85
86
85
87
86
88
86
89
86
90
87
91
87
92
87
93
87
94
88
95
89
96
90
97
80
75
79
76
78
76
77
77
76
77
75
78
74
78
73
78
72
79
71
80
70
81
69
82
68
83
67
84
66
85
65
86
64
87
63
88
62
88
61
89
60
89
59
90
58
90
57
90
56
91
55
91
54
92
53
92
52
92
51
92
50
92
49
92
48
92
47
92
46
91
45
90
45
89
44
88
44
87
44
86
44
85
43
84
43
83
43
82
43
81
43
80
43
79
43
78
43
77
43
76
43
75
43
74
43
73
43
72
43
71
44
70
44
69
44
68
44
67
44
66
44
65
45
64
