83
75
83
75
84
74
84
73
84
72
85
71
85
70
85
69
85
68
85
67
85
66
85
65
85
64
85
63
85
62
85
61
83
75
84
76
85
77
86
78
86
79
87
80
87
81
87
82
87
83
87
84
88
85
88
86
88
87
88
88
89
89
90
90
91
91
91
92
91
93
92
94
83
75
82
76
81
76
80
76
79
77
78
77
77
78
76
78
75
78
74
79
73
80
72
81
71
82
70
83
69
84
68
85
67
85
66
86
65
87
64
87
63
88
62
88
61
89
60
89
59
89
58
89
57
89
56
89
55
90
54
90
53
90
52
90
51
90
50
89
49
89
48
89
47
88
46
87
45
86
44
85
43
84
43
83
43
82
43
81
42
80
42
79
42
78
42
77
42
76
42
75
42
74
42
73
42
72
42
71
42
70
43
69
43
68
43
67
43
66
43
65
43
64
44
63
44
62
44
61
