76
72
76
72
77
71
77
70
77
69
77
68
77
67
78
66
78
65
78
64
78
63
78
62
77
71
77
72
78
73
79
74
80
75
81
76
81
77
81
78
82
79
82
80
83
81
84
82
76
72
75
73
74
73
73
74
72
74
71
75
70
75
69
76
68
77
67
78
66
79
65
80
65
81
64
82
63
83
62
84
61
85
60
85
59
86
58
87
57
88
56
88
55
88
54
88
53
89
52
89
51
89
50
89
49
89
48
89
47
88
47
87
46
86
46
85
45
84
45
83
44
82
44
81
43
80
43
79
43
78
43
77
43
76
43
75
43
74
43
73
42
72
42
71
43
70
43
69
43
68
43
67
43
66
43
65
44
64
44
63
44
62
44
61
44
60
44
59
44
58
44
57
44
56
