45
78
45
78
46
77
47
77
48
76
49
76
50
75
51
75
52
75
53
75
54
74
55
74
56
74
57
73
58
72
59
72
60
72
61
72
62
71
63
71
64
71
65
70
66
69
66
68
66
67
67
66
67
65
67
64
68
63
68
62
68
61
69
60
70
59
71
58
72
57
73
56
65
70
65
71
66
72
67
73
68
74
68
75
69
76
69
77
69
78
69
79
69
80
69
81
69
82
69
83
70
84
70
85
70
86
70
87
70
88
70
89
70
90
71
91
71
92
72
93
73
94
74
94
75
94
76
94
77
95
78
95
79
95
80
95
81
94
45
78
44
79
43
80
43
81
43
82
42
83
41
84
41
85
40
86
40
87
40
88
39
89
39
90
38
91
37
92
37
93
37
94
45
78
44
77
43
76
42
75
41
74
42
73
42
72
42
71
42
70
42
69
42
68
42
67
42
66
42
65
42
64
42
63
42
62
42
61
42
60
42
59
42
58
