58
71
58
71
59
71
60
71
61
70
62
70
63
70
64
69
65
69
66
69
67
69
68
68
69
68
70
68
71
68
72
68
73
67
74
67
75
67
76
66
76
65
76
64
77
63
77
62
78
61
78
60
78
59
79
58
80
57
81
56
82
55
83
55
84
54
85
53
86
53
87
52
88
51
89
51
90
51
91
50
92
50
93
50
76
66
76
67
77
68
78
69
79
70
80
70
81
71
82
72
83
73
84
74
84
75
85
76
85
77
86
78
86
79
87
80
88
81
88
82
89
83
89
84
90
85
90
86
91
87
91
88
92
89
92
90
93
91
93
92
94
93
94
94
94
95
58
71
57
72
56
73
56
74
56
75
55
76
54
77
54
78
53
79
53
80
52
81
52
82
52
83
51
84
51
85
50
86
50
87
50
88
50
89
49
90
49
91
49
92
58
71
57
70
56
69
55
68
54
67
54
66
54
65
55
64
55
63
55
62
55
61
55
60
55
59
55
58
55
57
55
56
55
55
56
54
56
53
56
52
56
51
