47
71
47
71
48
70
49
70
50
70
51
69
52
69
53
69
54
68
55
68
56
68
57
68
58
67
59
67
60
67
61
66
62
66
63
66
64
66
65
65
65
64
65
63
66
62
66
61
66
60
67
59
67
58
68
57
68
56
69
55
70
54
71
54
72
53
73
53
74
52
75
52
76
51
77
51
78
50
79
50
80
50
81
49
82
49
83
49
84
48
65
65
65
66
66
67
67
68
68
68
69
69
70
70
71
71
72
72
72
73
72
74
73
75
74
76
74
77
74
78
74
79
74
80
75
81
76
82
76
83
76
84
76
85
77
86
77
87
77
88
78
89
78
90
78
91
47
71
46
72
45
73
45
74
44
75
44
76
44
77
43
78
43
79
42
80
42
81
41
82
41
83
41
84
40
85
40
86
39
87
39
88
39
89
39
90
38
91
38
92
47
71
46
70
45
69
44
68
43
67
43
66
43
65
43
64
43
63
43
62
43
61
43
60
43
59
43
58
44
57
44
56
44
55
44
54
44
53
