46
67
46
67
47
66
48
66
49
66
50
65
51
65
52
65
53
65
54
65
55
65
56
65
57
65
58
65
59
65
60
65
61
64
62
63
62
62
63
61
63
60
63
59
64
58
64
57
65
56
66
56
67
55
68
54
69
53
70
53
71
52
72
52
73
51
74
51
75
51
76
51
77
50
78
50
79
49
80
49
81
49
82
49
83
49
61
64
62
65
63
66
64
67
65
68
66
69
67
70
68
71
69
72
70
73
70
74
71
75
71
76
71
77
71
78
71
79
72
80
72
81
72
82
73
83
73
84
74
85
74
86
75
87
75
88
76
89
77
90
77
91
77
92
78
93
79
94
80
94
81
95
82
96
83
96
46
67
45
68
44
69
43
70
43
71
43
72
43
73
43
74
42
75
42
76
42
77
42
78
41
79
41
80
40
81
39
82
39
83
39
84
39
85
39
86
38
87
38
88
38
89
46
67
45
66
44
65
43
64
42
63
43
62
43
61
43
60
43
59
43
58
43
57
43
56
43
55
43
54
43
53
43
52
