77
61
77
61
78
60
79
59
79
58
79
57
79
56
79
55
80
54
80
53
80
52
80
51
80
50
78
60
78
61
79
62
80
63
81
64
81
65
81
66
81
67
82
68
82
69
82
70
82
71
82
72
82
73
82
74
83
75
83
76
83
77
84
78
84
79
85
80
85
81
86
82
87
83
88
84
89
85
90
86
91
87
92
88
93
88
94
89
95
89
96
89
97
90
98
90
99
91
100
91
77
61
76
61
75
62
74
62
73
63
72
63
71
63
70
64
69
65
68
66
68
67
67
68
66
69
65
70
64
71
63
72
62
73
61
74
61
75
60
76
59
77
59
78
58
79
57
80
56
81
55
82
54
83
53
84
52
85
51
86
50
87
49
88
48
89
47
89
46
90
45
90
44
90
43
91
42
91
41
91
40
91
39
91
38
91
37
91
36
92
35
92
34
92
33
91
32
91
31
90
