66
74
66
74
67
73
68
72
68
71
68
70
68
69
68
68
69
67
69
66
69
65
69
64
69
63
69
62
69
61
70
60
70
59
70
58
70
57
70
56
67
73
67
74
68
75
69
76
70
77
70
78
71
79
71
80
71
81
72
82
72
83
73
84
73
85
73
86
74
87
74
88
74
89
74
90
75
91
76
92
76
93
76
94
77
95
78
96
79
97
80
98
81
99
82
100
83
101
66
74
65
74
64
75
63
75
62
76
61
76
60
77
59
77
58
78
57
79
56
80
56
81
55
82
54
83
53
84
53
85
52
86
51
87
50
88
49
89
48
90
47
91
46
92
45
93
44
93
43
94
42
95
41
96
40
96
39
96
38
96
37
96
36
97
35
97
34
97
33
97
32
97
31
97
30
96
