63
66
63
66
64
65
65
64
65
63
65
62
65
61
65
60
66
59
66
58
66
57
66
56
66
55
67
54
67
53
67
52
67
51
67
50
67
49
64
65
64
66
65
67
66
68
67
69
67
70
68
71
68
72
68
73
68
74
69
75
69
76
69
77
70
78
71
79
71
80
71
81
72
82
73
83
73
84
74
85
75
86
76
87
77
87
78
87
79
87
80
88
81
88
82
88
83
88
84
88
85
88
86
88
87
88
88
88
89
87
63
66
62
66
61
67
60
67
59
68
58
68
57
69
56
70
55
71
54
72
53
73
52
74
51
75
50
76
49
77
48
78
47
79
46
80
45
81
44
82
43
83
42
83
41
84
40
84
39
85
38
86
37
86
36
86
35
86
34
87
33
87
32
87
31
87
30
87
29
87
28
87
27
87
26
87
