70
56
70
56
71
55
72
54
72
53
72
52
72
51
72
50
72
49
73
48
73
47
73
46
73
45
73
44
73
43
73
42
71
55
71
56
72
57
73
58
74
59
74
60
74
61
74
62
75
63
75
64
75
65
75
66
75
67
75
68
75
69
76
70
76
71
76
72
77
73
77
74
78
75
78
76
78
77
79
78
80
79
80
80
80
81
81
82
82
83
70
56
69
57
68
57
67
57
66
58
65
59
64
59
63
60
62
61
61
62
61
63
60
64
59
65
58
66
57
67
57
68
56
69
55
70
54
71
53
72
52
73
51
74
50
75
49
76
48
77
47
78
46
79
45
80
44
81
43
81
42
82
41
82
40
82
39
83
38
83
37
83
36
84
35
84
34
84
33
84
32
84
31
84
30
85
29
85
28
85
27
85
26
85
25
85
24
85
23
84
