75
71
75
71
76
70
76
69
76
68
76
67
77
66
77
65
77
64
77
63
78
62
78
61
78
60
78
59
78
58
78
57
79
56
79
55
79
54
79
53
79
52
75
71
76
72
77
73
78
74
78
75
79
76
79
77
79
78
79
79
79
80
80
81
80
82
81
83
81
84
82
85
82
86
82
87
82
88
83
89
84
90
85
90
86
91
87
92
88
93
89
94
90
95
75
71
74
71
73
72
72
72
71
73
70
73
69
74
68
74
67
75
66
76
65
77
64
78
64
79
63
80
62
81
61
82
60
83
59
84
58
85
57
86
56
87
55
88
54
88
53
89
52
89
51
90
50
90
49
90
48
91
47
91
46
92
45
92
44
92
43
93
42
93
41
93
40
93
39
94
38
94
37
94
36
94
35
94
