82
75
82
75
83
74
83
73
84
72
84
71
84
70
84
69
85
68
85
67
85
66
85
65
85
64
86
63
86
62
87
61
87
60
87
59
83
74
83
75
84
76
85
77
86
78
86
79
87
80
87
81
87
82
87
83
88
84
88
85
88
86
88
87
89
88
89
89
89
90
90
91
91
92
92
93
93
94
94
95
95
96
95
97
96
98
97
99
98
100
98
101
82
75
81
75
80
75
79
76
78
76
77
77
76
77
75
78
74
78
73
79
73
80
72
81
71
82
70
83
69
84
68
85
67
86
66
87
65
88
64
89
63
89
62
90
61
91
60
92
59
92
58
93
57
93
56
94
55
94
54
95
53
95
52
96
51
96
50
97
49
97
48
97
47
98
46
98
45
98
44
98
43
98
42
98
41
98
40
98
39
97
