71
62
71
62
72
61
72
60
72
59
73
58
73
57
73
56
73
55
73
54
74
53
74
52
74
51
74
50
74
49
74
48
74
47
74
46
72
61
72
62
73
63
74
64
75
65
75
66
75
67
75
68
76
69
76
70
76
71
76
72
77
73
77
74
77
75
77
76
78
77
79
78
79
79
80
80
80
81
80
82
81
83
82
84
82
85
83
86
84
87
85
88
86
89
87
90
88
90
71
62
70
62
69
62
68
63
67
63
66
64
65
64
64
65
63
66
63
67
62
68
61
69
60
70
59
71
58
72
58
73
57
74
56
75
55
76
55
77
54
78
53
79
53
80
52
81
51
82
50
83
49
84
48
85
47
86
46
87
45
88
44
89
43
89
42
90
41
90
40
91
39
91
38
91
37
91
36
91
35
91
34
91
33
92
32
92
31
92
30
92
29
92
28
92
27
92
26
91
