74
76
74
76
75
75
76
74
76
73
76
72
76
71
77
70
77
69
77
68
77
67
78
66
78
65
79
64
79
63
79
62
79
61
79
60
80
59
80
58
80
57
80
56
81
55
81
54
81
53
74
76
75
77
76
78
77
79
77
80
77
81
78
82
78
83
78
84
78
85
78
86
78
87
78
88
79
89
79
90
80
91
80
92
81
93
81
94
82
95
82
96
82
97
83
98
84
99
84
100
85
101
86
102
87
103
88
104
89
105
90
106
91
107
74
76
73
77
72
77
71
77
70
78
69
78
68
79
67
79
66
80
65
80
64
81
63
82
62
83
61
84
60
85
59
86
58
87
57
88
56
89
55
90
54
90
53
91
52
92
51
92
50
93
49
94
48
94
47
95
46
95
45
95
44
95
43
96
42
96
41
96
40
96
39
96
38
96
37
96
