60
82
60
82
61
81
62
80
62
79
62
78
62
77
63
76
63
75
63
74
63
73
64
72
64
71
65
70
65
69
65
68
65
67
66
66
66
65
67
64
67
63
67
62
68
61
68
60
68
59
61
81
61
82
62
83
63
84
64
85
64
86
64
87
64
88
64
89
65
90
65
91
66
92
66
93
67
94
68
94
69
94
70
95
71
95
72
95
73
94
74
94
75
94
76
93
77
93
78
92
79
91
80
90
81
89
82
88
83
87
84
86
85
85
86
84
87
83
88
82
89
82
90
82
91
82
92
81
93
81
94
81
95
80
96
80
97
79
98
78
99
77
99
76
99
75
99
74
99
73
100
72
100
71
100
70
100
69
100
68
100
67
100
66
101
65
101
64
97
79
98
80
99
81
100
82
100
83
100
84
100
85
100
86
101
87
101
88
101
89
101
90
101
91
101
92
102
93
102
94
103
95
103
96
104
97
105
98
106
99
107
100
60
82
59
82
58
83
57
83
56
83
55
84
54
84
53
85
52
85
51
86
50
87
50
88
49
89
48
90
47
91
46
92
45
93
44
94
43
95
42
96
41
97
40
98
39
98
38
99
37
100
36
101
35
101
34
101
33
102
32
102
31
102
30
102
29
102
28
102
27
102
26
102
25
102
