59
80
59
80
60
79
60
78
60
77
61
76
61
75
61
74
61
73
62
72
62
71
62
70
62
69
62
68
63
67
63
66
63
65
63
64
63
63
63
62
64
61
64
60
64
59
65
58
65
57
65
56
60
79
60
80
61
81
62
82
63
83
64
84
65
85
66
86
67
86
68
86
69
86
70
87
71
87
72
86
73
86
74
86
75
85
76
85
77
84
78
83
79
82
80
81
81
80
82
79
83
79
84
78
85
78
86
77
87
77
88
77
89
76
90
75
91
74
91
73
91
72
91
71
91
70
92
69
92
68
92
67
92
66
93
65
93
64
93
63
93
62
93
61
93
60
93
59
94
58
90
75
90
76
91
77
92
78
93
79
93
80
93
81
93
82
94
83
94
84
94
85
94
86
94
87
94
88
94
89
95
90
95
91
96
92
96
93
96
94
96
95
97
96
97
97
98
98
98
99
98
100
99
101
100
102
101
103
102
104
103
105
104
105
105
105
106
106
107
106
108
105
109
105
59
80
58
81
57
81
56
81
55
82
54
82
53
83
52
83
51
84
50
85
50
86
49
87
49
88
48
89
48
90
47
91
46
92
46
93
45
94
44
95
43
96
42
97
41
98
40
99
39
100
38
101
37
102
36
103
35
104
34
105
33
105
32
106
31
106
30
107
29
107
28
107
27
107
26
107
25
107
24
108
23
108
