55
80
55
80
56
79
56
78
57
77
57
76
57
75
57
74
57
73
57
72
58
71
58
70
58
69
58
68
58
67
59
66
59
65
59
64
59
63
60
62
60
61
55
80
56
81
57
82
58
83
59
84
59
85
60
86
61
86
62
86
63
87
64
87
65
87
66
86
67
86
68
86
69
86
70
86
71
86
72
85
73
85
74
84
75
83
76
82
77
82
78
81
79
81
80
80
81
80
82
80
83
79
84
79
85
78
86
77
86
76
86
75
86
74
86
73
87
72
87
71
87
70
87
69
87
68
87
67
88
66
88
65
85
78
85
79
86
80
87
81
88
82
88
83
88
84
89
85
89
86
90
87
90
88
90
89
90
90
91
91
92
92
92
93
93
94
94
95
95
95
96
96
97
97
98
97
99
98
55
80
54
81
53
81
52
82
51
82
50
83
49
83
48
84
47
84
46
85
45
86
44
87
43
88
42
89
41
90
40
91
39
92
38
93
37
93
36
94
35
94
34
94
33
95
32
95
31
95
30
95
29
95
