54
79
54
79
55
78
55
77
55
76
55
75
55
74
55
73
56
72
56
71
56
70
56
69
56
68
57
67
57
66
57
65
57
64
57
63
57
62
58
61
58
60
58
59
58
58
59
57
59
56
59
55
60
54
54
79
55
80
56
81
57
82
58
83
59
84
60
85
61
85
62
86
63
86
64
86
65
86
66
86
67
86
68
85
69
85
70
85
71
84
72
84
73
84
74
83
75
82
76
82
77
81
78
80
79
80
80
80
81
79
82
79
83
78
84
78
85
77
86
77
87
77
88
76
88
75
88
74
88
73
88
72
89
71
89
70
89
69
89
68
89
67
90
66
90
65
90
64
90
63
90
62
91
61
87
77
88
78
89
79
89
80
90
81
90
82
90
83
90
84
91
85
91
86
91
87
91
88
91
89
91
90
92
91
92
92
92
93
92
94
93
95
94
96
94
97
95
98
54
79
53
80
52
80
51
81
50
81
49
82
48
82
47
83
46
84
45
85
44
86
44
87
43
88
42
89
42
90
41
91
40
92
39
93
38
94
37
95
36
96
35
97
34
98
33
99
32
100
31
101
30
102
29
102
28
103
27
103
26
103
25
103
24
103
23
104
22
103
21
103
