48
88
48
88
49
87
49
86
49
85
49
84
50
83
50
82
50
81
50
80
50
79
50
78
51
77
51
76
51
75
51
74
51
73
52
72
52
71
52
70
53
69
53
68
53
67
53
66
54
65
48
88
49
89
50
90
51
91
51
92
52
93
53
94
54
94
55
94
56
94
57
95
58
95
59
95
60
95
61
94
62
94
63
94
64
94
65
93
66
92
67
91
68
90
69
89
70
88
71
87
72
86
73
85
74
85
75
85
76
84
77
84
78
84
79
83
80
83
81
82
82
81
82
80
82
79
83
78
83
77
83
76
83
75
83
74
83
73
83
72
83
71
83
70
83
69
83
68
84
67
81
82
82
83
83
84
84
85
85
86
85
87
86
88
86
89
87
90
87
91
88
92
89
93
89
94
90
95
91
96
91
97
92
98
93
99
94
99
95
100
96
101
97
102
48
88
47
88
46
88
45
89
44
89
43
90
42
90
41
91
40
91
39
92
38
93
37
94
36
95
35
96
35
97
34
98
33
99
32
100
31
101
30
102
29
103
28
104
27
105
26
105
25
106
24
107
23
108
22
108
21
109
20
109
19
109
18
109
17
109
16
109
