40
82
40
82
41
81
41
80
41
79
42
78
42
77
42
76
42
75
43
74
43
73
43
72
43
71
43
70
43
69
43
68
43
67
44
66
44
65
44
64
44
63
44
62
44
61
40
82
41
83
42
84
43
85
44
86
45
87
46
88
47
89
48
89
49
89
50
88
51
88
52
88
53
88
54
87
55
87
56
87
57
87
58
86
59
85
60
84
61
84
62
83
63
82
64
81
65
80
66
80
67
79
68
79
69
78
70
78
71
77
72
77
73
76
73
75
73
74
73
73
73
72
74
71
74
70
74
69
74
68
74
67
74
66
75
65
75
64
72
77
73
78
74
79
75
80
75
81
76
82
76
83
76
84
77
85
77
86
77
87
77
88
77
89
78
90
79
91
79
92
80
93
81
94
81
95
82
96
40
82
39
83
38
83
37
84
36
84
35
84
34
85
33
85
32
86
31
87
30
88
29
89
28
90
27
91
27
92
26
93
25
94
24
95
23
96
22
97
21
98
20
98
19
98
18
99
17
99
