38
90
38
90
39
90
40
90
41
91
42
91
43
91
44
91
45
91
46
91
47
91
48
90
49
90
50
90
51
90
52
90
53
90
54
90
55
90
56
89
57
89
58
89
59
89
60
89
61
89
62
89
63
89
64
88
65
88
66
88
67
87
68
87
69
87
70
87
71
86
71
85
72
84
72
83
72
82
72
81
72
80
72
79
73
78
73
77
73
76
73
75
73
74
73
73
73
72
74
71
74
70
74
69
70
87
71
88
71
89
71
90
72
91
72
92
72
93
72
94
72
95
72
96
72
97
72
98
72
99
72
100
72
101
72
102
72
103
73
104
73
105
73
106
73
107
74
108
38
90
37
91
36
92
36
93
35
94
35
95
35
96
35
97
35
98
35
99
34
100
34
101
34
102
34
103
34
104
34
105
34
106
34
107
34
108
38
90
37
89
37
88
37
87
37
86
37
85
37
84
37
83
37
82
38
81
38
80
38
79
38
78
38
77
38
76
38
75
38
74
38
73
38
72
38
71
39
70
40
69
40
68
40
67
