38
91
38
91
38
90
38
89
38
88
38
87
38
86
38
85
39
84
39
83
39
82
39
81
39
80
39
79
39
78
39
77
39
76
39
75
40
74
40
73
40
72
40
71
41
70
41
69
41
68
41
67
38
90
39
91
40
91
41
91
42
91
43
91
44
91
45
91
46
91
47
91
48
91
49
91
50
91
51
91
52
91
53
91
54
91
55
90
56
90
57
90
58
89
59
89
60
88
61
87
62
87
63
87
64
86
65
86
66
86
67
85
68
85
69
85
70
84
71
84
72
83
73
82
74
81
74
80
74
79
74
78
75
77
75
76
75
75
75
74
76
73
76
72
76
71
77
70
72
83
73
84
74
85
75
86
75
87
76
88
76
89
76
90
76
91
76
92
76
93
76
94
76
95
76
96
76
97
77
98
77
99
77
100
78
101
78
102
38
91
37
92
37
93
37
94
36
95
36
96
36
97
35
98
35
99
35
100
35
101
35
102
35
103
35
104
35
105
35
106
35
107
35
108
