45
89
45
89
45
88
45
87
45
86
45
85
45
84
45
83
45
82
45
81
45
80
45
79
45
78
45
77
45
76
46
75
46
74
46
73
46
72
47
71
47
70
47
69
45
89
46
90
47
90
48
90
49
90
50
90
51
90
52
90
53
90
54
89
55
89
56
89
57
89
58
89
59
89
60
89
61
89
62
88
63
88
64
88
65
88
66
87
67
87
68
87
69
86
70
86
71
86
72
86
73
86
74
85
75
85
76
85
77
84
78
84
79
83
80
83
81
82
81
81
81
80
81
79
82
78
82
77
82
76
82
75
82
74
82
73
83
72
83
71
83
70
83
69
83
68
80
83
81
84
82
85
82
86
83
87
83
88
83
89
83
90
83
91
83
92
83
93
83
94
83
95
83
96
83
97
83
98
83
99
83
100
83
101
83
102
83
103
83
104
83
105
83
106
83
107
84
108
45
89
44
90
43
91
43
92
43
93
43
94
43
95
42
96
42
97
42
98
42
99
42
100
42
101
42
102
42
103
42
104
42
105
42
106
