38
94
38
94
38
93
38
92
38
91
38
90
38
89
39
88
39
87
39
86
39
85
39
84
39
83
39
82
39
81
39
80
39
79
39
78
39
77
39
76
40
75
40
74
40
73
38
93
39
94
40
94
41
95
42
95
43
95
44
95
45
95
46
95
47
95
48
95
49
95
50
95
51
95
52
95
53
95
54
95
55
94
56
94
57
94
58
94
59
93
60
93
61
93
62
93
63
92
64
91
65
90
66
90
67
90
68
89
69
89
70
89
71
88
72
88
73
87
74
87
75
86
76
85
77
84
77
83
77
82
77
81
78
80
78
79
78
78
78
77
78
76
79
75
79
74
79
73
79
72
75
86
76
87
77
88
77
89
77
90
77
91
77
92
77
93
77
94
77
95
77
96
77
97
77
98
77
99
77
100
78
101
78
102
78
103
78
104
78
105
38
94
37
95
37
96
37
97
37
98
36
99
36
100
36
101
36
102
36
103
36
104
36
105
36
106
36
107
