90
74
90
74
90
75
90
76
90
77
90
78
89
79
89
80
89
81
89
82
89
83
88
84
88
85
88
86
87
87
86
88
86
89
85
90
84
91
84
92
84
93
83
94
82
95
81
96
80
97
80
98
79
99
78
100
77
101
76
102
75
103
74
104
73
105
72
106
71
106
70
107
69
107
68
108
67
108
66
108
65
109
64
109
63
109
62
109
61
109
60
109
59
109
58
109
57
108
56
108
55
107
54
107
53
106
52
106
51
105
50
105
49
104
48
103
48
102
48
101
47
100
46
99
46
98
46
97
46
96
45
95
45
94
45
93
45
92
45
91
44
90
44
89
45
88
45
87
45
86
45
85
45
84
45
83
45
82
46
81
46
80
46
79
46
78
47
77
47
76
48
75
48
74
49
73
49
72
49
71
50
70
51
69
51
68
52
67
53
66
54
65
55
64
56
63
57
62
58
62
59
61
60
61
61
61
62
60
63
60
64
60
65
60
66
60
67
60
68
60
69
60
70
60
71
61
72
61
73
61
74
61
75
61
76
62
77
62
78
63
79
63
80
63
81
64
82
64
83
64
84
64
85
65
86
66
87
67
88
68
88
69
88
70
89
71
89
72
