90
74
90
74
90
75
90
76
90
77
90
78
90
79
90
80
90
81
90
82
90
83
90
84
90
85
90
86
90
87
89
88
88
89
88
90
88
91
87
92
86
93
86
94
85
95
85
96
84
97
84
98
83
99
82
100
81
101
80
102
80
103
79
104
78
105
77
105
76
106
75
106
74
107
73
107
72
108
71
108
70
108
69
108
68
109
67
109
66
109
65
109
64
109
63
109
62
109
61
109
60
109
59
109
58
109
57
108
56
108
55
107
54
107
53
106
52
105
52
104
51
103
50
102
50
101
49
100
49
99
49
98
48
97
48
96
48
95
47
94
47
93
47
92
47
91
47
90
47
89
47
88
47
87
47
86
47
85
47
84
48
83
48
82
48
81
49
80
49
79
49
78
49
77
50
76
51
75
51
74
51
73
52
72
53
71
53
70
54
69
55
68
56
67
57
66
58
65
59
64
60
63
61
62
62
61
63
61
64
60
65
60
66
60
67
60
68
60
69
60
70
59
71
59
72
59
73
59
74
59
75
59
76
59
77
60
78
60
79
60
80
61
81
61
82
61
83
62
84
63
85
64
86
65
86
66
86
67
87
68
88
69
88
70
89
71
89
72
