92
80
92
80
92
81
92
82
91
83
91
84
91
85
91
86
91
87
91
88
91
89
91
90
91
91
90
92
90
93
90
94
89
95
89
96
88
97
88
98
87
99
86
100
86
101
85
102
84
103
84
104
83
105
82
106
81
107
80
108
79
109
78
110
77
111
76
112
75
113
74
113
73
114
72
115
71
115
70
115
69
115
68
115
67
115
66
115
65
115
64
115
63
115
62
115
61
114
60
114
59
114
58
114
57
113
56
112
55
111
54
110
53
109
52
109
51
108
50
107
50
106
49
105
48
104
48
103
48
102
47
101
47
100
46
99
46
98
46
97
46
96
45
95
45
94
45
93
45
92
45
91
45
90
45
89
45
88
45
87
46
86
46
85
46
84
46
83
47
82
47
81
48
80
49
79
49
78
49
77
49
76
50
75
51
74
52
73
53
72
54
71
55
70
56
69
57
68
58
68
59
67
60
66
61
66
62
65
63
65
64
64
65
64
66
64
67
64
68
64
69
64
70
64
71
64
72
63
73
64
74
64
75
64
76
64
77
64
78
65
79
65
80
65
81
66
82
66
83
66
84
67
85
67
86
67
87
68
88
69
89
70
90
71
90
72
91
73
91
74
91
75
91
76
91
77
91
78
