90
72
90
72
90
73
90
74
90
75
90
76
90
77
90
78
90
79
90
80
90
81
90
82
89
83
89
84
89
85
88
86
88
87
88
88
87
89
87
90
87
91
86
92
85
93
85
94
84
95
83
96
82
97
81
98
80
99
79
99
78
100
77
101
76
101
75
101
74
102
73
102
72
102
71
102
70
102
69
102
68
103
67
102
66
102
65
102
64
102
63
102
62
102
61
101
60
100
59
99
58
98
57
97
56
96
56
95
56
94
55
93
55
92
55
91
55
90
55
89
55
88
54
87
54
86
54
85
55
84
55
83
55
82
55
81
55
80
55
79
55
78
55
77
56
76
56
75
56
74
57
73
58
72
58
71
58
70
58
69
59
68
60
67
60
66
61
65
62
64
62
63
63
62
64
61
65
61
66
60
67
59
68
59
69
59
70
59
71
59
72
58
73
58
74
58
75
58
76
57
77
57
78
57
79
57
80
58
81
58
82
58
83
59
84
59
85
60
86
61
86
62
87
63
87
64
88
65
88
66
88
67
88
68
88
69
89
70
