90
68
90
68
90
69
90
70
90
71
90
72
90
73
90
74
90
75
90
76
90
77
90
78
90
79
90
80
89
81
89
82
89
83
89
84
88
85
88
86
87
87
87
88
86
89
86
90
85
91
85
92
84
93
83
94
83
95
82
96
81
97
80
98
79
99
78
100
77
101
76
102
75
103
74
104
73
105
72
106
71
106
70
107
69
107
68
107
67
107
66
107
65
107
64
107
63
107
62
108
61
108
60
108
59
107
58
106
57
105
57
104
56
103
56
102
56
101
55
100
55
99
54
98
54
97
54
96
54
95
54
94
54
93
54
92
53
91
53
90
53
89
53
88
53
87
53
86
54
85
54
84
54
83
54
82
54
81
55
80
55
79
55
78
56
77
56
76
56
75
57
74
58
73
58
72
59
71
60
70
60
69
61
68
62
67
62
66
63
65
64
64
65
63
66
62
67
61
68
60
69
59
70
59
71
58
72
58
73
58
74
57
75
57
76
57
77
57
78
57
79
57
80
57
81
58
82
58
83
58
84
58
85
59
86
60
87
61
87
62
88
63
89
64
89
65
89
66
