98
87
98
87
97
87
96
88
95
88
94
87
93
87
92
87
91
87
90
88
89
88
88
88
87
87
86
87
85
87
84
86
83
85
82
84
82
83
82
82
82
81
82
80
82
79
82
78
82
77
82
76
82
75
82
74
82
73
82
72
82
71
83
70
83
69
83
68
83
67
83
66
83
65
83
64
83
63
83
62
83
61
82
60
82
59
82
58
82
57
81
56
80
55
79
54
78
54
77
54
76
53
75
53
74
53
73
53
72
53
71
53
70
53
69
53
68
53
67
53
66
53
65
53
64
54
63
55
63
56
62
57
62
58
61
59
60
60
60
61
59
62
59
63
58
64
58
65
58
66
58
67
57
68
57
69
56
70
55
71
55
72
55
73
54
74
54
75
53
76
53
77
52
78
52
79
52
80
51
81
51
82
