88
90
88
90
87
89
86
90
85
90
84
90
83
90
82
90
81
90
80
90
79
91
78
91
77
90
76
89
76
88
75
87
75
86
75
85
75
84
75
83
75
82
75
81
75
80
76
79
76
78
76
77
76
76
76
75
76
74
76
73
76
72
77
71
77
70
77
69
77
68
77
67
77
66
77
65
77
64
77
63
77
62
77
61
76
60
76
59
75
58
74
58
73
57
72
57
71
57
70
57
69
57
68
57
67
57
66
57
65
57
64
57
63
57
62
57
61
57
60
58
59
58
58
58
57
59
56
59
55
60
54
61
53
62
53
63
52
64
52
65
51
66
50
67
50
68
50
69
49
70
48
71
48
72
48
73
47
74
47
75
46
76
46
77
45
78
44
79
44
80
44
81
43
82
42
83
42
84
