67
74
67
74
68
73
68
72
69
71
69
70
69
69
69
68
69
67
70
66
70
65
70
64
71
63
71
62
72
61
72
60
72
59
73
58
74
57
75
56
75
55
75
54
75
53
76
52
77
51
78
51
79
51
80
51
81
51
82
51
83
51
84
51
85
51
86
52
87
52
88
52
89
52
90
52
91
53
92
53
93
54
94
55
94
56
94
57
94
58
95
59
95
60
95
61
96
62
96
63
96
64
96
65
96
66
96
67
96
68
96
69
96
70
96
71
96
72
96
73
96
74
95
75
94
76
93
77
92
78
91
79
90
79
89
79
88
79
87
79
86
79
85
79
84
79
83
79
82
79
81
79
80
78
79
78
78
78
77
78
76
78
75
77
74
77
73
77
72
77
71
77
70
76
69
75
67
74
66
75
65
76
65
77
64
78
64
79
64
80
64
81
63
82
63
83
62
84
62
85
62
86
62
87
62
88
61
89
61
90
60
91
60
92
60
93
60
94
60
95
59
96
59
97
58
98
58
99
58
100
58
101
58
102
58
103
57
104
57
105
56
106
56
107
56
108
56
109
