60
72
60
72
60
71
60
70
61
69
61
68
61
67
61
66
62
65
62
64
62
63
62
62
62
61
63
60
63
59
64
58
65
57
65
56
66
55
67
54
67
53
68
52
69
51
70
50
71
50
72
49
73
48
74
47
75
47
76
46
77
45
78
45
79
45
80
45
81
45
82
45
83
46
84
46
85
46
86
46
87
47
88
47
89
47
90
48
91
49
92
50
92
51
93
52
94
53
94
54
94
55
94
56
94
57
94
58
94
59
95
60
95
61
95
62
95
63
95
64
94
65
94
66
93
67
93
68
92
69
91
70
90
71
89
72
88
72
87
72
86
72
85
73
84
74
83
74
82
74
81
74
80
74
79
74
78
74
77
74
76
75
75
75
74
74
73
74
72
74
71
74
70
74
69
74
68
74
67
74
66
74
65
74
64
74
63
74
62
73
60
72
59
73
58
73
57
74
57
75
56
76
56
77
55
78
55
79
54
80
54
81
54
82
53
83
53
84
53
85
52
86
52
87
52
88
51
89
51
90
51
91
50
92
50
93
50
94
49
95
49
96
49
97
49
98
48
99
48
100
