57
72
57
72
57
71
57
70
58
69
58
68
58
67
58
66
58
65
58
64
59
63
59
62
59
61
59
60
59
59
60
58
61
57
61
56
62
55
62
54
62
53
62
52
63
51
64
50
65
49
66
48
67
47
68
47
69
47
70
46
71
46
72
46
73
45
74
45
75
46
76
46
77
46
78
47
79
47
80
47
81
48
82
48
83
49
84
50
84
51
84
52
84
53
84
54
84
55
84
56
85
57
85
58
85
59
85
60
85
61
85
62
84
63
84
64
84
65
84
66
83
67
82
68
81
69
80
70
79
71
78
72
77
72
76
73
75
73
74
74
73
74
72
74
71
74
70
74
69
74
68
74
67
74
66
74
65
74
64
74
63
74
62
74
61
74
60
74
59
73
57
72
56
73
55
73
54
74
54
75
53
76
53
77
53
78
52
79
52
80
51
81
51
82
51
83
50
84
50
85
50
86
49
87
48
88
48
89
48
90
48
91
47
92
47
93
47
94
46
95
46
96
45
97
45
98
45
99
44
100
44
101
44
102
43
103
43
104
43
105
43
106
