86
98
86
98
85
99
84
99
83
99
82
99
81
99
80
99
79
99
78
99
77
100
76
100
75
100
74
100
73
100
72
100
71
100
70
100
69
100
68
100
67
100
66
100
65
100
64
100
63
100
62
100
61
99
60
99
59
98
58
98
57
97
56
96
55
96
54
95
54
94
54
93
53
92
53
91
53
90
53
89
53
88
52
87
52
86
52
85
52
84
52
83
52
82
52
81
53
80
53
79
53
78
53
77
53
76
53
75
53
74
54
73
54
72
54
71
55
70
55
69
55
68
55
67
56
66
57
65
57
64
57
63
58
62
59
61
59
60
60
59
61
58
61
57
62
56
63
55
63
54
64
53
65
52
65
51
66
50
67
49
68
48
69
47
70
46
71
46
72
46
73
46
74
45
75
45
76
45
77
45
78
45
