97
96
97
96
96
97
95
97
94
98
93
99
92
99
91
100
90
100
89
101
88
101
87
101
86
102
85
102
84
102
83
102
82
102
81
102
80
102
79
102
78
102
77
102
76
101
75
101
74
100
73
100
72
99
71
98
70
97
69
97
68
96
67
95
66
94
66
93
65
92
65
91
65
90
65
89
64
88
64
87
64
86
64
85
64
84
64
83
64
82
64
81
63
80
64
79
64
78
64
77
64
76
64
75
64
74
64
73
65
72
65
71
65
70
66
69
66
68
66
67
67
66
67
65
68
64
68
63
69
62
70
61
70
60
71
59
72
58
73
57
74
56
75
55
76
54
77
54
78
53
79
52
80
51
81
51
82
50
83
50
84
49
85
49
86
49
87
49
88
48
89
48
90
48
91
48
