83
102
83
102
82
102
81
102
80
103
79
103
78
103
77
103
76
103
75
103
74
103
73
103
72
103
71
103
70
103
69
103
68
103
67
103
66
102
65
102
64
102
63
101
62
101
61
101
60
100
59
99
58
98
57
98
56
97
55
96
55
95
55
94
54
93
54
92
53
91
53
90
53
89
53
88
53
87
53
86
53
85
53
84
53
83
53
82
53
81
53
80
53
79
54
78
54
77
54
76
54
75
54
74
55
73
55
72
55
71
56
70
56
69
56
68
57
67
57
66
58
65
58
64
58
63
59
62
60
61
60
60
61
59
62
58
63
57
64
56
65
55
66
55
67
54
68
53
69
53
70
52
71
52
72
52
73
52
74
52
75
51
76
51
77
51
78
51
