68
67
68
67
69
66
70
66
71
65
72
65
73
65
74
64
75
64
76
64
77
63
78
63
79
62
80
61
81
60
82
60
83
60
84
60
85
61
86
61
87
61
88
61
89
61
90
62
91
63
92
64
92
65
93
66
93
67
94
68
94
69
94
70
94
71
95
72
95
73
95
74
95
75
95
76
95
77
95
78
95
79
95
80
95
81
95
82
96
83
96
84
96
85
96
86
96
87
97
88
68
67
67
68
66
69
66
70
66
71
66
72
66
73
65
74
65
75
65
76
65
77
65
78
65
79
65
80
65
81
64
82
64
83
68
67
67
66
66
65
65
64
64
63
64
62
63
61
62
60
61
60
60
59
59
59
58
59
57
58
56
58
55
59
54
59
53
59
52
59
51
59
50
59
49
60
48
60
47
60
46
61
45
61
44
61
43
62
42
63
41
64
41
65
41
66
40
67
40
68
40
69
39
70
39
71
39
72
38
73
38
74
38
75
37
76
37
77
37
78
37
79
37
80
36
81
36
82
36
83
36
84
36
85
36
86
36
87
35
88
