66
78
66
78
67
78
68
77
69
77
70
77
71
76
72
76
73
76
74
75
75
75
76
74
77
74
78
73
79
73
80
73
81
73
82
73
83
73
84
72
85
73
86
73
87
73
88
74
89
74
90
74
91
75
92
76
93
77
93
78
94
79
94
80
95
81
95
82
95
83
96
84
96
85
96
86
96
87
96
88
96
89
96
90
96
91
96
92
96
93
96
94
96
95
97
96
97
97
97
98
97
99
97
100
97
101
66
78
65
79
65
80
65
81
65
82
64
83
64
84
64
85
64
86
63
87
63
88
63
89
62
90
62
91
62
92
62
93
62
94
61
95
66
78
65
77
64
76
63
75
62
74
62
73
62
72
61
71
60
70
59
70
58
69
57
69
56
69
55
68
54
68
53
68
52
68
51
69
50
69
49
69
48
69
47
70
46
70
45
70
44
70
43
71
42
71
41
71
40
71
39
72
38
72
37
73
37
74
37
75
36
76
35
77
35
78
35
79
34
80
34
81
34
82
33
83
33
84
32
85
32
86
32
87
31
88
31
89
30
90
30
91
30
92
30
93
29
94
28
95
28
96
28
97
