65
62
65
62
66
62
67
61
68
61
69
60
70
60
71
60
72
59
73
59
74
59
75
58
76
57
77
57
78
57
79
56
80
56
81
55
82
55
83
55
84
55
85
55
86
55
87
55
88
55
89
56
90
56
91
57
92
58
93
59
93
60
94
61
94
62
94
63
94
64
95
65
95
66
95
67
95
68
95
69
96
70
96
71
96
72
96
73
96
74
96
75
96
76
96
77
96
78
96
79
96
80
96
81
96
82
65
62
64
63
64
64
64
65
64
66
64
67
63
68
63
69
63
70
63
71
63
72
63
73
63
74
63
75
63
76
62
77
62
78
62
79
65
62
64
61
63
60
62
59
61
58
61
57
60
56
59
55
58
55
57
55
56
54
55
54
54
54
53
53
52
53
51
53
50
54
49
54
48
54
47
54
46
54
45
55
44
55
43
55
42
55
41
56
40
56
39
57
38
58
38
59
37
60
37
61
36
62
35
63
35
64
35
65
34
66
34
67
33
68
33
69
33
70
33
71
33
72
33
73
32
74
32
75
31
76
31
77
31
78
31
79
30
80
30
81
