69
78
69
78
70
77
71
77
72
77
73
76
74
76
75
76
76
75
77
75
78
74
79
74
80
73
81
72
82
71
83
70
84
70
85
70
86
70
87
70
88
70
89
70
90
70
91
70
92
71
93
71
94
71
95
72
96
73
97
74
97
75
97
76
98
77
98
78
98
79
98
80
98
81
98
82
98
83
98
84
99
85
99
86
99
87
99
88
99
89
99
90
99
91
99
92
99
93
99
94
99
95
99
96
99
97
99
98
99
99
99
100
69
78
68
79
68
80
68
81
67
82
67
83
67
84
67
85
66
86
66
87
65
88
65
89
65
90
65
91
65
92
65
93
65
94
69
78
68
77
67
76
66
75
65
74
65
73
64
72
64
71
63
70
63
69
62
68
61
68
60
68
59
67
58
67
57
66
56
66
55
66
54
66
53
67
52
67
51
67
50
67
49
67
48
67
47
68
46
68
45
68
44
69
43
69
42
70
41
71
41
72
40
73
39
74
39
75
38
76
38
77
38
78
38
79
37
80
37
81
37
82
36
83
35
84
35
85
35
86
35
87
34
88
34
89
33
90
33
91
33
92
33
93
32
94
