60
72
60
72
61
72
62
71
63
71
64
70
65
70
66
70
67
69
68
69
69
69
70
68
71
68
72
68
73
68
74
68
75
68
76
69
77
69
78
69
79
70
80
70
81
71
82
72
83
73
84
74
84
75
85
76
85
77
85
78
85
79
85
80
85
81
86
82
86
83
86
84
86
85
86
86
86
87
86
88
86
89
87
90
87
91
87
92
87
93
87
94
87
95
87
96
87
97
87
98
60
72
59
73
59
74
59
75
59
76
59
77
58
78
58
79
58
80
58
81
58
82
57
83
57
84
56
85
56
86
56
87
56
88
56
89
56
90
60
72
59
71
58
70
57
69
56
68
55
67
54
66
53
65
52
65
51
64
50
64
49
64
48
63
47
63
46
63
45
63
44
63
43
63
42
63
41
63
40
64
39
64
38
64
37
65
36
66
36
67
35
68
35
69
34
70
34
71
33
72
33
73
33
74
32
75
31
76
31
77
31
78
31
79
31
80
30
81
30
82
30
83
29
84
29
85
28
86
28
87
28
88
27
89
27
90
26
91
26
92
26
93
