49
69
49
69
49
68
50
68
51
68
52
68
53
67
54
67
55
67
56
67
57
66
58
66
59
66
60
65
61
65
62
64
63
64
64
63
65
64
66
64
67
64
68
64
69
64
70
65
71
65
72
66
73
67
74
68
74
69
75
70
75
71
75
72
76
73
76
74
77
75
77
76
77
77
77
78
77
79
77
80
77
81
77
82
77
83
77
84
77
85
77
86
77
87
49
68
48
67
47
66
46
65
46
64
45
63
44
62
43
62
42
61
41
61
40
61
39
60
38
60
37
60
36
60
35
60
34
60
33
60
32
60
31
60
30
60
29
60
28
61
27
62
26
63
25
64
24
65
24
66
23
67
23
68
23
69
23
70
22
71
22
72
21
73
21
74
21
75
21
76
20
77
20
78
20
79
20
80
19
81
19
82
19
83
19
84
19
85
19
86
18
87
17
88
17
89
17
90
17
91
17
92
49
69
48
70
48
71
48
72
48
73
48
74
48
75
47
76
47
77
47
78
47
79
47
80
47
81
47
82
47
83
46
84
46
85
46
86
