68
92
68
92
69
91
69
90
69
89
69
88
69
87
69
86
69
85
69
84
69
83
70
82
71
81
72
80
72
79
73
78
73
77
73
76
73
75
73
74
73
73
73
72
74
71
74
70
74
69
74
68
74
67
74
66
74
65
74
64
75
63
75
62
75
61
76
60
76
59
76
58
77
57
77
56
77
55
69
83
68
82
67
81
66
80
65
79
64
78
63
78
62
78
61
78
60
79
59
79
58
79
57
79
56
79
55
79
54
79
53
79
52
79
51
79
50
78
49
77
48
76
47
75
46
74
45
73
45
72
44
71
44
70
44
69
44
68
43
67
43
66
43
65
43
64
43
63
43
62
43
61
43
60
43
59
43
58
43
57
43
56
44
55
44
54
44
53
44
52
44
51
68
92
69
93
70
94
70
95
71
96
71
97
71
98
71
99
71
100
70
101
70
102
70
103
70
104
70
105
70
106
70
107
70
108
69
109
69
110
68
111
68
112
68
113
68
114
68
115
68
116
68
117
68
118
68
119
68
120
67
121
67
122
67
123
67
124
66
125
66
126
66
127
65
128
65
129
64
130
63
131
62
131
61
131
60
131
59
131
58
131
57
131
56
131
55
130
54
130
53
130
52
130
51
130
50
129
49
128
48
127
47
126
46
125
45
124
44
123
44
122
43
121
43
120
42
119
42
118
42
117
42
116
42
115
41
114
42
113
42
112
42
111
43
110
44
109
44
108
45
107
46
106
47
105
48
104
49
103
50
102
51
101
52
100
53
99
54
98
55
97
56
96
57
95
58
95
59
94
60
94
61
94
62
94
63
93
64
93
65
93
66
93
