65
82
65
82
66
82
67
81
67
80
68
79
68
78
69
77
70
76
70
75
70
74
71
73
71
72
72
71
72
70
72
69
72
68
72
67
72
66
73
65
74
64
75
64
76
64
77
63
78
63
79
63
74
64
73
63
73
62
73
61
73
60
73
59
73
58
73
57
74
56
74
55
74
54
74
53
75
52
75
51
75
50
75
49
75
48
76
47
76
46
73
57
72
57
71
57
70
56
69
56
68
57
67
57
66
57
65
57
64
57
63
58
62
58
61
58
60
58
59
59
58
59
57
59
56
59
55
59
54
59
53
59
52
59
51
59
50
58
49
57
48
56
48
55
48
54
48
53
47
52
47
51
47
50
47
49
47
48
47
47
47
46
47
45
47
44
47
43
47
42
47
41
47
40
66
82
66
83
67
84
68
85
68
86
68
87
68
88
68
89
68
90
68
91
68
92
68
93
67
94
67
95
67
96
67
97
67
98
67
99
67
100
67
101
66
102
66
103
66
104
66
105
65
106
64
107
63
108
62
108
61
108
60
108
59
107
58
107
57
107
56
107
55
106
54
106
53
106
52
105
51
104
50
103
50
102
50
101
49
100
49
99
49
98
48
97
48
96
48
95
48
94
49
93
49
92
49
91
50
90
51
89
52
88
53
87
54
86
55
85
56
85
57
85
58
84
59
84
60
84
61
83
62
83
63
83
