70
99
70
99
71
98
72
97
73
96
74
95
74
94
75
93
76
92
76
91
76
90
76
89
76
88
76
87
76
86
76
85
77
84
77
83
77
82
77
81
77
80
77
79
77
78
77
77
77
76
77
75
77
74
77
73
77
72
77
71
77
70
76
69
77
68
77
67
78
66
78
65
78
64
78
63
78
62
79
61
79
60
79
59
80
58
80
57
80
56
81
55
81
54
81
53
81
52
82
51
83
50
83
49
76
69
75
69
74
69
73
69
72
70
71
70
70
70
69
70
68
70
67
71
66
71
65
71
64
72
63
72
62
72
61
72
60
72
59
72
58
73
57
73
56
73
55
72
54
72
53
71
52
70
51
69
51
68
51
67
51
66
51
65
51
64
50
63
50
62
50
61
50
60
50
59
51
58
51
57
51
56
51
55
51
54
51
53
51
52
51
51
51
50
51
49
51
48
52
47
52
46
53
45
70
99
71
100
72
101
72
102
72
103
72
104
72
105
72
106
72
107
72
108
72
109
72
110
72
111
72
112
71
113
71
114
71
115
71
116
71
117
70
118
70
119
70
120
70
121
69
122
68
123
67
124
66
124
65
124
64
124
63
124
62
123
61
123
60
123
59
123
58
122
57
122
56
121
56
120
56
119
55
118
55
117
55
116
55
115
55
114
54
113
54
112
54
111
54
110
55
109
55
108
55
107
56
106
56
105
57
104
58
103
59
102
60
102
61
102
62
101
63
101
64
101
65
101
66
100
67
100
68
100
