61
81
61
81
62
80
63
79
63
78
64
77
65
76
66
75
67
75
68
74
68
73
68
72
68
71
68
70
68
69
69
68
69
67
69
66
69
65
69
64
69
63
70
62
70
61
71
60
71
59
71
58
71
57
71
56
72
55
72
54
72
53
73
52
74
52
75
52
76
51
77
51
78
51
79
50
80
50
81
50
82
50
83
50
84
50
85
50
86
50
87
50
88
51
89
51
90
51
91
52
92
52
93
53
94
53
95
54
96
55
96
56
97
57
97
58
97
59
97
60
97
61
97
62
97
63
97
64
97
65
97
66
97
67
97
68
97
69
97
70
96
71
96
72
96
73
95
74
95
75
94
76
93
77
93
78
92
79
91
79
90
80
89
80
88
80
87
80
86
80
85
80
84
80
83
80
82
80
81
80
80
79
79
79
78
79
77
79
76
79
75
78
74
78
73
78
72
78
71
78
70
77
69
76
73
52
72
51
71
50
70
49
69
48
69
47
68
46
67
45
66
44
65
43
64
43
63
43
62
42
61
42
60
42
59
42
58
42
57
42
56
41
55
42
54
42
53
42
52
42
51
43
50
43
49
43
48
44
47
45
46
46
46
47
45
48
44
49
44
50
43
51
42
52
42
53
42
54
42
55
42
56
42
57
42
58
41
59
41
60
41
61
41
62
41
63
41
64
41
65
41
66
41
67
41
68
41
69
42
70
42
71
42
72
42
73
43
74
44
75
45
76
45
77
46
78
47
78
48
78
49
79
50
79
51
79
52
79
53
80
54
80
55
80
56
80
57
80
58
80
59
80
61
81
61
82
61
83
61
84
60
85
60
86
60
87
60
88
60
89
60
90
59
91
59
92
59
93
59
94
59
95
59
96
59
97
59
98
59
99
59
100
58
101
57
102
57
103
57
104
57
105
57
106
