52
76
52
76
53
76
54
75
55
75
56
74
57
73
57
72
57
71
57
70
57
69
57
68
57
67
57
66
57
65
57
64
57
63
57
62
58
61
58
60
58
59
58
58
58
57
58
56
59
55
59
54
59
53
59
52
59
51
60
50
61
50
62
49
63
49
64
49
65
48
66
48
67
48
68
48
69
48
70
48
71
49
72
49
73
49
74
49
75
50
76
50
77
50
78
51
79
51
80
52
81
53
81
54
82
55
82
56
82
57
82
58
82
59
82
60
82
61
82
62
82
63
82
64
82
65
82
66
82
67
81
68
81
69
81
70
81
71
80
72
80
73
79
74
79
75
78
76
77
77
76
77
75
77
74
77
73
78
72
78
71
78
70
78
69
78
68
78
67
78
66
78
65
78
64
78
63
78
62
78
61
78
60
77
59
77
58
76
60
50
59
49
58
48
58
47
57
46
56
45
55
45
54
44
53
44
52
44
51
44
50
44
49
44
48
44
47
44
46
44
45
44
44
44
43
44
42
44
41
45
40
45
39
45
38
45
37
46
36
47
35
48
34
49
33
50
33
51
32
52
31
53
31
54
31
55
31
56
31
57
31
58
30
59
30
60
31
61
31
62
31
63
31
64
31
65
31
66
31
67
31
68
32
69
32
70
32
71
32
72
33
73
34
74
35
75
36
76
37
76
38
76
39
76
40
77
41
77
42
77
43
77
44
77
45
77
46
77
47
77
48
76
49
76
50
76
53
76
53
77
53
78
53
79
52
80
52
81
52
82
52
83
52
84
52
85
52
86
52
87
52
88
51
89
51
90
51
91
51
92
51
93
51
94
51
95
51
96
51
97
51
98
50
99
50
100
50
101
50
102
50
103
50
104
50
105
49
106
49
107
49
108
49
109
