50
79
50
79
51
79
52
78
53
77
54
77
55
76
56
75
56
74
57
73
57
72
57
71
57
70
57
69
57
68
58
67
58
66
58
65
58
64
58
63
59
62
59
61
59
60
60
59
60
58
60
57
60
56
61
55
61
54
61
53
61
52
61
51
62
50
62
49
63
48
64
48
65
47
66
47
67
47
68
46
69
46
70
46
71
47
72
47
73
47
74
47
75
47
76
48
77
48
78
48
79
48
80
49
81
49
82
50
83
50
84
51
85
52
85
53
86
54
86
55
87
56
87
57
87
58
87
59
87
60
87
61
88
62
88
63
88
64
87
65
87
66
87
67
87
68
86
69
86
70
86
71
85
72
85
73
84
74
84
75
83
76
82
77
81
78
80
79
79
80
78
80
77
81
76
81
75
81
74
82
73
82
72
82
71
82
70
82
69
82
68
81
67
81
66
81
65
81
64
80
63
80
62
80
61
80
60
79
59
79
58
78
57
77
63
48
62
47
62
46
61
45
61
44
60
43
59
42
58
41
57
41
56
41
55
40
54
40
53
40
52
40
51
40
50
40
49
40
48
40
47
40
46
40
45
40
44
40
43
40
42
40
41
41
40
41
39
42
38
42
37
42
36
42
35
43
34
44
33
45
33
46
32
47
31
48
31
49
30
50
30
51
29
52
28
53
28
54
28
55
27
56
27
57
27
58
27
59
27
60
27
61
27
62
27
63
27
64
28
65
28
66
28
67
28
68
28
69
28
70
29
71
29
72
30
73
31
74
31
75
31
76
32
77
33
78
34
78
35
79
36
79
37
79
38
79
39
79
40
80
41
80
42
80
43
80
44
79
45
79
46
79
47
79
48
78
51
79
51
80
51
81
51
82
51
83
51
84
51
85
50
86
50
87
50
88
50
89
50
90
50
91
50
92
50
93
49
94
49
95
49
96
49
97
49
98
49
99
49
100
49
101
48
102
48
103
48
104
48
105
47
106
47
107
47
108
