56
78
56
78
57
78
58
77
59
76
60
75
61
74
62
73
63
72
63
71
63
70
63
69
63
68
63
67
63
66
63
65
64
64
64
63
64
62
64
61
64
60
64
59
64
58
64
57
64
56
65
55
65
54
65
53
65
52
65
51
66
50
66
49
67
49
68
49
69
48
70
48
71
48
72
48
73
48
74
48
75
48
76
48
77
48
78
49
79
49
80
49
81
50
82
50
83
50
84
51
85
51
86
52
87
53
87
54
87
55
88
56
88
57
88
58
88
59
88
60
87
61
87
62
87
63
87
64
87
65
87
66
86
67
86
68
85
69
85
70
84
71
84
72
83
73
82
74
81
75
80
76
79
77
78
77
77
77
76
78
75
78
74
78
73
78
72
78
71
78
70
78
69
78
68
78
67
77
66
77
65
76
64
75
66
49
65
48
65
47
65
46
64
45
64
44
64
43
63
42
62
42
61
42
60
42
59
42
58
42
57
42
56
42
55
42
54
42
53
42
52
43
51
43
50
43
49
43
48
43
47
43
46
44
45
44
44
45
43
45
42
46
41
46
40
47
39
48
38
49
37
50
36
51
35
52
35
53
35
54
35
55
34
56
34
57
33
58
33
59
33
60
33
61
33
62
32
63
32
64
33
65
33
66
33
67
33
68
34
69
34
70
34
71
34
72
35
73
35
74
36
75
37
76
38
77
39
78
40
78
41
79
42
79
43
79
44
79
45
79
46
79
47
79
48
79
49
79
50
78
51
78
52
78
53
78
54
78
57
78
57
79
57
80
56
81
56
82
56
83
56
84
56
85
56
86
56
87
56
88
56
89
56
90
55
91
55
92
55
93
55
94
55
95
54
96
54
97
54
98
54
99
53
100
53
101
53
102
53
103
53
104
53
105
53
106
52
107
52
108
52
109
52
110
51
111
51
112
51
113
51
114
51
115
51
116
51
117
50
118
50
119
