56
79
56
79
57
78
57
77
57
76
58
75
58
74
59
73
60
72
61
71
62
70
62
69
62
68
63
67
63
66
63
65
63
64
63
63
64
62
64
61
64
60
64
59
64
58
64
57
64
56
64
55
64
54
64
53
64
52
65
51
65
50
65
49
65
48
66
47
66
46
66
45
67
45
68
45
69
45
70
45
71
44
72
44
73
44
74
44
75
44
76
44
77
45
78
45
79
45
80
45
81
45
82
45
83
46
84
46
85
47
86
48
87
49
87
50
87
51
88
52
88
53
88
54
88
55
88
56
89
57
89
58
89
59
89
60
89
61
89
62
89
63
89
64
89
65
89
66
89
67
88
68
88
69
88
70
88
71
87
72
86
73
85
74
84
75
83
75
82
76
81
76
80
76
79
76
78
76
77
76
76
76
75
76
74
75
73
75
72
75
71
75
70
75
69
75
68
74
67
74
66
74
65
73
64
72
66
45
65
44
65
43
64
42
64
41
63
40
62
39
61
39
60
39
59
39
58
39
57
39
56
40
55
40
54
40
53
40
52
40
51
40
50
40
49
40
48
41
47
41
46
41
45
42
44
42
43
42
42
42
41
43
40
43
39
44
38
45
37
46
36
47
35
48
35
49
34
50
33
51
33
52
33
53
32
54
32
55
32
56
32
57
32
58
32
59
31
60
31
61
31
62
32
63
32
64
32
65
32
66
32
67
33
68
33
69
33
70
34
71
34
72
35
73
35
74
36
75
37
76
38
77
39
77
40
78
41
78
42
78
43
79
44
79
45
79
46
79
47
79
48
79
49
79
50
79
51
79
52
79
53
79
54
78
56
79
56
80
56
81
56
82
56
83
56
84
56
85
56
86
56
87
56
88
55
89
55
90
55
91
55
92
55
93
55
94
55
95
55
96
55
97
54
98
54
99
53
100
53
101
53
102
53
103
53
104
53
105
53
106
52
107
52
108
52
109
52
110
52
111
