52
78
52
78
53
77
54
76
55
75
56
74
57
74
58
73
59
72
59
71
59
70
60
69
60
68
60
67
60
66
60
65
61
64
61
63
61
62
61
61
62
60
62
59
62
58
63
57
63
56
63
55
63
54
64
53
64
52
65
52
66
52
67
52
68
51
69
51
70
51
71
50
72
50
73
51
74
51
75
51
76
51
77
52
78
52
79
52
80
52
81
53
82
53
83
53
84
54
85
55
86
56
86
57
86
58
86
59
86
60
86
61
86
62
86
63
86
64
87
65
87
66
86
67
86
68
86
69
86
70
85
71
85
72
84
73
84
74
83
75
82
76
81
77
80
78
79
79
78
79
77
80
76
80
75
81
74
81
73
81
72
81
71
80
70
80
69
80
68
80
67
80
66
79
65
79
64
78
63
78
62
77
61
76
60
75
64
52
63
51
62
50
61
49
60
48
60
47
60
46
59
45
58
44
57
43
56
43
55
43
54
43
53
42
52
42
51
42
50
42
49
42
48
42
47
42
46
42
45
42
44
43
43
43
42
44
41
45
40
46
39
47
38
48
38
49
37
50
36
51
36
52
36
53
36
54
36
55
35
56
35
57
35
58
35
59
35
60
34
61
34
62
34
63
34
64
34
65
34
66
34
67
35
68
35
69
35
70
35
71
35
72
35
73
36
74
37
75
38
75
39
76
40
76
41
76
42
76
43
77
44
77
45
77
46
77
47
77
48
77
49
77
50
78
52
78
53
79
52
80
52
81
52
82
52
83
52
84
52
85
52
86
51
87
51
88
51
89
51
90
51
91
51
92
51
93
50
94
50
95
50
96
50
97
50
98
49
99
49
100
49
101
49
102
49
103
49
104
48
105
48
106
48
107
47
108
47
109
47
110
47
111
47
112
46
113
