52
72
52
72
53
71
54
70
55
69
56
68
57
67
58
67
59
66
59
65
59
64
59
63
59
62
60
61
60
60
60
59
60
58
60
57
60
56
60
55
60
54
60
53
60
52
60
51
60
50
61
49
62
48
63
47
64
47
65
47
66
46
67
46
68
46
69
46
70
46
71
47
72
47
73
47
74
48
75
48
76
48
77
49
78
49
79
49
80
50
81
51
81
52
82
53
82
54
82
55
82
56
82
57
82
58
82
59
82
60
82
61
82
62
82
63
82
64
82
65
82
66
82
67
82
68
81
69
80
70
79
71
78
71
77
72
76
72
75
72
74
72
73
72
72
72
71
72
70
72
69
72
68
72
67
72
66
72
65
72
64
71
63
71
62
70
61
69
60
68
62
48
61
47
60
46
60
45
60
44
59
43
59
42
58
41
57
40
56
39
55
38
54
37
53
37
52
36
51
36
50
36
49
36
48
36
47
36
46
36
45
36
44
36
43
37
42
38
41
39
40
40
39
41
38
42
37
43
36
44
36
45
35
46
35
47
34
48
34
49
34
50
33
51
32
52
32
53
32
54
32
55
32
56
32
57
32
58
32
59
32
60
32
61
33
62
33
63
33
64
33
65
33
66
33
67
34
68
35
69
35
70
35
71
36
72
37
73
38
73
39
74
40
74
41
74
42
74
43
74
44
74
45
74
46
74
47
74
48
74
49
74
50
74
53
71
53
72
54
73
54
74
54
75
53
76
53
77
53
78
53
79
53
80
53
81
53
82
53
83
53
84
53
85
53
86
52
87
52
88
52
89
52
90
51
91
51
92
51
93
51
94
51
95
51
96
50
97
50
98
50
99
50
100
50
101
50
102
