62
78
62
78
63
77
63
76
63
75
63
74
63
73
63
72
63
71
63
70
63
69
63
68
63
67
63
66
64
65
65
64
66
64
67
63
68
62
69
61
70
60
71
59
71
58
72
57
73
56
73
55
74
54
75
53
76
52
77
51
78
51
79
50
80
49
81
48
82
48
83
47
84
47
85
47
86
47
87
47
64
65
63
64
62
63
61
62
60
61
59
60
58
59
57
58
56
57
56
56
55
55
55
54
55
53
55
52
54
51
53
50
52
49
51
48
50
48
49
48
48
47
47
47
46
47
45
47
44
47
43
47
42
47
63
77
63
78
64
79
65
80
66
81
67
82
68
83
69
84
70
85
70
86
70
87
70
88
70
89
70
90
71
91
71
92
71
93
72
94
72
95
73
96
73
97
74
98
75
99
76
99
77
100
78
100
79
100
80
100
81
100
82
100
83
100
84
100
85
100
86
100
87
100
88
100
89
100
90
100
91
100
92
100
93
100
94
99
95
99
96
99
97
99
98
99
99
99
62
78
61
79
60
80
59
81
58
82
57
83
56
84
55
85
54
86
54
87
53
88
52
89
52
90
52
91
51
92
50
93
49
94
48
95
47
96
46
97
45
98
44
99
43
100
42
101
