65
96
65
96
66
95
66
94
66
93
66
92
66
91
66
90
66
89
66
88
66
87
66
86
66
85
66
84
66
83
67
82
67
81
67
80
67
79
67
78
67
77
68
76
68
75
69
74
70
73
71
72
72
71
73
71
74
70
75
69
76
68
76
67
77
66
77
65
78
64
78
63
79
62
79
61
80
60
81
59
82
58
83
58
84
57
85
56
69
74
68
73
67
72
66
71
65
70
64
69
63
68
62
67
62
66
62
65
62
64
62
63
61
62
60
61
59
60
58
59
57
58
56
58
55
58
54
57
53
57
52
57
51
57
50
56
49
56
48
56
47
56
46
56
45
56
44
57
43
57
42
58
41
58
65
96
66
97
67
98
68
99
69
100
70
101
71
102
72
103
73
104
74
105
75
105
76
106
77
106
78
107
79
107
80
107
81
107
82
107
83
108
84
108
85
108
86
108
87
108
88
108
89
108
90
108
65
96
64
96
63
97
62
97
61
98
60
98
59
99
58
99
57
100
57
101
56
102
55
103
55
104
54
105
53
106
52
107
51
108
50
108
49
109
48
110
47
111
