60
82
60
82
61
81
61
80
61
79
61
78
61
77
61
76
61
75
61
74
61
73
61
72
61
71
61
70
61
69
61
68
62
67
62
66
62
65
62
64
62
63
63
62
64
61
65
60
66
60
67
59
68
58
68
57
69
56
69
55
69
54
70
53
71
52
72
51
73
50
74
50
75
49
76
48
77
48
78
48
79
47
80
47
81
47
82
47
62
63
61
62
60
61
59
60
58
59
57
58
56
57
55
57
54
56
53
55
52
54
52
53
51
52
50
51
49
50
48
49
47
48
46
48
45
48
44
47
43
47
42
47
60
82
61
83
62
84
63
85
64
86
65
87
66
88
66
89
67
90
67
91
67
92
67
93
67
94
68
95
69
96
69
97
69
98
70
99
71
100
72
101
73
101
74
101
75
101
76
101
77
101
78
101
79
101
80
101
81
101
82
100
83
100
84
100
85
100
86
99
87
99
60
82
59
83
58
84
57
84
56
85
55
86
54
87
53
87
52
88
52
89
51
90
50
91
49
92
48
93
47
94
46
95
45
96
44
97
43
98
43
99
42
100
41
100
40
101
39
102
38
103
37
104
36
104
35
104
34
105
