83
71
83
71
84
70
84
69
84
68
84
67
84
66
85
65
85
64
85
63
85
62
85
61
85
60
85
59
86
58
86
57
86
56
87
55
88
54
84
70
84
71
85
72
86
73
87
74
88
75
88
76
89
77
90
78
91
78
92
79
93
79
94
80
95
80
96
80
97
80
98
81
99
82
100
83
101
84
102
85
103
85
104
85
105
85
106
85
107
85
108
85
109
85
110
84
111
83
111
82
112
81
113
80
114
79
115
79
116
79
117
78
109
85
110
86
111
87
112
88
113
89
113
90
113
91
113
92
113
93
113
94
113
95
113
96
113
97
113
98
114
99
114
100
113
101
113
102
113
103
112
104
111
104
110
105
109
105
108
106
107
106
106
106
105
106
104
106
103
106
102
106
101
106
100
106
99
105
98
105
97
105
96
104
95
103
95
102
94
101
94
100
94
99
94
98
94
97
95
96
95
95
96
94
96
93
97
92
98
91
98
90
98
89
99
88
100
87
83
71
82
72
81
73
80
74
79
74
78
74
77
75
76
75
75
76
74
76
73
77
72
77
71
78
70
78
69
79
68
79
67
79
66
80
65
80
64
80
63
80
62
80
61
80
60
80
59
80
58
80
57
79
56
79
55
78
54
78
53
77
52
77
51
76
50
76
49
75
48
74
48
73
48
72
47
71
47
70
47
69
47
68
47
67
47
66
46
65
46
64
46
63
46
62
46
61
46
60
46
59
46
58
46
57
46
56
47
55
47
54
47
53
47
52
47
51
47
50
