71
71
71
71
72
70
72
69
72
68
72
67
73
66
73
65
73
64
73
63
73
62
73
61
73
60
73
59
73
58
73
57
73
56
73
55
74
54
72
70
72
71
73
72
74
73
74
74
74
75
75
76
76
77
76
78
77
79
78
80
79
81
80
82
81
83
82
84
83
84
84
84
85
84
86
84
87
84
88
84
89
84
90
84
91
84
92
84
93
84
94
84
95
85
96
86
97
87
97
88
97
89
97
90
97
91
97
92
97
93
97
94
97
95
98
96
98
97
98
98
98
99
97
100
97
101
97
102
97
103
97
104
96
105
95
105
94
106
93
106
92
106
91
107
90
107
89
107
88
107
87
107
86
107
85
107
84
107
83
107
82
107
81
107
80
107
79
106
78
106
77
105
76
104
76
103
76
102
75
101
75
100
75
99
75
98
76
97
76
96
76
95
77
94
78
93
79
92
79
91
79
90
80
89
80
88
80
87
81
86
71
71
70
71
69
72
68
72
67
72
66
73
65
73
64
73
63
73
62
74
61
74
60
75
59
75
58
76
57
77
56
78
55
78
54
79
53
79
52
79
51
79
50
79
49
79
48
79
47
80
46
80
45
80
44
80
43
80
42
79
41
79
40
79
39
79
38
78
37
77
36
76
35
75
35
74
35
73
34
72
34
71
33
70
33
69
33
68
33
67
33
66
33
65
32
64
32
63
32
62
33
61
33
60
33
59
33
58
33
57
33
56
33
55
33
54
33
53
33
52
33
51
33
50
34
49
34
48
