88
67
88
67
89
66
89
65
89
64
89
63
89
62
89
61
90
60
90
59
90
58
90
57
90
56
90
55
91
54
92
53
88
67
89
68
90
69
90
70
91
71
91
72
91
73
91
74
92
75
93
76
94
77
95
78
96
79
97
80
98
81
99
82
100
83
101
84
102
84
103
84
104
84
105
84
106
84
107
84
108
84
109
84
110
84
111
84
112
85
113
86
114
87
114
88
114
89
114
90
114
91
114
92
114
93
114
94
114
95
114
96
114
97
114
98
114
99
114
100
114
101
114
102
114
103
113
104
113
105
113
106
113
107
112
108
111
109
110
109
109
109
108
109
107
110
106
110
105
110
104
110
103
110
102
110
101
110
100
110
99
110
98
109
97
109
96
108
95
108
94
107
94
106
94
105
93
104
93
103
94
102
94
101
94
100
94
99
94
98
95
97
95
96
95
95
95
94
96
93
97
92
97
91
98
90
98
89
98
88
98
87
99
86
88
67
87
67
86
68
85
68
84
69
83
69
82
69
81
70
80
70
79
70
78
71
77
72
76
72
75
73
74
74
73
74
72
75
71
75
70
75
69
75
68
75
67
75
66
75
65
75
64
75
63
75
62
75
61
75
60
74
59
74
58
73
57
72
56
71
56
70
55
69
55
68
55
67
55
66
55
65
54
64
54
63
54
62
54
61
54
60
54
59
54
58
54
57
54
56
54
55
54
54
54
53
54
52
54
51
55
50
55
49
56
48
56
47
56
46
56
45
57
44
