74
69
74
69
75
68
75
67
75
66
75
65
76
64
76
63
76
62
76
61
76
60
76
59
76
58
77
57
74
69
75
70
76
71
77
72
77
73
77
74
78
75
78
76
79
77
80
78
81
78
82
79
83
79
84
79
85
80
86
80
87
81
88
82
89
83
89
84
90
85
90
86
90
87
90
88
90
89
90
90
90
91
90
92
90
93
90
94
90
95
90
96
90
97
90
98
90
99
90
100
89
101
88
102
87
102
86
103
85
103
74
69
73
70
72
70
71
71
70
71
69
72
68
72
67
72
66
73
65
73
64
74
63
75
62
76
61
77
60
78
59
78
58
79
57
79
56
80
55
80
54
80
53
80
52
80
51
80
50
80
49
80
48
80
47
79
46
78
45
77
44
76
44
75
43
74
42
73
42
72
42
71
42
70
42
69
42
68
41
67
41
66
41
65
41
64
41
63
42
62
42
61
43
60
43
59
43
58
43
57
43
56
43
55
44
54
44
53
44
52
44
51
45
50
46
49
46
48
47
47
47
46
