72
63
72
63
73
62
73
61
73
60
73
59
73
58
73
57
74
56
74
55
74
54
73
62
73
63
74
64
75
65
76
66
76
67
76
68
77
69
78
70
79
71
80
71
81
71
82
71
83
71
84
71
85
71
86
71
87
71
88
71
89
71
90
71
91
71
92
71
93
71
94
71
95
72
96
73
96
74
96
75
96
76
96
77
96
78
96
79
96
80
96
81
96
82
96
83
96
84
96
85
96
86
96
87
96
88
95
89
95
90
95
91
94
92
93
93
92
94
91
95
90
96
89
96
88
96
87
96
86
95
85
95
72
63
71
64
70
64
69
65
68
65
67
66
66
66
65
66
64
67
63
68
62
69
61
69
60
70
59
71
58
71
57
71
56
72
55
72
54
72
53
72
52
72
51
72
50
72
49
73
48
73
47
72
46
71
45
70
44
69
44
68
43
67
42
66
42
65
42
64
42
63
41
62
41
61
41
60
41
59
41
58
41
57
41
56
41
55
41
54
41
53
40
52
40
51
40
50
41
49
41
48
41
47
41
46
42
45
42
44
42
43
42
42
43
41
