95
69
95
69
96
68
96
67
96
66
96
65
96
64
96
63
97
62
97
61
97
60
97
59
97
58
97
57
97
56
97
55
95
69
96
70
97
71
97
72
98
73
98
74
98
75
99
76
99
77
100
78
101
79
102
80
103
81
104
82
105
82
106
83
107
84
108
85
109
86
110
86
111
86
112
86
113
86
114
86
115
86
116
86
117
86
118
87
119
88
120
89
121
90
121
91
122
92
122
93
122
94
122
95
123
96
123
97
123
98
123
99
123
100
123
101
123
102
122
103
122
104
122
105
121
106
120
107
119
108
118
108
117
109
116
109
115
109
114
109
113
109
112
109
111
110
110
109
109
109
108
109
107
109
106
109
105
108
104
108
103
107
103
106
102
105
102
104
101
103
101
102
102
101
102
100
102
99
103
98
103
97
103
96
104
95
105
94
105
93
105
92
106
91
106
90
106
89
107
88
95
69
94
70
93
70
92
71
91
71
90
72
89
72
88
72
87
73
86
73
85
73
84
74
83
75
82
76
81
77
80
78
79
78
78
79
77
80
76
80
75
81
74
82
73
82
72
82
71
82
70
82
69
82
68
82
67
82
66
82
65
82
64
82
63
81
62
81
61
80
60
79
60
78
59
77
58
76
58
75
57
74
57
73
56
72
56
71
56
70
56
69
56
68
56
67
55
66
55
65
55
64
55
63
56
62
56
61
56
60
56
59
56
58
56
57
56
56
56
55
56
54
56
53
56
52
57
51
57
50
57
49
