76
76
76
76
77
75
77
74
77
73
77
72
77
71
77
70
77
69
77
68
77
67
77
66
77
65
77
64
76
63
76
62
77
61
77
75
77
76
78
77
79
78
80
78
81
79
82
80
82
81
83
82
84
83
85
83
86
83
87
83
88
84
89
84
90
84
91
85
92
86
93
87
94
88
95
88
96
88
97
88
98
88
99
88
100
89
101
90
102
91
103
92
104
93
104
94
104
95
104
96
105
97
105
98
105
99
106
100
106
101
106
102
106
103
106
104
106
105
106
106
105
107
104
108
103
108
102
109
101
109
100
110
99
110
98
110
97
110
96
109
95
109
94
109
93
109
92
109
91
108
90
107
89
106
89
105
88
104
88
103
88
102
89
101
89
100
89
99
89
98
90
97
90
96
90
95
90
94
90
93
91
92
91
91
92
90
76
76
75
77
74
78
73
78
72
78
71
79
70
79
69
80
68
81
67
81
66
82
65
83
64
84
63
84
62
85
61
85
60
86
59
86
58
87
57
87
56
88
55
88
54
88
53
88
52
88
51
89
50
89
49
89
48
89
47
89
46
89
45
89
44
89
43
88
42
87
41
86
40
85
39
84
38
83
38
82
38
81
38
80
37
79
37
78
37
77
37
76
37
75
37
74
37
73
37
72
37
71
37
70
37
69
37
68
37
67
37
66
37
65
37
64
37
63
37
62
37
61
37
60
38
59
38
58
39
57
39
56
40
55
40
54
