77
51
77
51
77
50
78
50
79
50
80
49
81
49
82
48
83
47
84
46
85
45
86
44
87
43
88
42
89
41
90
40
77
50
76
49
75
48
74
48
73
48
72
48
71
48
70
48
69
48
68
48
67
48
66
48
65
48
64
48
63
48
62
47
61
47
60
47
59
47
58
47
57
46
56
46
55
46
54
45
53
45
52
45
51
45
50
44
49
44
48
44
47
44
46
44
45
44
44
43
43
43
42
44
41
45
40
46
39
47
39
48
39
49
39
50
38
51
77
51
77
52
77
53
76
54
76
55
76
56
76
57
76
58
75
59
75
60
75
61
75
62
75
63
74
64
73
65
73
66
73
67
72
68
72
69
71
70
71
71
71
72
70
73
69
74
69
75
69
76
68
77
68
78
67
79
67
80
67
81
67
82
67
83
67
84
67
85
67
86
67
87
67
88
67
89
67
90
67
91
67
92
67
93
68
94
68
95
68
96
69
97
70
98
71
98
72
99
73
99
74
100
75
100
76
100
77
101
78
101
79
101
80
101
81
101
82
101
83
101
84
101
85
101
86
101
87
101
88
101
