83
54
83
54
84
53
85
52
86
51
87
51
88
50
89
49
90
48
83
54
83
55
83
56
83
57
83
58
83
59
82
60
82
61
82
62
82
63
82
64
82
65
81
66
81
67
80
68
80
69
80
70
80
71
79
72
78
73
78
74
78
75
78
76
77
77
77
78
76
79
76
80
76
81
76
82
76
83
76
84
76
85
75
86
75
87
75
88
75
89
75
90
75
91
75
92
75
93
76
94
76
95
77
96
78
97
79
98
80
98
81
98
82
99
83
99
84
99
85
99
86
99
87
99
88
99
89
99
90
99
91
99
92
99
93
98
94
99
83
54
82
53
81
52
80
52
79
52
78
52
77
52
76
52
75
52
74
52
73
52
72
52
71
52
70
52
69
51
68
51
67
51
66
51
65
51
64
51
63
51
62
51
61
51
60
50
59
50
58
50
57
50
56
50
55
50
54
49
53
49
52
50
51
51
50
52
50
53
49
54
49
55
48
56
47
57
47
58
46
59
