83
49
83
49
84
48
85
47
86
47
87
46
88
45
89
44
83
49
83
50
83
51
82
52
82
53
82
54
82
55
82
56
81
57
81
58
81
59
81
60
81
61
81
62
80
63
80
64
79
65
79
66
79
67
79
68
79
69
78
70
78
71
77
72
77
73
77
74
77
75
77
76
77
77
77
78
77
79
77
80
77
81
76
82
76
83
76
84
76
85
76
86
77
87
77
88
77
89
78
90
79
90
80
91
81
91
82
92
83
92
84
92
85
92
86
92
87
92
88
92
89
92
90
92
91
92
92
93
93
93
94
93
95
93
96
93
83
49
82
48
81
48
80
47
79
47
78
47
77
47
76
47
75
47
74
47
73
47
72
47
71
47
70
47
69
47
68
46
67
46
66
46
65
45
64
45
63
45
62
45
61
45
60
44
59
44
58
43
57
42
56
42
55
42
54
41
53
41
52
41
51
40
50
40
49
40
48
39
47
39
46
39
45
40
44
41
43
42
43
43
43
44
42
45
41
46
41
47
41
48
40
49
40
50
