80
53
80
53
80
52
81
52
82
51
83
51
84
50
85
49
86
48
87
47
87
46
80
52
79
51
78
51
77
51
76
50
75
50
74
50
73
50
72
50
71
50
70
50
69
49
68
49
67
49
66
49
65
48
64
48
63
48
62
48
61
48
60
48
59
47
58
47
57
47
56
47
55
46
54
46
53
46
52
46
51
46
50
46
49
46
48
46
47
46
46
45
45
45
44
46
44
47
44
48
44
49
44
50
44
51
44
52
44
53
43
54
43
55
43
56
80
53
80
54
80
55
80
56
80
57
80
58
79
59
79
60
79
61
79
62
79
63
78
64
78
65
78
66
77
67
77
68
76
69
76
70
76
71
75
72
75
73
74
74
74
75
74
76
73
77
73
78
72
79
72
80
72
81
72
82
71
83
71
84
71
85
70
86
70
87
70
88
70
89
69
90
69
91
69
92
69
93
69
94
68
95
68
96
68
97
68
98
68
99
68
100
68
101
68
102
68
103
69
104
69
105
70
106
71
107
72
108
73
108
74
108
75
108
76
108
77
108
78
108
79
108
80
108
81
108
82
108
83
108
84
108
85
108
86
108
87
108
88
109
89
109
90
109
91
109
92
109
93
109
94
109
95
109
96
109
97
109
98
109
