53
90
53
90
54
89
54
88
54
87
54
86
55
85
55
84
55
83
55
82
55
81
55
80
55
79
55
78
55
77
55
76
56
75
56
74
56
73
56
72
56
71
56
70
56
69
57
68
57
67
53
90
54
91
55
92
56
93
57
94
57
95
58
96
59
97
60
98
61
99
62
99
63
99
64
100
65
100
66
100
67
99
68
99
69
99
70
98
71
98
72
97
73
96
74
95
75
94
76
93
77
92
78
91
79
90
80
89
81
88
81
87
82
86
83
86
84
85
85
85
86
85
87
84
88
84
89
83
90
82
90
81
90
80
90
79
91
78
91
77
91
76
91
75
91
74
92
73
92
72
92
71
92
70
92
69
92
68
92
67
92
66
92
65
92
64
89
83
90
84
91
85
92
86
93
87
93
88
94
89
94
90
95
91
95
92
95
93
96
94
97
95
98
96
99
97
100
98
101
99
102
99
103
99
104
99
105
99
106
100
107
100
108
101
109
100
110
100
111
100
112
101
113
101
114
101
115
101
116
101
117
101
118
101
53
90
52
90
51
91
50
91
49
92
48
92
47
92
46
93
45
93
44
94
43
95
42
96
41
97
41
98
40
99
39
100
39
101
38
102
37
103
36
103
35
103
34
103
33
104
32
104
31
104
30
105
29
104
28
104
27
104
26
103
25
102
24
101
24
100
23
99
23
98
23
97
22
96
22
95
22
94
22
93
22
92
22
91
22
90
22
89
22
88
22
87
22
86
22
85
22
84
22
83
22
82
22
81
22
80
22
79
22
78
22
77
22
76
22
75
23
74
23
73
24
72
24
71
24
70
24
69
24
68
24
67
25
66
26
65
26
64
26
63
27
62
27
61
