57
89
57
89
58
88
58
87
58
86
59
85
59
84
59
83
59
82
59
81
59
80
59
79
59
78
60
77
60
76
60
75
60
74
60
73
61
72
61
71
62
70
62
69
63
68
63
67
57
89
58
90
59
91
60
92
60
93
61
94
61
95
62
96
63
97
63
98
64
99
65
100
66
100
67
100
68
100
69
100
70
100
71
100
72
100
73
99
74
99
75
99
76
98
77
98
78
97
79
96
80
95
81
94
82
93
82
92
83
91
84
90
85
90
86
89
87
89
88
88
89
88
90
88
91
87
92
86
92
85
93
84
93
83
93
82
93
81
93
80
93
79
93
78
93
77
93
76
94
75
94
74
94
73
94
72
94
71
95
70
95
69
92
86
92
87
93
88
94
89
95
90
96
91
96
92
96
93
97
94
98
95
98
96
99
97
100
98
101
99
102
100
103
100
104
100
105
100
106
100
107
101
108
101
109
100
110
100
111
100
112
100
113
100
57
89
56
90
55
90
54
90
53
91
52
91
51
92
50
92
49
92
48
93
47
94
46
95
45
96
44
97
43
98
42
99
41
100
40
101
39
101
38
101
37
101
36
102
35
102
34
102
33
102
32
103
31
102
30
102
29
101
28
100
27
99
27
98
26
97
26
96
25
95
25
94
25
93
25
92
25
91
25
90
24
89
24
88
24
87
24
86
24
85
25
84
25
83
25
82
25
81
25
80
25
79
25
78
26
77
26
76
27
75
27
74
27
73
27
72
27
71
28
70
28
69
29
68
29
67
29
66
29
65
