56
87
56
87
57
86
57
85
57
84
57
83
57
82
57
81
58
80
58
79
58
78
58
77
58
76
58
75
59
74
59
73
59
72
59
71
59
70
59
69
59
68
59
67
59
66
60
65
60
64
61
63
56
87
57
88
58
89
58
90
59
91
59
92
59
93
59
94
59
95
60
96
60
97
60
98
60
99
61
100
62
101
63
101
64
101
65
102
66
102
67
102
68
102
69
102
70
102
71
102
72
101
73
101
74
101
75
101
76
100
77
99
78
98
79
97
80
96
80
95
81
94
81
93
82
92
83
91
83
90
84
89
85
89
86
88
87
88
88
87
89
87
90
86
91
85
91
84
91
83
91
82
91
81
92
80
92
79
92
78
92
77
92
76
92
75
92
74
92
73
92
72
92
71
93
70
93
69
93
68
94
67
95
66
95
65
91
85
91
86
92
87
93
88
94
89
95
90
95
91
96
92
97
93
98
94
98
95
99
96
100
97
101
98
102
99
103
99
104
100
105
101
106
101
107
101
108
102
109
101
110
101
56
87
55
87
54
88
53
88
52
88
51
89
50
89
49
90
48
90
47
91
46
92
45
93
44
94
43
95
42
96
41
97
40
98
39
99
38
100
37
101
36
101
35
101
34
101
33
102
32
102
31
102
30
102
29
103
28
102
27
102
26
102
25
101
24
100
24
99
23
98
23
97
23
96
22
95
22
94
22
93
22
92
22
91
22
90
22
89
22
88
22
87
22
86
22
85
22
84
22
83
22
82
22
81
22
80
23
79
23
78
23
77
23
76
23
75
23
74
23
73
23
72
23
71
23
70
23
69
24
68
25
67
25
66
25
65
25
64
26
63
26
62
