42
84
42
84
43
83
43
82
44
81
44
80
44
79
44
78
44
77
44
76
45
75
45
74
45
73
45
72
45
71
45
70
45
69
45
68
45
67
46
66
46
65
46
64
46
63
46
62
43
83
43
84
44
85
45
86
45
87
46
88
46
89
47
90
48
91
49
92
50
93
51
94
52
94
53
94
54
94
55
94
56
94
57
94
58
93
59
93
60
93
61
92
62
91
63
90
64
89
65
88
66
87
67
87
68
86
69
85
70
84
71
83
72
82
73
81
74
81
75
80
76
80
77
80
78
79
79
79
80
78
80
77
80
76
80
75
80
74
81
73
81
72
81
71
81
70
81
69
81
68
81
67
82
66
82
65
82
64
83
63
79
79
80
80
81
81
82
82
82
83
83
84
83
85
83
86
84
87
84
88
85
89
86
90
86
91
87
92
88
93
89
94
90
94
91
94
92
94
93
95
94
95
95
95
96
95
97
95
42
84
41
84
40
85
39
85
38
86
37
86
36
87
35
87
34
88
33
89
32
90
31
91
30
92
29
93
28
94
27
95
26
95
25
95
24
95
23
96
22
96
21
96
20
96
19
95
18
94
17
93
16
92
16
91
15
90
15
89
15
88
15
87
15
86
15
85
15
84
14
83
14
82
14
81
15
80
15
79
15
78
15
77
15
76
15
75
15
74
15
73
15
72
15
71
15
70
15
69
15
68
16
67
16
66
16
65
16
64
16
63
