52
76
52
76
53
75
53
74
53
73
53
72
53
71
53
70
53
69
53
68
53
67
53
66
54
65
54
64
54
63
54
62
54
61
54
60
54
59
55
58
52
76
53
77
54
78
55
79
55
80
56
81
57
82
57
83
58
84
59
85
60
85
61
85
62
85
63
86
64
85
65
85
66
85
67
84
68
84
69
84
70
84
71
83
72
82
73
82
74
81
75
80
76
79
77
79
78
78
79
78
80
77
81
77
82
76
83
75
83
74
84
73
84
72
84
71
84
70
84
69
84
68
84
67
84
66
84
65
85
64
85
63
85
62
85
61
85
60
86
59
86
58
86
57
87
56
82
76
83
77
84
78
85
79
86
80
87
81
88
82
88
83
89
84
90
85
91
85
92
86
93
86
94
87
95
87
96
87
97
87
98
87
99
87
100
87
101
87
102
87
103
87
104
88
105
89
106
90
106
91
106
92
106
93
106
94
106
95
106
96
106
97
106
98
107
99
107
100
107
101
107
102
107
103
107
104
106
105
52
76
51
76
50
77
49
77
48
78
47
78
46
78
45
79
44
79
43
79
42
80
41
81
40
82
39
83
38
84
37
84
36
84
35
85
34
85
33
85
32
85
31
85
30
85
29
85
28
85
27
85
26
84
25
83
24
82
24
81
24
80
23
79
23
78
23
77
23
76
23
75
23
74
23
73
23
72
22
71
23
70
23
69
23
68
23
67
23
66
23
65
23
64
24
63
24
62
24
61
24
60
25
59
25
58
25
57
25
56
25
55
25
54
26
53
26
52
