53
68
53
68
54
67
55
66
55
65
55
64
55
63
56
62
56
61
56
60
56
59
56
58
56
57
56
56
56
55
57
54
57
53
58
52
54
67
54
68
55
69
56
70
57
71
57
72
57
73
58
74
59
75
59
76
60
77
61
78
62
78
63
78
64
79
65
79
66
78
67
78
68
78
69
78
70
77
71
77
72
77
73
77
74
76
75
75
76
74
77
73
78
73
79
73
80
73
81
72
82
72
83
71
84
71
85
70
86
69
87
68
87
67
87
66
87
65
87
64
87
63
87
62
87
61
88
60
88
59
88
58
88
57
88
56
88
55
85
70
86
71
87
72
88
73
88
74
89
75
89
76
89
77
89
78
89
79
90
80
90
81
91
82
92
83
93
84
94
84
95
84
96
85
97
85
98
85
99
86
100
87
100
88
101
89
101
90
101
91
101
92
102
93
101
94
101
95
101
96
101
97
101
98
101
99
101
100
53
68
52
68
51
69
50
69
49
69
48
70
47
70
46
70
45
71
44
72
43
73
42
74
41
75
40
75
39
76
38
77
37
78
36
78
35
78
34
79
33
79
32
79
31
78
30
78
29
78
28
77
27
76
26
75
25
74
24
73
24
72
24
71
24
70
24
69
24
68
23
67
23
66
24
65
24
64
24
63
24
62
24
61
24
60
24
59
25
58
25
57
25
56
25
55
25
54
25
53
25
52
26
51
26
50
26
49
26
48
27
47
