62
68
62
68
63
67
63
66
63
65
63
64
64
63
64
62
64
61
64
60
64
59
64
58
64
57
64
56
65
55
65
54
65
53
65
52
62
68
63
69
64
70
65
71
65
72
66
73
66
74
66
75
66
76
66
77
66
78
66
79
66
80
67
81
67
82
68
83
69
83
70
84
71
84
72
84
73
84
74
84
75
84
76
84
77
84
78
83
79
83
80
83
81
82
82
82
83
81
84
80
85
79
86
78
87
77
88
76
89
75
90
74
91
74
92
73
93
73
94
73
95
72
96
72
97
71
98
71
99
70
99
69
99
68
99
67
99
66
99
65
100
64
100
63
100
62
100
61
100
60
100
59
100
58
101
57
101
56
101
55
98
71
99
72
100
73
101
74
102
75
103
76
103
77
104
78
105
79
106
79
107
80
108
80
109
80
110
81
111
81
112
81
113
82
114
82
115
83
116
83
117
84
117
85
117
86
118
87
118
88
119
89
119
90
119
91
119
92
119
93
119
94
119
95
119
96
119
97
118
98
118
99
118
100
117
101
116
102
62
68
61
68
60
69
59
69
58
70
57
70
56
70
55
71
54
71
53
72
52
72
51
73
50
74
49
75
48
76
47
77
46
78
45
79
44
80
43
81
42
81
41
81
40
82
39
82
38
82
37
82
36
83
35
83
34
82
33
82
32
81
31
80
30
79
30
78
30
77
29
76
28
75
28
74
28
73
28
72
28
71
28
70
28
69
28
68
28
67
28
66
27
65
27
64
28
63
28
62
28
61
28
60
29
59
29
58
29
57
29
56
29
55
29
54
30
53
30
52
30
51
30
50
30
49
31
48
32
47
32
46
