63
69
63
69
64
68
65
67
65
66
65
65
65
64
65
63
65
62
65
61
66
60
66
59
66
58
66
57
66
56
66
55
67
54
64
68
64
69
65
70
66
71
66
72
67
73
67
74
68
75
68
76
68
77
69
78
70
79
71
80
72
80
73
80
74
80
75
80
76
80
77
80
78
80
79
80
80
79
81
79
82
79
83
79
84
79
85
78
86
77
87
77
88
77
89
76
90
76
91
75
92
74
93
74
94
73
94
72
94
71
94
70
94
69
94
68
95
67
95
66
95
65
95
64
95
63
95
62
95
61
95
60
95
59
96
58
96
57
96
56
97
55
93
74
94
75
95
76
96
77
97
78
98
79
99
79
100
80
101
80
102
81
103
82
103
83
103
84
104
85
104
86
104
87
104
88
104
89
104
90
104
91
104
92
104
93
104
94
104
95
104
96
103
97
103
98
63
69
62
69
61
70
60
70
59
70
58
71
57
71
56
72
55
72
54
73
53
74
52
75
51
75
50
76
49
77
48
78
47
79
46
80
45
80
44
81
43
81
42
81
41
81
40
81
39
81
38
81
37
81
36
81
35
81
34
80
34
79
33
78
33
77
32
76
32
75
32
74
32
73
32
72
32
71
32
70
32
69
32
68
32
67
32
66
32
65
32
64
32
63
32
62
32
61
32
60
33
59
33
58
34
57
34
56
34
55
34
54
34
53
34
52
34
51
35
50
35
49
35
48
36
47
