57
65
57
65
58
64
58
63
58
62
59
61
59
60
59
59
59
58
59
57
59
56
59
55
59
54
59
53
59
52
60
51
60
50
60
49
61
48
61
47
58
64
58
65
59
66
60
67
61
68
62
69
62
70
63
71
64
72
65
73
66
74
67
74
68
74
69
74
70
74
71
74
72
74
73
74
74
74
75
73
76
73
77
73
78
73
79
72
80
71
81
70
81
69
82
68
83
68
84
67
85
67
86
67
87
66
88
66
89
66
90
65
91
64
91
63
92
62
92
61
92
60
92
59
92
58
92
57
92
56
92
55
92
54
92
53
92
52
93
51
93
50
91
64
91
65
92
66
93
67
94
68
94
69
95
70
95
71
96
72
97
72
98
73
99
73
100
73
101
73
102
73
103
74
104
74
105
75
106
76
107
77
107
78
107
79
107
80
108
81
108
82
108
83
108
84
108
85
108
86
108
87
108
88
108
89
57
65
56
66
55
66
54
67
53
67
52
67
51
68
50
68
49
69
49
70
48
71
47
72
46
73
45
74
44
75
43
76
42
77
41
77
40
77
39
77
38
78
37
78
36
78
35
78
34
78
33
78
32
78
31
77
30
77
29
76
29
75
28
74
28
73
27
72
27
71
27
70
27
69
27
68
27
67
27
66
27
65
27
64
27
63
27
62
27
61
27
60
27
59
27
58
27
57
28
56
28
55
28
54
28
53
28
52
28
51
28
50
29
49
29
48
30
47
30
46
30
45
30
44
30
43
