38
84
38
84
39
83
39
82
39
81
39
80
40
79
40
78
40
77
40
76
40
75
40
74
40
73
40
72
40
71
40
70
41
69
41
68
41
67
41
66
41
65
41
64
41
63
39
83
39
84
40
85
41
86
42
87
43
88
44
89
45
90
46
90
47
90
48
90
49
91
50
90
51
90
52
90
53
89
54
89
55
89
56
88
57
87
58
86
59
85
60
84
61
83
62
82
63
82
64
81
65
80
66
80
67
79
67
78
67
77
68
76
68
75
68
74
68
73
68
72
68
71
69
70
69
69
69
68
69
67
69
66
69
65
69
64
70
63
70
62
67
79
68
80
69
81
70
82
71
83
72
84
73
85
74
85
75
86
76
86
77
86
78
87
79
87
80
87
81
87
82
87
83
88
84
89
85
90
85
91
85
92
85
93
85
94
86
95
86
96
86
97
86
98
87
99
87
100
87
101
87
102
86
103
86
104
38
84
37
85
36
85
35
85
34
86
33
87
32
87
31
88
30
89
30
90
29
91
28
92
28
93
27
94
26
94
25
94
24
94
23
95
22
95
21
95
20
95
19
95
18
95
17
95
16
95
15
94
14
93
14
92
13
91
13
90
12
89
12
88
12
87
12
86
12
85
12
84
12
83
12
82
12
81
12
80
12
79
12
78
12
77
12
76
12
75
12
74
12
73
13
72
13
71
13
70
13
69
13
68
13
67
13
66
13
65
13
64
13
63
14
62
14
61
14
60
