77
83
77
83
78
82
78
81
78
80
79
79
79
78
79
77
79
76
79
75
80
74
80
73
80
72
80
71
81
70
81
69
81
68
81
67
81
66
82
65
82
64
82
63
82
62
82
61
83
60
83
59
83
58
83
57
84
57
85
57
86
57
87
56
88
56
89
55
90
55
91
54
92
53
83
57
82
56
81
56
80
56
79
56
78
56
77
56
76
56
75
55
74
55
73
55
72
55
71
55
70
55
69
55
68
55
67
55
66
55
65
55
64
55
63
55
62
54
61
54
60
54
59
54
58
53
57
53
56
52
55
52
54
52
53
53
52
54
51
55
51
56
50
57
50
58
50
59
49
60
49
61
48
62
48
63
47
64
47
65
47
66
78
82
78
83
79
84
80
84
81
84
82
84
83
84
84
84
85
85
86
85
87
85
88
85
89
85
90
85
91
86
92
86
93
87
94
88
95
89
95
90
96
91
96
92
96
93
96
94
96
95
96
96
95
97
95
98
95
99
95
100
95
101
94
102
94
103
93
104
92
105
91
106
90
107
89
108
88
109
87
110
86
111
85
112
84
112
83
112
82
113
81
113
80
113
79
113
78
113
77
113
76
112
75
112
74
112
73
111
72
111
71
110
70
109
70
108
70
107
69
106
69
105
69
104
69
103
68
102
68
101
68
100
69
99
69
98
69
97
69
96
69
95
69
94
69
93
70
92
70
91
71
90
71
89
71
88
72
87
73
86
74
85
75
84
