70
83
70
83
70
82
71
81
71
80
71
79
71
78
71
77
72
76
72
75
72
74
72
73
72
72
73
71
73
70
73
69
73
68
74
67
74
66
74
65
74
64
75
63
75
62
75
61
75
60
75
59
76
59
77
59
78
58
79
58
80
58
81
57
81
56
82
55
83
54
84
53
75
59
74
58
73
57
72
57
71
57
70
57
69
57
68
57
67
57
66
57
65
57
64
57
63
56
62
56
61
56
60
56
59
55
58
55
57
55
56
55
55
54
54
54
53
54
52
54
51
53
50
53
49
52
48
52
47
52
46
53
45
54
44
55
44
56
44
57
44
58
43
59
43
60
43
61
42
62
42
63
70
83
71
84
72
84
73
85
74
85
75
85
76
85
77
85
78
86
79
86
80
87
81
87
82
87
83
88
84
89
85
89
86
90
87
91
88
92
89
93
90
94
91
95
91
96
92
97
92
98
92
99
92
100
92
101
93
102
92
103
92
104
92
105
92
106
92
107
91
108
90
108
89
109
88
109
87
110
86
110
85
110
84
111
83
111
82
111
81
111
80
111
79
112
78
112
77
112
76
112
75
112
74
112
73
112
72
112
71
112
70
112
69
111
68
111
67
110
66
109
66
108
65
107
65
106
65
105
64
104
64
103
64
102
63
101
63
100
63
99
63
98
63
97
63
96
64
95
64
94
64
93
64
92
64
91
64
90
64
89
65
88
65
87
66
86
67
85
68
84
