58
82
58
82
59
81
59
80
59
79
59
78
59
77
60
76
60
75
60
74
60
73
60
72
61
71
61
70
61
69
61
68
62
67
62
66
62
65
62
64
63
63
63
62
64
62
65
61
66
61
67
61
68
60
69
59
70
58
63
62
62
61
61
60
60
59
59
59
58
59
57
59
56
59
55
59
54
59
53
58
52
58
51
58
50
58
49
58
48
58
47
58
46
58
45
58
44
58
43
58
42
58
41
58
40
58
39
58
38
58
37
57
36
57
35
57
34
57
33
57
32
58
32
59
32
60
58
82
59
83
60
83
61
84
62
84
63
84
64
84
65
84
66
85
67
85
68
85
69
85
70
86
71
86
72
87
73
88
74
89
75
90
76
91
77
92
78
93
78
94
79
95
80
96
80
97
80
98
80
99
80
100
80
101
80
102
80
103
80
104
80
105
80
106
80
107
80
108
80
109
79
110
78
111
78
112
77
113
77
114
76
115
76
116
75
117
74
118
73
118
72
119
71
119
70
120
69
120
68
120
67
121
66
121
65
121
64
121
63
121
62
121
61
120
60
120
59
119
58
119
57
119
56
118
55
117
54
116
53
115
53
114
52
113
51
112
51
111
50
110
50
109
50
108
50
107
50
106
49
105
49
104
49
103
49
102
49
101
49
100
49
99
50
98
50
97
50
96
50
95
50
94
50
93
51
92
51
91
51
90
52
89
52
88
53
87
54
86
54
85
55
84
56
83
