90
57
90
57
91
56
92
55
92
54
93
53
93
52
94
51
94
50
94
49
95
48
95
47
96
46
90
57
91
58
91
59
91
60
91
61
91
62
91
63
91
64
91
65
91
66
91
67
91
68
91
69
91
70
92
71
92
72
92
73
92
74
92
75
92
76
93
77
93
78
94
79
94
80
95
81
96
82
97
83
98
84
99
85
100
85
101
85
102
86
103
86
104
86
105
86
106
86
107
85
108
85
109
85
110
85
111
85
90
57
89
57
88
57
87
58
86
58
85
58
84
58
83
58
82
59
81
59
80
59
79
59
78
60
77
60
76
60
75
60
74
61
73
61
72
61
71
61
70
61
69
62
68
62
67
62
66
62
65
62
64
62
63
63
62
64
62
65
62
66
62
67
62
68
62
69
62
70
62
71
62
72
62
73
62
74
62
75
62
76
62
77
62
78
61
79
61
80
61
81
61
82
60
83
60
84
59
85
58
86
58
87
57
88
56
88
55
89
55
90
54
91
53
92
52
92
51
92
50
92
49
92
48
93
47
93
46
93
45
92
44
92
43
92
42
92
41
91
40
91
39
91
38
90
38
89
37
88
36
87
35
86
35
85
35
84
35
83
34
82
34
81
34
80
34
79
33
78
33
77
33
76
33
75
33
74
34
73
34
72
34
71
34
70
34
69
34
68
34
67
34
66
34
65
34
64
34
63
34
62
35
61
35
60
35
59
35
58
35
57
36
56
36
55
36
54
37
53
37
52
37
51
38
50
39
49
39
48
39
47
39
46
40
45
41
44
