60
71
60
71
61
70
62
69
63
69
64
69
65
69
66
68
67
68
68
68
69
68
70
68
71
68
72
68
73
67
74
67
75
66
76
66
77
66
78
66
79
65
80
65
81
65
82
65
83
65
84
64
85
64
86
64
87
63
88
63
89
62
89
61
90
60
91
59
91
58
91
57
92
56
92
55
92
54
92
53
92
52
93
51
88
63
89
64
89
65
90
66
90
67
90
68
90
69
90
70
90
71
90
72
90
73
90
74
90
75
90
76
90
77
91
78
91
79
91
80
91
81
91
82
92
83
92
84
92
85
92
86
93
87
94
88
95
89
96
89
97
89
98
89
99
90
100
90
101
90
102
90
103
90
104
90
105
90
106
90
107
89
108
89
109
89
60
71
61
72
61
73
61
74
61
75
61
76
61
77
61
78
61
79
61
80
61
81
61
82
61
83
60
84
60
85
60
86
60
87
59
88
59
89
58
90
58
91
57
92
57
93
56
94
55
95
54
96
53
97
52
98
51
99
50
99
49
99
48
99
47
100
46
100
45
100
44
100
43
100
42
100
41
100
40
100
39
100
38
100
37
100
36
99
35
99
34
98
33
98
32
97
32
96
32
95
31
94
31
93
30
92
30
91
29
90
29
89
29
88
29
87
29
86
29
85
29
84
29
83
29
82
29
81
29
80
29
79
29
78
29
77
29
76
29
75
30
74
30
73
30
72
30
71
30
70
30
69
30
68
31
67
31
66
31
65
31
64
32
63
32
62
33
61
33
60
33
59
34
58
35
57
35
56
35
55
36
54
36
53
36
52
37
51
37
50
37
49
60
71
59
70
