66
68
66
68
67
67
68
67
69
67
70
66
71
66
72
66
73
66
74
66
75
66
76
66
77
66
78
66
79
66
80
65
81
65
82
64
83
64
84
64
85
64
86
63
87
63
88
63
89
63
90
62
91
62
92
62
93
61
94
61
95
61
96
61
97
60
98
59
98
58
98
57
99
56
99
55
99
54
100
53
100
52
101
51
101
50
101
49
101
48
102
47
103
46
97
60
97
61
98
62
98
63
99
64
99
65
99
66
99
67
99
68
99
69
99
70
99
71
99
72
99
73
99
74
99
75
99
76
99
77
99
78
99
79
99
80
99
81
99
82
100
83
100
84
100
85
100
86
100
87
101
88
102
89
102
90
103
91
104
92
105
92
106
92
107
92
108
93
109
93
110
93
111
93
112
93
113
93
114
93
66
68
66
69
66
70
65
71
65
72
65
73
65
74
65
75
65
76
65
77
64
78
64
79
64
80
64
81
64
82
63
83
63
84
63
85
62
86
62
87
61
88
60
89
59
90
58
91
57
92
56
93
55
94
54
95
53
95
52
96
51
96
50
96
49
96
48
97
47
97
46
97
45
97
44
97
43
97
42
97
41
96
40
96
39
95
38
94
37
93
37
92
37
91
36
90
36
89
35
88
35
87
35
86
35
85
35
84
34
83
34
82
34
81
34
80
34
79
34
78
34
77
35
76
35
75
35
74
35
73
35
72
35
71
35
70
35
69
36
68
36
67
36
66
36
65
36
64
37
63
37
62
37
61
37
60
38
59
38
58
38
57
38
56
39
55
39
54
40
53
40
52
41
51
41
50
42
49
42
48
43
47
44
46
44
45
66
68
65
67
