79
70
79
70
80
69
80
68
80
67
81
66
82
65
82
64
83
63
83
62
83
61
83
60
83
59
79
70
80
71
80
72
80
73
80
74
80
75
80
76
80
77
80
78
80
79
80
80
80
81
80
82
80
83
80
84
80
85
80
86
80
87
80
88
80
89
80
90
80
91
81
92
81
93
81
94
81
95
81
96
82
97
83
98
84
99
85
100
86
100
87
101
88
100
89
100
90
100
91
100
92
100
93
100
94
99
95
99
96
99
97
99
98
99
99
99
100
98
101
98
102
98
79
70
78
70
77
70
76
71
75
71
74
71
73
71
72
72
71
72
70
72
69
72
68
72
67
73
66
73
65
73
64
74
63
74
62
74
61
75
60
75
59
76
58
76
57
76
56
76
55
76
54
76
53
76
52
76
51
77
50
77
49
77
48
77
47
78
47
79
47
80
47
81
47
82
47
83
47
84
47
85
47
86
47
87
47
88
46
89
46
90
46
91
46
92
45
93
45
94
44
95
44
96
44
97
44
98
43
99
42
100
41
101
40
102
39
103
38
103
37
103
36
104
35
104
34
104
33
105
32
105
31
105
30
105
29
105
28
105
27
105
26
105
25
105
24
105
23
104
22
103
21
102
20
101
20
100
20
99
19
98
19
97
19
96
19
95
19
94
19
93
19
92
19
91
19
90
19
89
19
88
19
87
19
86
19
85
19
84
20
83
20
82
20
81
20
80
21
79
21
78
21
77
21
76
21
75
21
74
21
73
21
72
22
71
22
70
23
69
23
68
23
67
24
66
25
65
25
64
26
63
26
62
26
61
27
60
28
59
28
58
29
57
29
56
30
55
30
54
30
53
31
52
31
51
31
50
32
49
33
48
