52
78
52
78
52
77
52
76
52
75
53
74
53
73
53
72
53
71
53
70
53
69
53
68
54
67
54
66
54
65
54
64
54
63
54
62
54
61
55
60
55
59
56
58
56
57
57
56
52
77
53
78
54
78
55
79
56
79
57
79
58
79
59
79
60
80
61
80
62
80
63
80
64
81
65
81
66
81
67
82
68
82
69
83
70
84
70
85
71
86
71
87
71
88
71
89
72
90
72
91
73
92
73
93
73
94
73
95
73
96
73
97
73
98
73
99
73
100
72
101
72
102
71
103
71
104
71
105
71
106
70
107
69
107
68
108
67
109
66
110
65
110
64
111
63
111
62
111
61
111
60
111
59
111
58
112
57
112
56
112
55
112
54
111
53
111
52
110
51
109
51
108
50
107
50
106
49
105
49
104
49
103
49
102
49
101
48
100
48
99
48
98
48
97
48
96
48
95
48
94
48
93
48
92
48
91
48
90
48
89
48
88
48
87
48
86
49
85
49
84
49
83
49
82
49
81
50
80
