52
75
52
75
52
74
52
73
53
72
53
71
53
70
53
69
53
68
53
67
54
66
54
65
54
64
54
63
54
62
54
61
54
60
55
59
56
58
56
57
56
56
56
55
57
54
58
53
58
52
58
51
58
50
52
75
53
76
54
77
55
77
56
77
57
77
58
77
59
77
60
77
61
77
62
77
63
77
64
78
65
78
66
79
67
79
68
79
69
80
70
81
71
82
72
83
72
84
72
85
73
86
73
87
73
88
73
89
73
90
73
91
73
92
73
93
73
94
73
95
72
96
72
97
72
98
72
99
72
100
72
101
71
102
71
103
70
104
69
105
68
105
67
106
66
107
65
108
64
108
63
109
62
109
61
109
60
109
59
110
58
110
57
110
56
110
55
110
54
109
53
109
52
109
51
108
50
107
50
106
49
105
49
104
48
103
48
102
48
101
48
100
48
99
47
98
47
97
47
96
47
95
47
94
47
93
47
92
47
91
47
90
47
89
47
88
47
87
47
86
48
85
48
84
48
83
48
82
48
81
48
80
49
79
49
78
50
77
