87
79
87
79
88
78
89
77
90
76
90
75
90
74
90
73
90
72
90
71
90
70
90
69
90
68
90
67
90
66
90
65
90
64
90
63
90
62
90
61
90
60
90
59
90
58
90
57
90
56
89
55
89
54
89
53
88
52
88
51
88
50
87
49
87
48
86
47
85
46
84
46
83
45
82
45
81
45
80
44
79
43
78
43
77
43
76
43
75
43
74
43
73
43
72
42
71
42
70
43
69
43
68
43
67
43
66
43
65
43
64
44
63
44
62
44
61
45
60
45
59
45
58
45
57
45
56
46
87
79
87
80
87
81
87
82
87
83
87
84
86
85
86
86
86
87
86
88
86
89
85
90
85
91
85
92
85
93
84
94
84
95
83
96
82
97
81
98
80
98
79
99
78
100
77
100
76
101
75
102
74
102
73
103
72
103
71
104
70
104
69
104
68
105
67
105
66
105
65
105
64
105
63
105
87
79
86
78
85
78
84
78
83
78
82
78
81
78
80
78
79
78
78
77
77
77
76
77
75
77
74
77
73
77
72
77
71
77
70
76
69
76
68
76
67
76
66
77
65
77
64
77
63
77
62
77
61
77
60
77
59
77
