93
73
93
73
94
72
95
71
96
70
96
69
96
68
96
67
96
66
96
65
96
64
96
63
96
62
96
61
96
60
96
59
96
58
96
57
96
56
96
55
96
54
95
53
95
52
94
51
94
50
93
49
93
48
93
47
93
46
92
45
91
44
90
43
89
43
88
42
87
41
86
41
85
41
84
41
83
40
82
40
81
40
80
40
79
40
78
39
77
40
76
40
75
40
74
40
73
40
72
41
71
41
70
42
69
42
93
73
94
74
95
75
95
76
96
77
96
78
97
79
97
80
97
81
97
82
97
83
96
84
96
85
96
86
96
87
96
88
96
89
96
90
96
91
95
92
95
93
95
94
94
95
93
96
93
97
92
98
91
99
90
100
89
101
88
102
87
103
86
104
85
105
84
105
83
106
82
107
81
108
80
108
79
109
78
109
77
109
76
109
75
109
74
110
73
110
72
110
71
110
70
110
69
110
68
110
67
110
66
109
65
109
64
109
63
109
62
108
61
107
60
107
59
107
93
73
92
74
91
74
90
73
89
73
88
73
87
73
86
73
85
73
84
73
83
73
82
73
81
73
80
73
79
73
78
73
77
73
76
73
75
73
74
73
73
73
