87
74
87
74
88
73
88
72
88
71
88
70
88
69
88
68
88
67
88
66
88
65
88
64
87
63
87
62
87
61
87
60
87
59
86
58
85
57
85
56
85
55
84
54
83
53
82
52
81
51
80
50
79
50
78
49
77
49
76
48
75
48
74
48
73
47
72
47
71
46
70
46
69
46
68
46
67
46
66
46
65
46
64
45
63
45
62
45
61
46
60
47
59
47
58
48
87
74
88
75
89
76
89
77
90
78
90
79
90
80
90
81
90
82
90
83
90
84
89
85
89
86
89
87
89
88
89
89
89
90
88
91
87
92
87
93
86
94
85
95
84
96
83
97
82
97
81
98
80
99
79
100
78
100
77
101
76
102
75
102
74
103
73
103
72
104
71
104
70
104
69
104
68
105
67
105
66
105
65
105
64
105
63
105
62
105
61
104
60
104
59
104
58
103
57
103
87
74
86
74
85
74
84
73
83
73
82
73
81
73
80
73
79
73
78
73
77
73
76
73
75
73
74
73
73
73
72
73
71
73
70
73
69
72
