85
75
85
75
86
74
87
73
87
72
87
71
87
70
87
69
87
68
87
67
87
66
87
65
87
64
86
63
86
62
86
61
86
60
86
59
86
58
85
57
85
56
85
55
85
54
84
53
83
52
83
51
83
50
82
49
81
48
80
47
79
46
78
46
77
46
76
45
75
45
74
44
73
44
72
44
71
43
70
43
69
43
68
43
67
43
66
43
65
42
64
42
63
42
85
75
86
76
86
77
87
78
87
79
87
80
87
81
87
82
87
83
86
84
86
85
86
86
86
87
86
88
86
89
85
90
85
91
85
92
84
93
84
94
83
95
83
96
82
97
81
98
80
99
79
100
78
101
77
101
76
102
75
102
74
102
73
103
72
103
71
103
70
103
69
103
68
104
67
104
66
104
65
104
64
103
63
103
62
103
61
103
60
103
59
102
58
102
57
101
56
101
85
75
84
75
83
75
82
74
81
74
80
74
79
74
78
74
77
74
76
74
75
74
74
74
73
74
72
74
71
74
70
74
69
74
68
74
67
74
66
74
65
74
