73
76
73
76
74
76
75
75
76
74
76
73
76
72
76
71
76
70
76
69
76
68
76
67
76
66
76
65
76
64
75
63
75
62
75
61
75
60
75
59
75
58
75
57
74
56
74
55
74
54
73
53
73
52
72
51
71
50
70
49
70
48
69
47
68
46
67
45
66
44
65
44
64
44
63
43
62
43
61
43
60
43
74
76
74
77
75
78
76
79
76
80
76
81
75
82
75
83
75
84
75
85
75
86
74
87
74
88
74
89
74
90
73
91
73
92
72
93
71
94
70
95
69
96
68
97
67
98
66
98
65
99
64
100
63
101
62
102
61
103
60
103
59
103
58
104
57
104
56
104
55
104
54
105
53
105
52
105
51
105
50
105
49
104
48
104
47
104
46
104
45
103
44
103
43
103
42
102
41
101
40
101
73
76
72
76
71
75
70
75
69
75
68
75
67
75
66
75
65
75
64
75
63
75
62
75
61
75
60
75
59
75
58
75
57
74
56
74
55
75
54
75
53
74
52
74
