35
78
35
78
35
77
35
76
35
75
35
74
35
73
35
72
35
71
35
70
35
69
36
68
36
67
36
66
36
65
36
64
36
63
36
62
36
61
36
60
36
59
37
58
37
57
37
56
35
78
36
79
37
79
38
79
39
79
40
79
41
79
42
79
43
79
44
79
45
79
46
79
47
79
48
79
49
79
50
79
51
79
52
79
53
79
54
79
55
79
56
79
57
79
58
79
59
79
60
79
61
78
62
78
63
78
64
78
65
78
66
78
67
78
68
78
69
77
69
76
70
75
70
74
70
73
71
72
72
71
73
70
74
69
75
68
75
67
76
66
77
65
78
64
79
64
80
63
81
62
82
61
83
61
84
60
85
59
86
58
87
58
88
58
89
58
90
58
91
58
92
58
93
59
94
59
95
59
96
60
97
60
98
61
99
62
100
63
100
64
100
65
100
66
100
67
101
68
101
69
101
70
101
71
101
72
101
73
101
74
101
75
101
76
101
77
101
78
101
79
101
80
100
81
100
82
100
83
99
84
98
85
98
86
97
87
96
88
96
89
96
90
95
91
94
92
94
93
93
94
92
95
91
96
90
97
89
98
88
99
87
100
86
101
85
101
84
101
83
101
82
101
81
102
80
102
79
101
78
101
77
101
76
101
75
101
74
100
73
99
72
99
71
98
70
97
70
96
69
95
69
94
69
93
69
92
68
91
68
90
68
89
68
88
68
87
68
86
68
85
68
84
68
83
68
82
68
81
68
80
35
78
34
79
34
80
34
81
33
82
33
83
33
84
33
85
33
86
33
87
32
88
32
89
32
90
32
91
32
92
32
93
32
94
32
95
32
96
32
97
32
98
32
99
32
100
