37
79
37
79
38
80
39
80
40
79
41
80
42
80
43
80
44
80
45
80
46
80
47
80
48
80
49
79
50
79
51
79
52
79
53
79
54
78
55
78
56
78
57
78
58
78
59
78
60
77
61
77
62
77
63
77
64
77
65
77
66
76
67
76
68
76
69
77
70
76
70
75
71
74
71
73
71
72
72
71
73
70
74
69
75
68
75
67
76
66
77
65
78
64
79
63
79
62
80
61
81
60
81
59
82
58
82
57
83
56
84
56
85
55
86
55
87
55
88
55
89
55
90
55
91
55
92
55
93
55
94
56
95
56
96
56
97
56
98
57
99
58
99
59
99
60
99
61
99
62
100
63
100
64
100
65
100
66
100
67
100
68
100
69
100
70
100
71
100
72
100
73
100
74
100
75
100
76
99
77
99
78
99
79
99
80
99
81
99
82
99
83
99
84
99
85
99
86
98
87
98
88
98
89
98
90
97
91
97
92
96
93
96
94
96
95
95
96
94
97
94
98
93
99
92
100
91
101
90
102
89
103
88
104
87
105
86
105
85
105
84
106
83
106
82
106
81
105
80
105
79
105
78
104
77
103
76
102
75
101
75
100
74
99
73
98
73
97
72
96
72
95
72
94
72
93
71
92
71
91
71
90
71
89
71
88
70
87
70
86
70
85
70
84
70
83
70
82
70
81
70
80
70
79
37
79
36
80
36
81
36
82
35
83
35
84
35
85
35
86
35
87
35
88
35
89
35
90
34
91
34
92
34
93
34
94
34
95
34
96
34
97
34
98
34
99
34
100
37
79
36
78
36
77
36
76
36
75
36
74
36
73
36
72
36
71
36
70
36
69
36
68
36
67
36
66
37
65
37
64
37
63
37
62
37
61
38
60
38
59
38
58
38
57
38
56
38
55
39
54
