41
78
41
78
41
77
41
76
41
75
41
74
41
73
41
72
41
71
41
70
41
69
41
68
41
67
41
66
41
65
41
64
41
63
41
62
41
61
41
60
41
59
41
58
41
57
41
77
42
78
43
78
44
78
45
78
46
78
47
78
48
78
49
78
50
78
51
78
52
78
53
78
54
78
55
78
56
78
57
78
58
78
59
78
60
77
61
77
62
77
63
77
64
77
65
77
66
77
67
77
68
77
69
77
70
76
70
75
70
74
71
73
71
72
71
71
72
70
72
69
73
68
74
67
75
66
76
65
77
64
78
63
79
62
80
61
81
60
82
59
82
58
83
57
84
56
85
55
86
55
87
55
88
55
89
55
90
55
91
55
92
55
93
55
94
55
95
56
96
56
97
56
98
57
99
58
100
59
100
60
100
61
101
62
101
63
101
64
101
65
101
66
101
67
101
68
101
69
101
70
101
71
101
72
101
73
101
74
101
75
101
76
101
77
101
78
100
79
100
80
100
81
100
82
100
83
99
84
98
85
98
86
98
87
97
88
97
89
96
90
95
91
94
92
94
93
93
94
92
95
91
95
90
95
89
95
88
95
87
96
86
96
85
96
84
96
83
96
82
96
81
95
80
95
79
95
78
94
77
94
76
94
75
94
74
93
73
92
72
91
71
90
71
89
71
88
71
87
70
86
70
85
70
84
70
83
70
82
70
81
69
80
69
79
41
78
40
79
39
80
39
81
39
82
39
83
39
84
39
85
39
86
38
87
38
88
38
89
38
90
38
91
