73
75
73
75
73
74
74
74
75
73
76
73
77
73
78
72
79
72
80
71
81
71
82
71
83
71
84
70
85
70
86
69
87
69
88
68
88
67
89
66
89
65
89
64
89
63
89
62
89
61
89
60
90
59
90
58
90
57
90
56
90
55
90
54
91
53
91
52
91
51
91
50
91
49
91
48
91
47
91
46
91
45
91
44
91
43
91
42
91
41
90
40
90
39
89
38
88
37
87
36
86
35
85
34
84
33
83
33
82
33
81
32
80
32
79
32
78
32
77
31
76
31
75
31
74
31
73
31
72
32
71
32
70
33
69
33
68
34
67
34
66
35
65
36
64
37
64
38
63
39
62
40
61
41
60
42
60
43
60
44
59
45
59
46
58
47
58
48
58
49
57
50
57
51
57
52
56
53
56
54
56
55
56
56
56
57
56
58
56
59
56
60
56
61
57
62
57
63
57
64
58
65
58
66
58
67
59
68
60
68
61
69
62
70
63
71
64
71
65
71
66
71
67
71
68
72
69
72
70
72
71
72
88
68
88
69
89
70
90
71
91
72
91
73
92
74
92
75
93
76
93
77
93
78
93
79
93
80
93
81
93
82
93
83
93
84
93
85
94
86
94
87
94
88
94
89
95
90
95
91
96
92
96
93
96
94
96
95
97
96
97
97
97
98
98
99
99
100
73
75
73
76
72
77
72
78
72
79
71
80
71
81
71
82
70
83
70
84
69
85
68
86
67
87
66
88
65
89
64
90
63
91
62
92
61
92
60
93
59
94
58
94
57
95
56
96
55
96
54
97
53
97
52
98
51
98
50
99
49
99
48
99
47
100
46
100
45
100
44
101
43
101
42
101
41
101
40
101
39
101
38
101
37
101
