73
84
73
84
74
83
74
82
74
81
74
80
74
79
75
78
75
77
76
76
76
75
76
74
77
73
77
72
77
71
77
70
78
69
78
68
78
67
78
66
78
65
79
64
79
63
80
62
80
61
80
60
80
59
81
58
81
57
81
56
81
55
81
54
81
53
82
52
82
51
82
50
82
49
82
48
81
47
81
46
80
45
79
44
78
43
77
42
76
41
75
40
74
40
73
39
72
39
71
39
70
39
69
38
68
38
67
38
66
38
65
38
64
38
63
38
62
38
61
39
60
39
59
39
58
40
57
41
56
42
55
43
55
44
54
45
54
46
53
47
52
48
52
49
51
50
51
51
51
52
51
53
50
54
50
55
50
56
49
57
49
58
49
59
49
60
49
61
50
62
50
63
50
64
50
65
50
66
50
67
50
68
51
69
51
70
52
71
52
72
53
73
54
74
55
74
56
74
57
74
58
75
59
75
60
75
61
75
62
75
63
75
64
75
65
75
66
75
67
75
68
75
69
75
70
75
71
76
72
77
74
83
74
84
75
85
76
86
77
87
78
88
79
89
79
90
79
91
79
92
79
93
79
94
80
95
80
96
81
97
82
98
82
99
82
100
83
101
84
102
85
103
86
103
87
104
88
104
89
104
90
104
91
105
92
105
93
105
94
105
95
105
96
105
97
105
98
105
99
105
73
84
72
85
71
86
70
87
69
88
68
89
67
89
66
90
65
91
64
92
63
93
62
94
61
95
60
96
59
97
58
97
57
98
56
99
55
99
54
100
53
101
52
101
51
102
50
102
49
103
48
103
47
104
46
104
45
104
44
104
43
104
42
105
41
105
40
105
39
105
38
105
37
105
36
105
35
105
34
105
33
105
32
105
31
104
