27
322
27
322
28
322
29
322
30
321
30
320
31
319
32
318
33
317
33
316
32
315
31
315
30
315
30
314
30
313
31
312
32
311
33
310
33
309
33
308
34
307
35
306
35
305
36
304
36
303
37
302
38
301
38
300
39
299
40
298
41
297
41
296
42
295
42
294
43
293
44
292
44
291
45
290
45
289
46
288
47
287
47
286
48
285
48
284
49
283
49
282
50
281
51
280
51
279
51
278
52
277
53
276
54
275
54
274
55
273
55
272
56
271
57
270
57
269
58
268
58
267
59
266
60
265
60
264
61
263
62
262
62
261
63
260
63
259
63
258
64
257
65
256
65
255
66
254
66
253
67
252
68
251
69
250
69
249
69
248
70
247
71
246
72
245
72
244
73
243
73
242
74
241
74
240
75
239
76
238
76
237
77
236
77
235
78
234
79
233
79
232
80
231
81
230
81
229
81
228
82
227
83
226
84
225
84
224
85
223
86
222
86
221
87
220
33
309
34
310
35
310
36
310
37
310
38
309
39
308
40
307
41
306
41
305
42
304
43
303
44
302
44
301
45
300
46
299
47
298
47
297
48
296
48
295
49
294
50
293
51
292
51
291
30
315
29
316
28
317
27
318
27
319
27
320
27
322
26
323
25
324
25
325
24
326
23
327
22
328
21
329
20
330
19
331
19
332
18
333
17
334
16
335
16
336
15
337
14
338
13
339
12
340
12
341
11
342
10
343
10
344
9
345
8
346
7
347
