119
186
119
186
119
185
120
184
120
183
121
182
121
181
122
180
123
179
123
178
124
177
125
176
125
175
126
174
126
173
127
172
128
171
129
170
130
169
130
168
131
167
131
166
132
165
132
164
133
163
134
162
135
161
136
160
137
160
138
159
139
158
140
157
141
156
142
155
143
154
144
153
145
152
146
151
147
150
148
149
149
149
150
148
151
147
152
146
153
145
154
145
155
145
156
144
157
143
158
143
159
142
160
142
161
141
162
140
163
140
164
139
165
138
166
137
167
136
168
136
169
135
170
135
171
134
172
134
173
133
174
133
175
132
176
132
177
132
178
131
179
131
180
131
181
130
182
129
183
128
184
128
185
127
186
127
187
127
188
126
189
125
190
124
191
123
192
122
193
122
194
122
195
121
196
120
197
120
198
120
199
119
200
118
200
117
119
185
120
186
121
187
122
187
123
187
124
187
125
187
126
188
127
188
128
188
129
189
130
189
131
190
132
190
133
190
134
191
135
191
136
191
137
191
138
191
139
191
140
192
141
192
142
192
143
192
144
193
145
193
146
194
147
194
148
194
149
194
150
195
151
195
152
196
153
196
154
196
155
196
156
197
157
197
158
197
159
198
160
198
161
199
162
199
163
199
164
200
165
200
166
200
167
201
168
201
169
202
170
203
171
204
172
205
173
206
173
207
174
208
175
208
176
208
177
209
178
209
179
209
180
209
181
209
182
209
183
209
184
209
185
209
186
209
187
210
188
210
119
186
118
187
117
188
117
189
116
190
116
191
115
192
114
193
113
194
113
195
113
196
112
197
112
198
111
199
111
200
111
201
110
202
110
203
