218
273
218
273
219
272
219
271
220
270
221
269
222
269
223
268
224
267
225
266
226
265
227
264
228
263
229
263
230
262
231
261
232
260
233
259
234
259
235
258
236
257
237
257
238
256
239
256
240
256
241
255
242
256
243
255
243
254
244
253
245
252
246
251
247
250
248
249
249
249
250
248
251
247
252
246
253
245
254
244
255
243
255
242
256
241
257
240
258
239
259
239
260
238
261
238
262
238
263
238
264
237
265
236
266
235
267
234
268
233
269
232
270
231
271
230
272
229
273
228
274
227
275
226
276
225
277
224
278
223
279
222
280
221
281
221
282
220
283
219
284
218
285
217
286
216
287
215
288
214
289
214
290
213
291
212
292
211
293
210
294
209
295
208
296
207
297
206
298
205
299
204
300
203
301
202
302
201
303
200
304
199
305
199
306
198
307
197
308
196
309
195
310
194
311
193
312
192
313
191
314
190
315
190
316
189
317
188
318
187
319
186
320
185
321
184
322
183
323
182
324
181
325
181
326
180
327
179
328
178
329
177
330
176
331
175
332
174
333
174
334
173
335
172
336
171
337
170
338
170
339
169
340
168
341
168
342
167
343
166
344
165
345
164
346
164
347
163
348
162
349
162
350
161
351
160
352
159
353
159
354
158
355
158
356
157
357
156
358
155
359
155
360
155
361
154
362
153
363
153
364
153
365
153
366
154
367
153
368
152
369
151
370
150
371
150
372
149
373
149
374
148
375
147
376
147
377
146
378
145
379
145
380
144
381
144
382
143
383
143
384
143
385
142
386
142
387
141
388
141
389
140
390
140
391
139
392
139
393
139
394
139
395
139
396
139
397
138
398
138
399
138
400
138
401
138
402
138
403
138
404
138
405
138
406
138
407
138
408
138
409
138
366
154
366
155
366
156
365
157
365
158
364
159
363
160
362
161
361
162
361
163
360
164
359
165
358
166
357
167
356
168
355
169
355
170
355
171
354
172
353
173
352
174
351
175
350
176
349
177
349
178
348
179
347
180
347
181
346
182
345
183
345
184
344
185
343
186
342
187
342
188
341
189
341
190
340
191
339
192
339
193
338
194
337
195
336
196
335
197
335
198
334
199
334
200
333
201
332
202
331
203
331
204
330
205
329
206
328
207
327
208
327
209
326
210
326
211
325
212
325
213
324
214
323
215
323
216
322
217
322
218
321
219
321
220
320
221
319
222
319
223
318
224
318
225
317
226
316
227
316
228
316
229
315
230
314
231
314
232
314
233
313
234
312
235
312
236
312
237
311
238
311
239
310
240
310
241
310
242
309
243
309
244
309
245
308
246
308
247
308
248
308
249
307
250
307
251
307
252
306
253
306
254
305
255
305
256
304
257
304
258
304
259
304
260
304
261
304
262
303
263
303
264
303
265
303
266
303
267
303
268
303
269
303
270
303
271
303
272
303
273
303
274
303
275
303
276
303
277
303
278
304
279
305
280
306
281
307
282
308
283
309
284
310
284
311
285
312
286
313
286
314
286
315
286
316
287
317
288
318
288
319
289
320
289
321
289
322
290
323
290
324
290
325
290
326
291
327
291
328
291
329
291
330
291
331
291
332
291
333
291
334
291
335
290
336
290
337
290
338
289
339
289
340
289
341
289
342
288
343
288
344
287
345
287
346
286
347
286
348
286
349
285
350
285
351
284
352
283
353
283
354
282
355
281
356
281
357
280
358
279
359
278
360
277
361
277
362
276
363
275
364
275
365
274
366
273
367
272
368
271
369
270
370
269
371
268
372
268
373
267
374
266
375
265
376
264
377
263
378
262
379
261
380
260
381
259
382
258
383
257
383
256
384
255
385
254
386
253
387
252
388
251
389
250
390
249
391
248
391
247
392
246
393
245
394
244
395
243
396
242
397
241
398
240
399
239
400
238
401
237
402
236
403
235
404
235
405
235
406
234
407
233
407
232
407
231
408
230
408
229
408
228
409
227
410
226
411
225
412
224
413
223
414
222
415
221
416
220
417
219
418
218
419
217
420
216
421
215
422
214
423
213
424
212
425
211
426
210
427
209
428
208
429
207
430
206
431
205
432
204
433
203
434
202
435
201
436
200
437
199
438
198
439
197
440
196
441
195
442
194
443
194
444
193
445
192
446
191
447
191
448
190
449
189
450
188
451
188
452
187
453
186
454
186
455
185
456
184
457
184
458
183
459
182
460
182
461
181
462
181
463
180
464
180
465
179
466
179
467
178
468
178
469
177
470
177
471
177
472
176
473
176
474
175
475
175
476
175
477
174
478
174
479
174
480
174
481
173
482
173
483
173
484
172
485
172
486
172
487
172
488
171
489
171
490
171
491
171
492
171
493
170
494
170
495
170
496
170
497
169
498
169
499
169
500
169
501
169
502
168
503
168
504
168
505
168
506
168
507
168
508
168
509
168
510
168
511
168
512
168
513
168
514
168
515
168
516
167
517
167
518
167
519
167
520
167
521
167
522
167
523
167
524
167
525
167
526
168
527
168
528
169
529
169
530
170
531
170
532
170
533
170
534
170
535
171
536
171
537
171
538
171
539
172
540
172
541
173
542
173
543
174
544
174
545
175
546
176
546
177
546
178
546
179
547
180
546
179
545
179
544
180
543
180
542
180
541
180
540
180
539
180
538
180
537
180
536
180
535
180
534
180
533
180
532
180
531
180
530
180
529
180
528
180
527
180
526
181
525
181
524
181
523
181
522
181
521
181
520
181
519
181
518
182
517
182
516
182
515
182
514
182
513
182
512
182
511
182
510
182
509
182
508
183
507
183
506
183
505
183
504
184
503
184
502
184
501
185
500
185
499
185
498
185
497
186
496
186
495
186
494
186
493
187
492
187
491
187
490
188
489
189
488
189
487
189
486
189
485
190
484
191
483
191
482
191
481
192
480
193
479
193
478
194
477
194
476
195
475
195
474
196
473
196
472
197
471
197
470
198
469
198
468
198
467
199
466
200
465
201
464
201
463
202
462
202
461
203
460
203
459
204
458
204
457
205
456
205
455
205
454
206
453
206
452
206
451
207
450
207
449
208
448
209
447
209
446
210
445
210
444
210
443
211
442
211
441
211
440
212
439
212
438
212
437
213
436
213
435
213
434
214
433
214
432
215
431
215
430
216
429
217
428
217
427
218
426
219
425
219
424
220
423
221
422
222
421
222
420
223
419
224
418
225
417
226
416
227
415
228
414
229
413
230
412
231
411
232
410
232
409
232
405
235
405
236
405
237
405
238
405
239
405
240
405
241
404
242
403
243
403
244
402
245
402
246
401
247
400
248
400
249
399
250
398
251
398
252
398
253
397
254
397
255
397
256
396
257
396
258
396
259
396
260
395
261
395
262
396
263
396
264
396
265
396
266
396
267
396
268
396
269
396
270
395
271
395
272
394
273
394
274
394
275
394
276
394
277
394
278
394
279
394
280
393
281
393
282
394
283
394
284
394
285
394
286
394
287
394
288
394
289
395
290
395
291
395
292
395
293
395
294
395
295
242
256
242
257
242
258
242
259
241
260
241
261
240
262
239
262
238
263
237
264
236
264
235
265
234
266
233
267
232
268
231
269
230
270
229
270
228
271
227
272
226
273
225
273
224
273
223
273
222
273
221
273
220
274
218
273
217
274
216
275
215
275
214
276
213
276
212
276
211
277
210
278
209
279
208
279
207
280
206
280
205
281
204
281
203
281
202
282
201
283
200
283
199
283
198
284
197
284
196
284
195
284
194
284
193
285
192
285
191
285
190
285
189
285
188
285
187
285
186
286
185
286
184
286
183
286
182
286
181
287
180
287
179
287
178
287
177
287
176
287
