359
138
359
138
359
139
359
140
359
141
359
142
358
143
358
144
358
145
358
146
357
147
357
148
357
149
357
150
357
151
356
152
356
153
356
154
356
155
356
156
355
157
355
158
355
159
355
160
355
161
355
162
355
163
355
164
354
165
354
166
354
167
354
168
353
169
353
170
353
171
352
172
352
173
351
174
351
175
351
176
350
177
350
178
350
179
350
180
349
181
349
182
349
183
348
184
347
185
347
186
346
187
346
188
346
189
345
190
345
191
345
192
345
193
345
194
344
195
344
196
344
197
343
198
343
199
342
200
342
201
342
202
342
203
342
204
341
205
340
206
339
207
338
208
337
209
337
210
336
211
336
212
336
213
336
214
335
215
335
216
335
217
334
218
334
219
334
220
333
221
333
222
332
223
331
224
331
225
330
226
330
227
330
228
329
229
329
230
328
231
328
232
327
233
327
234
326
235
326
236
325
237
325
238
325
239
324
240
323
241
323
242
322
243
321
244
321
245
320
246
320
247
319
248
318
249
317
250
317
251
316
252
316
253
315
254
315
255
315
256
314
257
314
258
313
259
359
138
358
137
358
136
357
135
356
134
355
133
354
132
353
131
352
130
351
130
350
130
349
130
348
131
347
131
346
132
345
132
344
133
343
134
342
135
341
135
340
136
339
137
339
138
338
139
337
140
336
141
335
142
334
143
333
144
332
145
332
146
331
147
330
148
329
149
328
150
327
151
327
152
326
153
326
154
