187
204
187
204
188
203
189
202
189
201
189
200
190
199
190
198
190
197
190
196
191
195
191
194
192
193
192
192
192
191
193
190
193
189
193
188
193
187
194
186
194
185
194
184
195
183
195
182
196
181
196
180
197
179
197
178
197
177
198
176
198
175
199
174
200
173
200
172
200
171
201
170
202
169
203
169
204
168
204
167
204
166
204
165
203
164
203
163
202
162
202
161
201
160
201
159
200
158
199
157
199
156
198
155
198
154
197
153
196
152
196
151
195
150
194
149
194
148
193
147
192
146
191
145
190
144
189
143
188
203
188
204
189
205
189
206
190
207
190
208
190
209
189
210
189
211
189
212
189
213
189
214
189
215
189
216
189
217
189
218
188
219
188
220
188
221
188
222
188
223
188
224
188
225
188
226
188
227
188
228
188
229
188
230
188
231
188
232
188
233
188
234
188
235
188
236
188
237
188
238
188
239
187
240
187
241
187
242
187
243
187
244
187
245
187
204
186
204
185
205
185
206
184
207
184
208
183
209
183
210
183
211
182
212
181
213
181
214
180
215
180
216
179
217
179
218
178
219
178
220
178
221
177
222
177
223
177
224
176
225
176
226
175
227
175
228
174
229
174
230
173
231
173
232
173
233
172
234
171
235
171
236
170
237
170
238
169
239
168
240
168
241
168
242
167
243
167
244
166
245
166
246
165
247
164
248
164
249
163
250
163
251
162
252
162
253
162
254
161
255
160
256
160
257
159
258
159
259
158
260
157
261
156
262
156
263
155
264
154
265
154
266
153
267
152
268
152
269
152
270
152
271
151
272
150
273
150
274
149
275
148
276
148
277
147
278
146
279
146
280
145
281
145
282
144
283
143
284
142
285
141
286
140
287
140
288
140
289
139
290
139
291
138
292
138
293
137
294
136
295
135
296
134
297
134
298
133
299
133
300
132
301
132
302
131
303
130
304
129
305
129
306
128
307
127
308
126
309
126
310
125
311
124
312
123
313
122
314
121
315
121
316
120
317
119
318
118
319
117
320
116
321
115
322
115
323
114
324
113
325
112
326
112
327
111
328
110
329
109
329
108
330
107
331
106
332
105
333
104
334
103
335
102
336
101
337
100
338
99
339
98
339
97
339
96
340
95
341
94
341
93
342
92
343
91
344
90
344
89
345
88
346
88
347
87
348
86
348
85
349
84
350
83
350
82
351
81
351
80
352
79
352
78
353
77
353
76
354
75
355
74
355
73
356
72
356
71
357
70
358
69
358
68
359
67
359
66
360
65
360
64
361
63
361
62
361
61
362
60
362
59
362
58
363
57
363
56
364
55
364
54
365
53
365
52
366
51
366
50
366
49
367
48
367
47
367
46
367
45
367
44
367
43
368
42
368
41
368
40
368
39
368
38
369
37
369
36
369
35
369
34
369
33
369
32
369
31
369
30
369
29
369
28
368
27
368
26
368
25
368
24
367
23
367
22
367
21
367
20
366
19
366
18
366
17
365
16
365
15
365
14
364
13
363
12
362
11
361
10
360
9
359
8
358
7
357
7
356
6
355
6
354
5
353
5
352
4
351
4
350
4
349
4
348
4
347
3
346
3
345
3
344
3
343
3
342
3
341
3
340
3
339
2
338
2
337
2
336
2
335
2
334
2
333
2
332
3
331
3
330
3
329
3
328
3
327
3
326
3
325
3
324
4
323
4
322
4
321
4
320
4
319
5
318
5
317
6
316
6
315
6
314
6
313
6
312
6
311
6
310
7
309
7
308
7
307
7
306
8
305
8
304
9
303
9
302
9
301
9
300
9
299
9
298
10
297
11
296
11
295
11
294
12
293
13
292
13
291
13
290
13
289
14
288
15
287
15
286
