258
259
258
259
259
259
260
258
261
257
262
256
263
255
263
254
264
253
265
252
266
252
267
252
268
252
265
252
264
251
264
250
264
249
264
248
265
247
265
246
266
245
266
244
266
243
267
242
267
241
267
240
267
239
267
238
267
237
267
236
268
235
268
234
268
233
268
232
269
231
269
230
269
229
269
228
270
227
270
226
270
225
271
224
271
223
271
222
271
221
272
220
272
219
272
218
272
217
272
216
273
215
273
214
273
213
274
212
274
211
274
210
275
209
275
208
275
207
276
206
276
205
277
204
277
203
277
202
278
201
278
200
278
199
278
198
279
197
279
196
279
195
259
259
259
260
259
261
259
262
259
263
259
264
259
265
259
266
258
267
258
268
258
269
258
270
257
271
257
272
257
273
257
274
256
275
256
276
256
277
255
278
255
279
258
259
257
260
256
260
255
261
254
262
253
262
252
263
251
263
250
264
249
265
248
265
247
266
246
267
245
267
244
268
243
268
242
269
241
269
240
270
239
270
238
271
237
271
236
272
235
273
234
274
