91
78
91
78
92
77
92
76
92
75
92
74
92
73
92
72
93
71
93
70
93
69
93
68
93
67
93
66
93
65
92
64
92
63
92
62
92
61
92
60
92
59
92
58
92
57
92
56
92
55
92
54
92
53
92
52
92
51
91
50
90
49
89
49
88
49
87
49
86
49
85
49
84
49
83
49
82
49
81
49
80
49
79
49
78
49
77
49
76
50
75
50
74
50
73
50
72
51
71
51
70
51
69
52
68
53
67
53
66
54
65
54
64
54
63
55
62
55
61
56
60
57
59
57
58
58
57
59
57
60
56
61
56
62
55
63
54
64
54
65
53
66
53
67
52
68
52
69
52
70
52
71
52
72
52
73
52
74
52
75
52
76
52
77
52
78
52
79
52
80
52
81
53
82
53
83
53
84
53
85
53
86
54
87
54
88
54
89
55
90
56
91
57
92
58
93
59
94
60
95
61
96
62
96
63
97
64
96
65
96
66
96
67
96
68
96
69
96
70
96
71
96
72
96
73
95
74
95
75
94
76
93
77
92
78
91
79
91
80
90
81
89
81
88
82
87
83
86
83
85
84
84
84
83
84
82
85
81
86
81
87
80
88
80
89
79
92
77
92
78
93
79
94
80
95
81
96
82
97
83
97
84
97
85
98
86
98
87
99
88
100
89
101
90
102
90
103
90
104
90
105
90
106
90
107
90
108
90
