87
82
87
82
87
81
87
80
87
79
86
78
86
77
86
76
86
75
86
74
86
73
86
72
87
71
87
70
87
69
87
68
86
67
86
66
86
65
86
64
86
63
86
62
86
61
86
60
86
59
86
58
86
57
86
56
86
55
85
54
84
54
83
53
82
53
81
54
80
54
79
54
78
54
77
54
76
54
75
54
74
54
73
54
72
54
71
54
70
54
69
54
68
54
67
55
66
55
65
55
64
56
63
56
62
56
61
56
60
57
59
58
58
58
57
59
56
60
55
61
54
62
53
63
52
64
51
65
50
66
50
67
50
68
49
69
48
70
48
71
48
72
48
73
48
74
48
75
48
76
48
77
47
78
47
79
47
80
47
81
47
82
48
83
48
84
48
85
48
86
48
87
49
88
49
89
49
90
50
91
51
92
51
93
52
94
53
95
54
96
55
97
56
98
57
99
58
99
59
99
60
100
61
100
62
100
63
100
64
100
65
100
66
100
67
100
68
99
69
99
70
98
71
98
72
97
73
97
74
96
75
95
76
94
77
93
78
92
79
91
79
90
80
89
80
88
81
87
82
86
83
85
84
84
85
84
87
82
88
83
89
84
90
85
91
85
92
86
93
87
93
88
94
89
94
90
95
91
96
92
97
92
98
93
99
93
100
93
101
93
102
93
103
93
104
93
105
93
106
94
107
94
108
94
