81
90
81
90
81
89
81
88
81
87
81
86
81
85
81
84
81
83
82
82
82
81
82
80
82
79
82
78
82
77
82
76
82
75
82
74
82
73
82
72
82
71
82
70
82
69
82
68
82
67
82
66
82
65
82
64
81
63
80
63
79
62
78
62
77
62
76
62
75
62
74
62
73
62
72
62
71
62
70
62
69
62
68
62
67
62
66
62
65
62
64
62
63
62
62
62
61
62
60
62
59
63
58
63
57
64
56
64
55
65
54
66
53
67
52
68
51
69
50
70
49
71
49
72
48
73
47
74
47
75
46
76
45
77
45
78
44
79
43
80
43
81
43
82
43
83
43
84
42
85
42
86
43
87
43
88
43
89
43
90
43
91
43
92
44
93
44
94
44
95
45
96
46
97
46
98
47
99
48
100
48
101
49
102
50
103
51
103
52
103
53
103
54
103
55
103
56
103
57
104
58
104
59
104
60
103
61
103
62
102
63
101
64
101
65
100
66
100
67
99
68
98
69
97
70
97
71
96
72
96
73
95
74
94
75
93
76
93
77
92
78
92
79
91
81
90
82
91
83
92
84
93
85
94
86
95
87
96
88
96
89
96
90
96
91
96
92
96
93
96
94
96
95
96
96
96
97
96
98
96
99
96
100
95
101
95
102
96
103
96
