79
85
79
85
80
84
80
83
80
82
80
81
80
80
80
79
80
78
80
77
80
76
80
75
80
74
80
73
80
72
80
71
80
70
80
69
80
68
80
67
80
66
80
65
80
64
80
63
80
62
80
61
80
60
80
59
80
58
79
57
78
57
77
57
76
57
75
57
74
57
73
57
72
58
71
58
70
58
69
58
68
58
67
58
66
58
65
59
64
59
63
59
62
59
61
59
60
60
59
61
58
61
57
62
56
62
55
63
54
63
53
64
52
65
51
66
50
66
49
67
48
68
47
69
46
70
45
71
44
72
43
73
42
74
42
75
41
76
41
77
41
78
41
79
41
80
41
81
41
82
42
83
42
84
42
85
42
86
42
87
42
88
43
89
43
90
44
91
45
92
46
93
47
94
48
95
49
96
50
96
51
96
52
96
53
97
54
97
55
97
56
97
57
97
58
97
59
97
60
97
61
97
62
97
63
97
64
96
65
96
66
95
67
94
68
94
69
93
70
92
71
92
72
91
73
90
73
89
74
88
75
87
76
87
77
86
80
84
80
85
81
86
82
86
83
87
84
88
85
89
86
90
87
91
88
91
89
92
90
92
91
92
92
93
93
93
94
93
95
93
96
93
97
93
98
93
99
93
100
93
101
93
102
93
