78
67
78
67
79
66
79
65
78
64
78
63
78
62
78
61
78
60
78
59
77
58
77
57
77
56
77
55
77
54
77
53
77
52
76
51
76
50
76
49
76
48
76
47
76
46
76
45
76
44
76
43
76
42
76
41
76
40
77
39
78
39
79
38
80
37
81
36
82
36
83
36
84
36
85
35
86
35
87
34
88
34
89
34
90
34
91
34
92
34
93
33
94
33
95
33
96
33
97
33
98
33
99
33
100
32
101
32
102
32
103
31
104
31
105
31
106
31
107
31
108
30
109
30
110
30
111
30
112
29
78
67
79
68
80
69
81
70
82
71
83
72
83
73
84
74
84
75
85
76
85
77
85
78
85
79
85
80
86
81
86
82
86
83
86
84
86
85
86
86
86
87
86
88
86
89
86
90
86
91
86
92
86
93
86
94
86
95
86
96
85
97
85
98
84
99
84
100
84
101
83
102
83
103
82
104
82
105
81
106
80
107
79
108
78
109
77
110
76
110
75
110
74
110
73
111
72
111
71
111
70
111
69
111
68
111
67
111
66
111
65
111
64
111
63
110
62
110
61
110
60
109
59
109
58
109
57
108
56
107
55
106
54
106
53
105
52
104
51
103
50
102
50
101
49
100
49
99
48
98
48
97
48
96
48
95
48
94
47
93
47
92
47
91
47
90
47
89
48
88
48
87
48
86
48
85
48
84
49
83
49
82
49
81
50
80
51
79
51
78
52
77
53
76
54
75
55
74
56
73
57
73
58
72
59
71
60
70
61
70
62
70
63
69
64
69
65
69
66
69
67
68
68
68
69
68
70
68
71
68
72
68
73
68
74
68
75
68
76
68
