71
72
71
72
72
71
72
72
73
73
74
74
75
75
76
76
77
76
78
77
79
78
80
79
80
80
80
81
80
82
80
83
81
84
81
85
81
86
81
87
81
88
81
89
81
90
81
91
80
92
80
93
80
94
80
95
80
96
79
97
79
98
79
99
79
100
79
101
79
102
78
103
77
104
76
105
76
106
76
107
75
108
74
109
73
109
72
110
71
111
70
112
69
112
68
112
67
113
66
113
65
113
64
113
63
113
62
113
61
113
60
113
59
113
58
114
57
113
56
113
55
113
54
113
53
113
52
113
51
112
50
112
49
112
48
111
47
111
46
111
45
110
44
110
43
109
42
109
41
108
40
107
39
106
39
105
39
104
39
103
38
102
38
101
38
100
38
99
37
98
37
97
37
96
37
95
38
94
38
93
38
92
38
91
39
90
39
89
39
88
40
87
40
86
41
85
41
84
41
83
42
82
43
81
44
80
45
79
46
78
47
77
48
77
49
76
50
75
51
75
52
74
53
74
54
74
55
73
56
73
57
73
58
73
59
73
60
73
61
73
62
73
63
73
64
73
65
73
66
73
67
73
68
73
69
73
72
71
71
70
71
69
71
68
71
67
70
66
70
65
70
64
70
63
69
62
69
61
69
60
69
59
69
58
68
57
68
56
67
55
67
54
66
53
65
52
65
51
65
50
65
49
64
48
64
47
64
46
64
45
64
44
63
43
63
42
64
41
64
40
65
39
65
38
66
37
67
36
68
36
69
35
70
34
71
34
72
33
73
33
74
33
75
33
76
33
77
33
78
32
79
32
80
31
81
31
82
31
83
30
84
30
85
30
86
30
87
30
88
30
89
29
90
29
