70
72
70
72
71
71
71
70
70
69
70
68
70
67
70
66
69
65
69
64
69
63
69
62
68
61
68
60
68
59
68
58
67
57
66
56
66
55
65
54
64
53
64
52
64
51
64
50
63
49
63
48
63
47
63
46
63
45
63
44
62
43
62
42
62
41
63
40
63
39
63
38
64
37
65
36
66
35
67
34
68
33
69
32
70
31
71
31
72
30
73
30
74
29
75
29
76
29
77
28
78
28
79
28
80
27
81
27
82
27
83
26
84
26
85
26
86
25
87
25
88
24
89
24
90
24
91
24
92
23
93
23
71
71
71
72
72
73
73
73
74
74
75
75
76
76
77
77
77
78
78
79
79
79
80
80
80
81
80
82
81
83
82
84
82
85
82
86
82
87
83
88
83
89
83
90
83
91
83
92
83
93
83
94
83
95
82
96
82
97
82
98
82
99
81
100
81
101
81
102
80
103
79
104
79
105
78
106
77
107
77
108
76
109
75
110
74
111
73
112
72
113
71
113
70
114
69
114
68
114
67
114
66
114
65
114
64
115
63
115
62
114
61
114
60
114
59
113
58
113
57
113
56
113
55
113
54
113
53
113
52
112
51
112
50
111
49
111
48
110
47
109
46
108
45
107
45
106
44
105
44
104
44
103
44
102
43
101
43
100
43
99
43
98
43
97
43
96
43
95
42
94
42
93
42
92
43
91
43
90
43
89
43
88
43
87
43
86
44
85
44
84
44
83
45
82
45
81
46
80
47
79
47
78
48
77
49
76
50
76
51
75
52
74
53
74
54
73
55
73
56
73
57
73
58
73
59
73
60
73
61
72
62
72
63
72
64
72
65
72
66
72
67
72
68
72
