79
74
79
74
80
73
79
72
79
71
79
70
79
69
78
68
78
67
78
66
78
65
78
64
77
63
77
62
77
61
77
60
76
59
75
58
75
57
74
56
73
55
72
54
72
53
71
52
70
51
69
50
68
49
68
48
67
47
67
46
67
45
67
44
67
43
67
42
66
41
66
40
66
39
66
38
66
37
67
36
67
35
68
34
69
33
70
32
71
31
72
30
73
30
74
30
75
30
76
29
77
29
78
28
79
28
80
27
81
27
82
27
83
26
84
26
85
25
86
25
87
25
88
25
89
25
79
74
80
75
81
76
82
76
83
77
83
78
84
79
85
80
86
81
86
82
87
83
87
84
87
85
87
86
87
87
87
88
87
89
87
90
87
91
87
92
86
93
86
94
86
95
86
96
86
97
86
98
86
99
86
100
86
101
85
102
85
103
85
104
85
105
84
106
83
107
82
108
81
109
81
110
80
111
79
112
78
112
77
113
76
114
75
114
74
114
73
114
72
114
71
115
70
114
69
114
68
114
67
114
66
114
65
114
64
114
63
114
62
113
61
113
60
112
59
111
58
111
57
110
56
109
55
108
54
107
53
106
52
105
51
104
51
103
51
102
50
101
50
100
50
99
50
98
50
97
49
96
49
95
49
94
49
93
49
92
49
91
49
90
49
89
50
88
50
87
50
86
50
85
51
84
52
83
53
82
54
81
55
80
56
79
57
78
58
77
59
76
60
75
61
75
62
75
63
75
64
75
65
75
66
74
67
74
68
74
69
74
70
74
71
74
72
74
73
74
74
74
75
74
76
74
77
74
