69
68
69
68
70
69
71
69
72
69
73
68
74
67
75
66
76
65
77
64
78
63
79
62
80
62
81
62
82
61
83
60
84
59
85
58
86
57
87
56
88
55
89
54
90
53
90
52
90
51
91
50
92
49
92
48
92
47
93
46
93
45
93
44
93
43
93
42
93
41
94
40
94
39
94
38
94
37
94
36
94
35
93
34
92
33
91
33
90
32
89
32
88
32
87
32
86
32
85
32
84
32
83
33
82
33
81
33
80
34
79
34
78
35
77
36
76
37
76
38
75
39
74
40
74
41
73
42
72
43
72
44
72
45
71
46
70
47
70
48
70
49
69
50
69
51
69
52
68
53
68
54
68
55
68
56
68
57
67
58
67
59
67
60
67
61
66
62
66
63
66
64
66
65
67
66
72
69
72
70
73
71
74
72
75
73
76
74
77
75
78
76
79
77
80
78
81
79
81
80
81
81
81
82
82
83
82
84
82
85
81
86
81
87
81
88
81
89
81
90
81
91
81
92
80
93
80
94
79
95
79
96
78
97
78
98
77
99
76
99
75
100
74
100
73
101
72
102
71
102
70
102
69
102
68
102
67
103
66
102
65
102
64
102
63
102
62
101
61
101
60
100
59
99
58
98
57
97
56
96
56
95
56
94
56
93
56
92
55
91
55
90
55
89
55
88
55
87
54
86
54
85
54
84
55
83
55
82
55
81
55
80
55
79
56
78
57
77
58
76
58
75
59
74
60
73
61
72
62
71
63
71
64
71
65
70
66
70
67
69
