52
70
52
70
52
69
52
68
52
67
52
66
53
65
53
64
53
63
53
62
53
61
54
60
54
59
54
58
55
57
55
56
55
55
56
54
56
53
57
52
57
51
58
50
59
49
60
48
60
47
61
46
62
45
63
44
64
43
64
42
65
41
66
40
67
39
67
38
68
37
69
36
70
35
71
34
72
33
73
32
74
31
75
30
76
29
77
29
78
29
79
28
80
28
81
28
82
28
83
28
84
28
85
28
86
29
87
29
88
29
89
29
90
30
91
31
92
32
92
33
93
34
93
35
93
36
93
37
93
38
93
39
93
40
93
41
92
42
92
43
92
44
92
45
92
46
91
47
91
48
91
49
91
50
90
51
89
52
88
53
87
54
86
55
86
56
85
57
84
58
83
59
82
60
81
61
80
62
79
62
78
63
77
64
76
65
75
66
74
67
73
68
72
69
72
70
71
71
70
72
71
73
72
74
73
75
73
76
74
77
74
78
75
79
75
80
76
81
76
82
76
83
76
84
76
85
76
86
76
87
76
88
76
89
76
90
75
91
75
92
74
93
73
94
73
95
73
96
72
97
71
98
70
99
69
100
68
101
67
101
66
102
65
102
64
103
63
103
62
103
61
104
60
104
59
104
58
104
57
104
56
104
55
104
54
104
53
103
52
103
51
103
50
103
49
103
48
103
47
103
46
103
45
102
44
101
43
100
43
99
43
98
42
97
42
96
42
95
42
94
42
93
42
92
42
91
42
90
42
89
42
88
43
87
43
86
43
85
44
84
44
83
44
82
44
81
44
80
44
79
45
78
45
77
46
76
46
75
47
74
48
73
49
73
50
72
70
72
69
72
68
72
67
72
66
72
65
72
64
72
63
72
62
72
61
72
60
72
59
72
58
72
57
72
56
72
55
72
54
72
