60
64
60
64
60
63
61
63
62
63
63
63
64
63
65
63
66
63
67
63
68
63
69
63
70
63
71
63
72
63
73
63
74
63
75
63
76
62
77
61
77
60
78
59
78
58
79
57
79
56
80
55
81
54
82
53
83
52
84
51
85
50
86
49
86
48
87
47
88
46
89
45
89
44
89
43
90
42
90
41
90
40
91
39
91
38
91
37
91
36
91
35
92
34
92
33
92
32
91
31
91
30
91
29
91
28
90
27
89
27
88
27
87
26
86
26
85
26
84
26
83
26
82
26
81
27
80
27
79
27
78
27
77
28
76
29
75
29
74
30
73
31
72
32
72
33
71
34
70
35
70
36
69
37
68
38
67
39
67
40
66
41
65
42
64
43
64
44
63
45
63
46
62
47
62
48
61
49
61
50
61
51
61
52
60
53
60
54
60
55
60
56
60
57
60
58
59
59
59
60
59
61
75
63
75
64
76
65
77
66
77
67
78
68
78
69
78
70
78
71
78
72
78
73
78
74
78
75
77
76
77
77
77
78
77
79
77
80
77
81
77
82
76
83
75
84
75
85
75
86
74
87
73
88
72
89
71
90
70
91
69
92
68
92
67
93
66
94
65
94
64
95
63
95
62
95
61
95
60
95
59
95
58
94
57
94
56
94
55
94
54
94
53
93
52
92
51
91
50
90
50
89
50
88
49
87
49
86
49
85
49
84
49
83
49
82
49
81
49
80
49
79
49
78
49
77
49
76
50
75
51
74
51
73
52
72
52
71
53
70
54
70
55
69
56
68
57
67
58
66
