47
76
47
76
47
75
48
74
48
73
48
72
48
71
48
70
49
69
49
68
49
67
49
66
49
65
50
64
50
63
50
62
51
61
51
60
52
59
53
58
54
57
54
56
55
55
56
54
56
53
57
52
57
51
58
50
59
49
60
48
61
47
62
46
63
45
63
44
64
43
65
42
66
41
67
40
68
39
69
38
70
37
71
36
72
35
73
35
74
34
75
33
76
32
77
31
78
31
79
31
80
31
81
31
82
30
83
30
84
30
85
30
86
30
87
30
88
31
89
31
90
32
91
33
91
34
92
35
92
36
91
37
91
38
91
39
91
40
91
41
91
42
90
43
90
44
90
45
90
46
90
47
89
48
89
49
88
50
87
51
86
52
85
53
85
54
84
55
83
56
83
57
82
58
81
59
80
60
79
61
78
62
77
63
76
64
75
65
74
66
73
67
72
68
71
69
70
70
69
70
68
71
67
72
66
73
66
74
65
75
64
76
63
77
63
78
63
79
64
80
65
81
65
82
66
83
66
84
67
85
67
86
67
87
67
88
67
89
67
90
67
91
67
92
67
93
66
94
66
95
66
96
65
97
65
98
65
99
64
100
63
101
62
102
61
103
60
104
59
105
58
106
57
106
56
107
55
107
54
107
53
107
52
107
51
107
50
108
49
108
48
108
47
107
46
107
45
107
44
106
43
105
42
104
42
103
42
102
42
101
41
100
41
99
41
98
41
97
41
96
41
95
41
94
41
93
41
92
41
91
41
90
41
89
41
88
41
87
41
86
41
85
42
84
42
83
42
82
43
81
43
80
44
79
45
78
63
78
62
77
61
77
60
77
59
77
58
77
57
77
56
77
55
77
54
77
53
77
52
77
51
77
50
77
49
77
