57
73
57
73
57
72
58
73
59
73
60
73
61
73
62
73
63
73
64
73
65
73
66
73
67
73
68
73
69
72
70
71
71
70
72
69
73
68
73
67
74
66
74
65
75
64
76
63
77
62
78
61
79
60
80
59
81
58
82
57
82
56
83
55
83
54
84
53
85
52
86
51
87
50
87
49
88
48
89
47
89
46
90
45
91
44
91
43
92
42
93
41
93
40
93
39
93
38
94
37
94
36
94
35
94
34
95
33
95
32
95
31
94
30
94
29
94
28
93
27
92
26
91
26
90
26
89
26
88
25
87
25
86
25
85
25
84
26
83
26
82
26
81
26
80
27
79
27
78
28
77
29
76
30
75
31
74
32
74
33
73
34
72
35
71
36
70
37
70
38
69
39
68
40
68
41
67
42
66
43
66
44
65
45
65
46
64
47
63
48
62
49
62
50
61
51
61
52
60
53
60
54
59
55
58
56
58
57
58
58
58
59
58
60
58
61
57
62
57
63
57
64
57
65
56
66
56
67
56
68
56
69
55
70
69
72
69
73
70
74
71
75
72
76
73
77
74
78
74
79
74
80
75
81
76
82
76
83
76
84
76
85
76
86
76
87
76
88
76
89
75
90
75
91
75
92
75
93
75
94
74
95
73
96
73
97
72
98
71
99
70
100
69
100
68
101
67
101
66
101
65
102
64
102
63
103
62
103
61
103
60
103
59
103
58
103
57
103
56
102
55
102
54
102
53
102
52
101
51
100
50
99
49
98
49
97
48
96
48
95
48
94
47
93
47
92
47
91
47
90
47
89
48
88
48
87
48
86
48
85
48
84
48
83
48
82
48
81
49
80
49
79
49
78
50
77
51
77
52
76
53
75
54
75
55
75
