54
72
54
72
54
71
55
72
56
72
57
72
58
72
59
72
60
72
61
72
62
72
63
72
64
73
65
72
66
71
67
70
68
69
69
68
70
67
71
66
72
65
73
65
74
64
75
63
76
62
77
61
78
60
79
59
80
58
81
57
82
56
83
55
84
54
85
53
86
52
87
51
87
50
88
49
89
48
89
47
90
46
90
45
90
44
90
43
91
42
91
41
91
40
91
39
91
38
91
37
91
36
91
35
91
34
90
33
89
32
88
31
87
31
86
31
85
30
84
30
83
30
82
30
81
30
80
31
79
31
78
31
77
31
76
31
75
32
74
33
73
34
72
35
71
36
70
37
69
38
68
39
67
40
66
41
65
42
64
43
64
44
64
45
63
46
62
47
61
48
61
49
60
50
60
51
59
52
58
53
57
54
57
55
57
56
56
57
56
58
56
59
56
60
55
61
55
62
55
63
55
64
54
65
54
66
54
67
54
68
53
69
64
73
65
74
66
75
67
76
67
77
68
78
68
79
68
80
69
81
69
82
70
83
70
84
70
85
70
86
70
87
70
88
70
89
70
90
70
91
70
92
70
93
69
94
69
95
69
96
68
97
68
98
67
99
66
100
65
101
64
102
63
103
62
103
61
104
60
105
59
106
58
106
57
106
56
105
55
105
54
105
53
105
52
105
51
105
50
105
49
105
48
104
47
103
46
102
45
101
44
100
43
99
43
98
43
97
42
96
42
95
42
94
42
93
42
92
42
91
42
90
42
89
43
88
43
87
43
86
43
85
43
84
43
83
44
82
44
81
44
80
45
79
45
78
45
77
46
76
47
75
48
75
49
75
50
74
51
73
52
73
