49
77
49
77
50
76
51
75
52
74
53
74
54
74
55
74
56
73
57
73
58
72
59
72
60
72
61
71
62
70
63
69
64
68
64
67
65
66
65
65
65
64
65
63
65
62
65
61
66
60
66
59
67
58
67
57
67
56
67
55
67
54
68
53
68
52
68
51
68
50
69
49
70
48
70
47
70
46
71
45
71
44
71
43
72
42
72
41
72
40
72
39
72
38
73
37
73
36
73
35
73
34
73
33
73
32
73
31
73
30
72
29
71
28
70
27
69
27
68
27
67
27
66
28
65
29
65
30
64
31
63
32
62
33
61
34
61
35
60
36
60
37
59
38
58
39
58
40
57
41
57
42
57
43
56
44
55
45
55
46
55
47
54
48
54
49
54
50
53
51
53
52
53
53
53
54
53
55
52
56
52
57
51
58
51
59
51
60
51
61
51
62
51
63
51
64
51
65
51
66
51
67
51
68
51
69
51
70
51
71
51
72
49
77
50
78
51
79
51
80
51
81
51
82
51
83
52
84
53
85
54
84
55
84
56
83
57
82
58
81
59
81
60
80
61
79
62
79
63
78
64
78
65
77
66
76
67
76
68
76
69
76
70
76
71
76
72
76
73
76
74
77
75
78
76
79
77
80
78
81
79
82
80
83
80
84
80
85
80
86
80
87
80
88
79
89
79
90
78
91
78
92
77
93
76
94
75
95
75
96
74
97
73
98
72
99
72
100
71
101
70
102
69
103
68
104
67
104
66
105
65
105
64
105
63
105
62
105
61
104
60
104
59
104
58
104
57
103
56
102
55
102
54
101
54
100
53
99
52
98
51
97
51
96
51
95
51
94
51
93
51
92
51
91
51
90
51
89
51
88
51
87
51
86
49
77
48
77
