88
109
88
109
87
109
86
110
85
110
84
111
83
111
82
111
81
111
80
112
79
112
78
112
77
112
76
112
75
112
74
113
73
113
72
113
71
113
70
113
69
113
68
113
67
113
66
113
65
113
64
113
63
113
62
113
61
112
60
111
60
110
59
109
59
108
59
107
59
106
59
105
59
104
59
103
60
102
60
101
60
100
60
99
60
98
61
97
61
96
62
95
63
94
63
93
64
92
65
91
66
90
67
89
68
88
69
87
70
86
71
85
72
84
73
83
73
82
74
81
75
80
75
79
75
78
76
77
77
76
77
75
77
74
77
73
78
72
78
71
78
70
79
69
79
68
79
67
79
66
79
65
79
64
79
63
79
62
79
61
79
60
79
59
78
58
77
57
76
57
75
56
74
56
73
55
72
55
71
55
70
55
69
55
68
55
67
55
66
55
65
55
64
55
63
56
62
56
61
57
60
57
59
58
58
59
