94
104
94
104
93
104
92
104
91
104
90
105
89
105
88
106
87
106
86
106
85
106
84
107
83
107
82
107
81
107
80
107
79
107
78
107
77
107
76
108
75
108
74
107
73
107
72
106
71
106
70
105
69
104
68
103
67
102
66
101
66
100
66
99
65
98
65
97
65
96
65
95
65
94
66
93
66
92
66
91
66
90
67
89
68
88
68
87
69
86
69
85
70
84
71
83
71
82
72
81
73
80
74
79
75
78
76
77
76
76
77
75
78
75
79
74
80
73
81
72
82
71
83
70
84
69
84
68
85
67
85
66
86
65
86
64
87
63
87
62
88
61
88
60
89
59
89
58
89
57
90
56
90
55
90
54
90
53
90
52
90
51
90
50
90
49
90
48
89
47
89
46
88
45
87
44
86
44
85
43
84
43
83
43
82
43
81
43
80
42
79
42
78
42
77
42
76
42
75
42
74
42
73
42
72
42
71
42
70
42
69
43
68
43
67
43
66
44
65
45
64
45
63
46
62
46
61
47
60
48
59
49
58
50
57
51
56
51
