87
42
87
42
87
43
87
44
87
45
87
46
87
47
87
48
87
49
87
50
87
51
87
52
87
53
87
54
87
55
87
56
86
57
86
58
86
59
85
60
84
61
84
62
83
63
82
64
82
65
81
66
80
67
80
68
79
69
78
70
77
71
76
72
76
73
75
74
74
75
74
76
74
77
73
78
72
79
71
80
70
81
69
82
68
83
67
84
66
85
66
86
65
87
64
88
64
89
64
90
63
91
62
92
62
93
62
94
62
95
62
96
62
97
62
98
62
99
62
100
63
101
63
102
64
103
65
104
66
104
67
105
68
105
69
105
70
105
71
106
72
106
73
106
74
106
75
105
76
105
77
105
78
105
79
105
80
104
81
104
82
104
83
103
84
103
85
103
86
102
87
42
86
41
85
40
84
39
83
38
82
37
81
37
80
36
79
36
78
36
77
36
76
36
75
35
74
35
73
35
72
35
71
35
70
35
69
35
68
36
67
36
66
36
65
36
64
37
63
37
62
38
61
38
60
39
59
39
58
40
57
41
56
42
55
43
54
44
