85
51
85
51
85
52
85
53
85
54
84
55
84
56
84
57
84
58
84
59
84
60
83
61
83
62
82
63
81
64
80
65
79
66
78
67
77
68
77
69
76
70
75
71
75
72
74
73
73
74
72
75
71
76
70
77
69
78
68
79
67
80
67
81
66
82
65
83
64
84
63
85
62
86
61
87
60
88
59
89
59
90
59
91
58
92
58
93
58
94
58
95
57
96
57
97
58
98
58
99
58
100
58
101
59
102
60
103
61
104
62
105
63
105
64
105
65
105
66
105
67
104
68
104
69
104
70
104
71
104
72
104
73
104
74
103
75
103
76
103
77
103
78
102
79
102
80
102
81
101
85
51
84
50
84
49
84
48
84
47
83
46
82
45
81
44
80
43
79
42
78
42
77
42
76
42
75
41
74
41
73
41
72
41
71
41
70
41
69
41
68
41
67
41
66
41
65
41
64
41
63
41
62
42
61
42
60
43
59
43
58
44
57
45
56
45
55
46
54
47
