69
91
69
91
70
90
70
89
71
88
71
87
71
86
71
85
71
84
71
83
72
82
72
81
73
80
73
79
73
78
74
77
75
76
76
75
76
74
77
73
77
72
77
71
77
70
77
69
78
68
78
67
78
66
78
65
78
64
78
63
78
62
78
61
78
60
79
59
79
58
79
57
79
56
80
55
80
54
80
53
80
52
80
51
80
50
80
49
81
48
81
47
81
46
81
45
81
44
81
43
81
42
81
41
81
40
80
39
79
38
78
37
77
37
76
36
75
36
74
36
73
36
72
36
71
36
70
36
69
36
68
36
67
36
66
36
65
36
64
37
63
37
62
37
61
37
60
38
59
38
58
39
57
39
56
40
55
41
54
41
53
42
52
43
51
44
50
45
49
46
49
47
48
48
48
49
48
50
47
51
47
52
46
53
46
54
46
55
46
56
46
57
46
58
46
59
46
60
47
61
47
62
47
63
47
64
48
65
48
66
48
67
49
68
50
69
50
70
51
71
52
72
53
73
54
74
55
75
56
75
57
76
58
76
59
77
60
77
61
77
62
77
63
77
64
77
65
78
66
78
67
79
68
80
69
81
77
73
78
74
79
74
80
74
81
74
82
73
70
90
70
91
71
92
72
93
73
94
73
95
73
96
73
97
73
98
73
99
72
100
72
101
72
102
72
103
72
104
72
105
71
106
71
107
71
108
71
109
71
110
70
111
70
112
70
113
70
114
70
115
69
116
68
117
67
118
66
118
65
118
64
118
63
118
62
117
61
117
60
117
59
116
58
116
57
116
56
115
55
114
55
113
54
112
54
111
54
110
54
109
53
108
53
107
53
106
53
105
53
104
54
103
54
102
54
101
55
100
56
99
57
98
58
97
59
96
60
95
61
94
62
94
63
94
64
93
65
93
66
93
67
92
