78
94
78
94
79
93
80
92
81
91
81
90
81
89
81
88
81
87
82
86
82
85
82
84
82
83
82
82
82
81
83
81
84
81
85
80
86
79
87
78
88
77
88
76
88
75
88
74
88
73
88
72
88
71
88
70
88
69
88
68
89
67
89
66
89
65
90
64
90
63
91
62
91
61
91
60
92
59
92
58
92
57
92
56
92
55
92
54
93
53
93
52
94
51
94
50
95
49
95
48
96
47
96
46
95
45
95
44
95
43
95
42
95
41
95
40
94
39
94
38
94
37
94
36
94
35
93
34
92
33
92
32
91
31
90
31
89
31
88
31
87
30
86
30
85
30
84
30
83
30
82
30
81
30
80
31
79
31
78
31
77
31
76
31
75
32
74
33
73
34
72
35
71
36
70
37
70
38
69
39
68
40
68
41
67
42
66
43
66
44
66
45
65
46
64
47
64
48
64
49
64
50
64
51
64
52
64
53
63
54
63
55
63
56
63
57
63
58
64
59
64
60
64
61
64
62
64
63
64
64
64
65
64
66
65
67
65
68
65
69
65
70
66
71
66
72
67
73
68
74
69
75
70
76
71
77
72
77
73
77
74
77
75
77
76
78
77
78
78
78
79
78
80
79
78
94
79
95
79
96
79
97
79
98
79
99
79
100
79
101
79
102
79
103
78
104
78
105
78
106
78
107
78
108
78
109
78
110
77
111
77
112
76
113
76
114
75
115
74
116
73
117
72
118
71
118
70
118
69
118
68
118
67
118
66
118
65
117
64
117
63
117
62
116
61
115
60
114
60
113
59
112
59
111
59
110
59
109
59
108
58
107
58
106
58
105
58
104
59
103
59
102
60
101
61
101
62
100
63
99
64
98
65
98
66
97
67
96
68
96
69
96
70
96
71
96
72
96
73
95
74
95
75
95
76
95
