62
78
62
78
62
77
63
78
64
78
65
78
66
78
67
77
68
76
68
75
69
74
69
73
70
72
71
71
72
70
73
70
74
69
75
68
75
67
75
66
75
65
76
64
76
63
76
62
76
61
76
60
76
59
76
58
76
57
76
56
76
55
77
54
77
53
77
52
77
51
77
50
77
49
78
48
78
47
78
46
78
45
78
44
77
43
76
42
75
41
74
40
73
39
72
38
71
37
70
37
69
37
68
37
67
36
66
36
65
36
64
36
63
36
62
36
61
35
60
36
59
36
58
36
57
37
56
38
55
39
54
39
53
40
52
41
52
42
51
43
51
44
50
45
50
46
49
47
48
48
48
49
48
50
48
51
48
52
48
53
48
54
48
55
47
56
47
57
48
58
48
59
48
60
48
61
48
62
48
63
49
64
49
65
49
66
50
67
51
68
52
69
53
70
54
71
55
71
56
71
57
72
58
73
59
74
60
75
75
68
75
69
76
70
77
71
78
71
79
71
80
71
81
71
82
70
83
70
66
78
66
79
67
80
68
81
69
82
70
83
70
84
70
85
70
86
70
87
70
88
70
89
70
90
70
91
70
92
70
93
70
94
69
95
69
96
69
97
69
98
68
99
68
100
68
101
68
102
68
103
68
104
67
105
67
106
66
107
66
108
65
109
64
110
63
110
62
110
61
111
60
110
59
110
58
110
57
110
56
109
55
109
54
109
53
109
52
108
51
107
50
106
49
105
49
104
49
103
48
102
48
101
48
100
48
99
47
98
47
97
47
96
48
95
48
94
48
93
48
92
49
91
50
90
51
89
52
88
53
87
54
86
55
85
56
84
57
83
58
82
59
81
60
80
