59
80
59
80
60
80
61
80
62
80
63
80
64
80
65
80
66
80
67
80
68
81
69
80
70
80
71
79
71
78
72
77
73
76
74
75
75
74
76
73
77
72
77
71
78
70
78
69
78
68
78
67
79
66
79
65
79
64
79
63
79
62
79
61
79
60
79
59
79
58
79
57
79
56
80
55
80
54
80
53
80
52
79
51
79
50
79
49
78
48
78
47
77
46
76
46
75
45
74
45
73
44
72
44
71
44
70
44
69
44
68
44
67
43
66
43
65
43
64
43
63
44
62
44
61
44
60
44
59
44
58
45
57
45
56
46
55
47
55
48
54
49
53
50
53
51
52
52
52
53
52
54
51
55
51
56
51
57
51
58
51
59
51
60
51
61
50
62
50
63
50
64
50
65
51
66
51
67
51
68
51
69
52
70
52
71
52
72
53
73
54
74
54
75
55
76
56
77
57
78
68
81
69
82
70
83
70
84
70
85
70
86
70
87
70
88
70
89
70
90
70
91
70
92
70
93
69
94
69
95
69
96
69
97
69
98
69
99
69
100
69
101
68
102
68
103
68
104
68
105
67
106
67
107
66
108
65
109
65
110
64
111
63
112
62
112
61
113
60
113
59
113
58
113
57
114
56
114
55
113
54
113
53
113
52
113
51
113
50
112
49
112
48
111
47
110
46
109
45
108
45
107
45
106
44
105
44
104
44
103
44
102
44
101
44
100
44
99
44
98
44
97
45
96
46
95
47
94
48
93
48
92
49
91
50
90
51
89
51
88
52
87
53
86
54
85
55
84
56
83
57
82
