52
81
52
81
52
80
52
79
52
78
53
77
53
76
53
75
53
74
53
73
54
72
54
71
54
70
54
69
54
68
55
67
56
66
56
65
57
64
58
63
58
62
58
61
59
60
60
59
61
58
62
57
63
56
64
55
65
55
66
54
67
54
68
54
69
53
70
53
71
53
72
54
73
54
74
54
75
54
76
54
77
55
78
55
79
56
80
57
81
58
81
59
82
60
82
61
82
62
82
63
82
64
82
65
82
66
81
67
81
68
81
69
80
70
80
71
79
72
78
73
77
74
76
75
75
76
74
77
73
78
72
79
71
79
70
80
69
81
68
81
67
81
66
81
65
81
64
81
63
81
62
82
61
82
60
82
59
82
58
82
57
82
56
82
55
82
54
82
52
81
51
82
50
83
49
84
49
85
49
86
48
87
48
88
48
89
48
90
48
91
47
92
47
93
47
94
47
95
47
96
48
97
48
98
48
99
48
100
48
101
48
102
49
103
50
104
50
105
51
106
52
107
53
108
54
108
55
109
56
109
57
110
58
110
59
110
60
110
61
110
62
110
63
110
64
110
65
110
66
110
67
109
68
109
69
109
70
109
71
109
72
109
73
108
74
108
75
108
76
108
77
108
78
107
79
107
80
107
81
106
82
106
