50
83
50
83
50
82
50
81
50
80
50
79
51
78
51
77
51
76
51
75
51
74
51
73
52
72
52
71
52
70
52
69
53
68
53
67
54
66
54
65
54
64
55
63
56
62
56
61
57
60
58
59
58
58
59
57
60
56
61
55
62
54
62
53
63
52
64
51
65
51
66
50
67
49
68
49
69
49
70
49
71
48
72
48
73
48
74
48
75
49
76
49
77
49
78
49
79
50
80
50
81
50
82
50
83
50
84
51
85
52
86
52
87
53
88
54
88
55
88
56
88
57
89
58
89
59
89
60
89
61
88
62
88
63
88
64
88
65
87
66
87
67
86
68
85
69
84
70
83
71
82
72
81
72
80
73
79
74
78
75
77
76
76
76
75
77
74
78
73
78
72
79
71
79
70
80
69
80
68
81
67
82
66
83
65
83
64
83
63
83
62
83
61
83
60
84
59
84
58
84
57
84
56
84
55
84
54
85
53
85
52
84
50
83
49
84
48
85
47
86
47
87
46
88
45
89
45
90
45
91
45
92
45
93
44
94
44
95
44
96
44
97
44
98
44
99
44
100
45
101
45
102
45
103
45
104
45
105
46
106
46
107
47
108
48
109
49
110
50
111
51
111
52
112
53
113
54
113
55
113
56
113
57
113
58
113
59
113
60
113
61
113
62
113
63
113
64
113
65
113
66
113
67
113
68
114
69
114
70
114
71
114
72
113
73
113
74
113
75
113
76
112
77
112
78
112
79
111
80
111
81
110
82
110
83
109
84
108
85
108
86
107
87
107
88
107
89
106
