57
80
57
80
58
79
58
78
58
77
58
76
58
75
58
74
59
73
59
72
59
71
59
70
60
69
60
68
60
67
60
66
61
65
62
64
62
63
62
62
63
61
64
60
65
59
66
58
67
57
67
56
68
55
69
54
70
53
71
53
72
52
73
51
74
50
75
50
76
50
77
49
78
48
79
48
80
47
81
47
82
47
83
47
84
47
85
47
86
47
87
47
88
47
89
47
90
48
91
48
92
48
93
49
93
50
93
51
94
52
94
53
94
54
94
55
93
56
93
57
93
58
93
59
93
60
92
61
92
62
91
63
90
64
90
65
89
66
88
67
87
68
86
69
86
70
85
71
84
72
83
73
82
73
81
74
80
75
79
75
78
76
77
76
76
77
75
77
74
78
73
78
72
79
71
79
70
79
69
80
68
80
67
80
66
80
65
80
64
80
63
80
62
81
61
81
60
81
59
81
57
80
56
81
55
82
55
83
54
84
54
85
54
86
54
87
54
88
55
89
55
90
55
91
55
92
56
93
56
94
56
95
57
96
58
97
59
97
60
98
61
99
62
100
63
100
64
101
65
101
66
101
67
101
68
101
69
101
70
102
71
102
72
102
73
102
74
102
75
102
76
102
77
102
78
102
79
101
80
100
81
100
82
100
83
100
84
99
85
99
86
99
87
98
88
98
89
98
