48
90
48
90
48
89
48
88
48
87
48
86
48
85
48
84
49
83
49
82
49
81
49
80
49
79
49
78
50
77
50
76
51
75
51
74
52
73
53
72
54
71
55
70
56
69
57
68
58
67
59
66
60
65
61
64
62
64
63
63
64
62
65
62
66
62
67
61
68
61
69
61
70
61
71
61
72
60
73
60
74
61
75
61
76
61
77
61
78
61
79
62
80
62
81
62
82
63
82
64
83
65
84
66
84
67
84
68
84
69
84
70
84
71
84
72
84
73
84
74
83
75
82
76
82
77
82
78
81
79
80
80
79
81
78
82
77
83
76
84
75
85
74
86
73
87
72
87
71
88
70
88
69
88
68
89
67
89
66
89
65
89
64
90
63
90
62
90
61
90
60
90
59
90
58
90
57
90
56
90
55
90
54
90
53
90
52
90
51
90
50
90
48
90
47
91
47
92
47
93
47
94
47
95
47
96
47
97
47
98
48
99
48
100
48
101
48
102
48
103
48
104
49
105
49
106
50
107
50
108
51
109
52
110
53
111
54
111
55
112
56
112
57
113
58
113
59
113
60
114
61
114
62
114
63
114
64
114
65
114
66
114
67
114
68
114
69
114
70
114
71
114
72
114
73
114
74
114
75
114
76
114
77
114
78
114
79
114
80
114
81
114
82
114
83
114
84
113
85
113
