54
77
54
77
55
77
56
77
57
76
58
76
59
76
60
76
61
76
62
76
63
76
64
76
65
76
66
76
67
76
68
75
69
75
70
74
71
73
71
72
71
71
71
70
71
69
72
68
72
67
72
66
70
74
70
75
71
76
72
77
73
78
73
79
73
80
73
81
73
82
73
83
74
84
75
85
76
86
77
86
78
85
79
85
80
84
81
84
82
84
83
83
84
83
85
83
86
83
87
82
88
82
89
82
90
81
91
81
92
81
93
80
94
80
95
80
96
79
97
79
98
78
98
77
99
76
100
75
100
74
100
73
101
72
101
71
102
70
103
69
103
68
104
67
105
66
106
65
107
64
107
63
108
62
109
61
110
61
111
60
112
60
113
59
97
79
98
80
98
81
99
82
99
83
99
84
99
85
99
86
99
87
100
88
100
89
100
90
100
91
101
92
101
93
102
94
102
95
103
96
104
97
105
97
106
98
107
98
108
98
109
99
110
99
111
99
112
99
113
99
114
99
115
99
116
99
117
98
118
98
119
98
120
97
121
97
76
86
75
87
75
88
75
89
74
90
74
91
74
92
54
77
53
78
53
79
53
80
52
81
52
82
51
83
50
84
50
85
50
86
49
87
48
88
47
89
47
90
46
91
45
92
44
93
43
94
42
95
41
95
40
96
54
77
53
76
52
75
51
74
51
73
51
72
51
71
51
70
51
69
51
68
51
67
51
66
50
65
50
64
50
63
50
62
49
61
48
61
47
60
46
60
45
60
44
59
