56
75
56
75
56
74
57
75
58
74
59
74
60
74
61
74
62
74
63
74
64
74
65
74
66
74
67
74
68
74
69
74
70
74
71
74
72
73
73
72
73
71
73
70
73
69
73
68
74
67
74
66
74
65
75
64
75
63
72
73
72
74
73
75
74
76
74
77
74
78
74
79
74
80
74
81
75
82
76
83
77
84
78
83
79
83
80
83
81
82
82
82
83
82
84
81
85
81
86
80
87
80
88
80
89
80
90
80
91
79
92
79
93
78
94
78
95
78
96
77
97
76
98
75
98
74
98
73
99
72
99
71
100
70
100
69
101
68
102
67
102
66
103
65
104
65
105
64
106
63
107
62
108
62
109
61
110
61
111
61
96
77
97
78
98
79
98
80
99
81
99
82
99
83
99
84
99
85
99
86
100
87
100
88
100
89
100
90
100
91
101
92
102
93
103
94
104
95
105
96
106
97
107
97
108
98
109
98
110
98
111
98
112
99
113
99
114
100
115
100
116
100
117
100
118
99
119
99
77
84
76
85
76
86
75
87
75
88
75
89
75
90
74
91
56
74
55
73
54
72
54
71
54
70
54
69
54
68
54
67
54
66
54
65
53
64
53
63
53
62
53
61
53
60
53
59
52
58
51
57
50
57
49
56
48
56
47
56
46
55
45
55
44
55
43
55
42
55
41
56
40
56
39
56
38
56
37
57
36
57
56
75
55
76
55
77
55
78
54
79
53
80
53
81
52
82
51
83
50
84
49
85
49
86
48
87
48
88
47
89
46
90
45
91
44
92
43
93
42
94
42
95
41
96
