52
75
52
75
53
74
54
74
55
74
56
73
57
73
58
73
59
72
60
72
61
72
62
71
63
70
64
70
65
70
66
69
67
69
68
69
69
68
70
68
71
67
72
66
72
65
72
64
72
63
72
62
73
61
73
60
73
59
71
67
71
68
72
69
73
70
73
71
73
72
73
73
73
74
73
75
73
76
73
77
73
78
73
79
73
80
73
81
74
82
75
83
76
84
77
85
78
85
79
84
80
84
81
83
82
83
83
82
84
82
85
82
86
81
87
80
88
80
89
79
90
79
91
79
92
78
93
78
94
77
95
77
96
76
97
75
98
74
98
73
98
72
99
71
100
70
100
69
100
68
101
67
102
66
102
65
103
64
103
63
104
62
105
61
106
60
107
59
108
58
109
57
110
56
111
56
112
55
113
55
96
76
97
77
98
78
99
79
99
80
100
81
100
82
100
83
100
84
101
85
101
86
101
87
102
88
102
89
103
90
104
91
105
91
106
92
107
92
108
93
109
93
110
93
111
93
112
93
113
94
114
94
115
94
116
94
117
94
118
95
119
95
120
95
121
95
122
95
123
95
124
96
125
96
126
96
127
96
128
96
129
97
130
97
131
97
132
97
78
85
77
86
76
87
76
88
76
89
76
90
76
91
52
75
51
76
50
77
49
78
49
79
48
80
48
81
47
82
47
83
46
84
46
85
45
86
44
87
43
88
42
89
41
90
40
91
40
92
52
75
51
74
50
73
49
72
49
71
49
70
49
69
49
68
49
67
49
66
49
65
49
64
48
63
48
62
48
61
48
60
47
59
46
58
45
58
44
58
43
57
42
57
41
57
40
57
39
57
38
57
37
57
36
58
35
58
