48
75
48
75
49
75
50
74
51
74
52
74
53
74
54
74
55
74
56
74
57
74
58
74
59
74
60
74
61
73
62
73
63
73
64
72
65
72
66
72
67
71
67
70
67
69
68
68
68
67
68
66
68
65
69
64
69
63
69
62
69
61
70
60
66
72
67
73
68
74
68
75
69
76
70
77
71
78
72
77
73
77
74
77
75
76
76
76
77
75
78
75
79
75
80
74
81
74
82
73
83
72
84
71
85
70
86
69
87
68
88
68
89
67
90
66
91
66
92
66
93
65
94
65
95
65
96
64
97
64
98
64
99
64
100
63
101
62
102
61
103
60
103
59
104
58
105
57
106
56
107
55
108
54
109
53
110
53
111
52
112
51
113
51
114
51
100
63
101
64
101
65
101
66
101
67
101
68
101
69
101
70
102
71
102
72
102
73
102
74
102
75
102
76
102
77
102
78
102
79
102
80
102
81
102
82
103
83
103
84
103
85
104
86
104
87
105
88
106
89
107
90
108
90
109
91
110
91
111
92
112
92
113
93
114
93
115
93
116
93
117
94
118
94
119
93
120
93
71
78
70
79
69
80
69
81
69
82
69
83
48
75
47
76
46
77
45
78
45
79
44
80
44
81
43
82
43
83
42
84
41
85
40
86
39
86
38
87
38
88
37
89
36
90
35
91
34
92
33
93
32
94
48
75
47
74
46
73
45
72
45
71
45
70
45
69
45
68
45
67
45
66
45
65
44
64
44
63
44
62
44
61
44
60
44
59
43
58
42
57
41
56
40
56
39
55
38
55
37
55
36
55
35
54
34
54
33
54
32
54
31
54
30
55
29
55
28
55
