51
77
51
77
51
76
52
76
53
76
54
76
55
75
56
75
57
75
58
74
59
74
60
74
61
73
62
73
63
73
64
72
65
72
66
72
67
71
68
71
69
70
70
70
71
69
71
68
71
67
72
66
72
65
72
64
72
63
72
62
72
61
73
60
73
59
74
58
70
70
71
71
72
72
73
73
73
74
73
75
73
76
74
77
75
78
76
79
77
80
78
81
79
80
80
80
81
80
82
79
83
78
84
78
85
78
86
77
87
77
88
77
89
77
90
76
91
76
92
75
93
75
94
74
95
74
96
74
97
73
97
72
97
71
97
70
98
69
98
68
98
67
99
66
100
65
100
64
101
63
102
62
103
62
104
61
105
60
105
59
106
58
107
57
108
57
109
56
110
56
111
55
112
54
113
54
96
74
97
75
98
76
99
77
99
78
100
79
100
80
100
81
100
82
100
83
100
84
100
85
101
86
101
87
101
88
101
89
101
90
102
91
102
92
103
93
104
94
105
95
106
96
107
97
108
97
109
98
110
98
111
98
112
99
113
99
114
100
115
100
116
99
117
99
118
99
119
99
120
99
121
99
122
99
123
99
124
99
78
81
77
82
77
83
77
84
76
85
76
86
76
87
75
88
75
89
75
90
75
91
74
92
74
93
74
94
74
95
74
96
51
76
50
75
49
74
48
73
48
72
48
71
49
70
49
69
49
68
49
67
49
66
49
65
49
64
49
63
49
62
48
61
48
60
48
59
47
58
46
57
46
56
45
55
44
54
43
53
42
53
41
52
40
52
39
52
38
51
37
51
36
51
35
51
34
51
33
51
32
51
31
51
30
52
29
52
51
77
50
78
50
79
49
80
48
81
48
82
48
83
47
84
46
84
45
85
45
86
44
87
43
88
42
89
41
90
40
91
39
92
38
93
37
93
36
94
35
95
34
95
