76
77
76
77
77
76
77
75
77
74
77
73
78
72
79
72
80
71
81
71
82
70
83
70
84
70
85
69
86
70
87
70
88
69
89
69
90
69
91
69
92
68
93
68
94
68
78
72
77
71
77
70
76
69
76
68
76
67
76
66
75
65
75
64
75
63
74
62
73
61
73
60
72
59
72
58
71
57
70
56
70
55
70
54
71
53
72
52
72
51
73
50
74
49
75
48
76
47
77
47
78
46
79
45
80
44
81
43
82
42
83
41
83
40
83
39
83
38
83
37
83
36
83
35
83
34
83
33
83
32
83
31
83
30
83
29
83
28
82
27
82
26
82
25
82
24
81
23
80
22
79
22
78
21
77
21
76
21
75
20
74
20
73
20
72
20
71
20
70
20
69
20
68
19
67
19
66
19
65
19
64
19
63
20
62
20
61
21
60
21
76
77
77
78
78
79
78
80
78
81
78
82
78
83
78
84
78
85
78
86
78
87
77
88
77
89
77
90
77
91
76
92
75
93
75
94
74
95
73
96
73
97
73
98
72
99
71
100
70
101
69
102
68
103
67
104
66
105
65
105
64
105
63
106
62
106
61
106
60
106
59
106
58
106
57
106
56
106
55
105
54
104
53
103
52
102
52
101
52
100
52
99
52
98
52
97
51
96
51
95
51
94
52
93
52
92
52
91
52
90
53
89
54
88
55
87
56
86
57
85
58
84
59
83
60
82
61
82
62
81
63
80
64
80
65
80
66
79
67
78
68
78
69
78
70
78
71
78
72
77
73
77
74
77
