77
80
77
80
78
79
79
78
79
77
80
76
80
75
80
74
80
73
81
72
81
71
82
71
83
71
84
71
85
71
86
71
87
71
81
71
80
70
80
69
80
68
80
67
80
66
79
65
79
64
79
63
78
62
77
61
76
60
75
59
75
58
74
57
74
56
74
55
75
54
76
53
76
52
77
51
78
50
78
49
79
48
80
47
80
46
81
45
81
44
81
43
82
42
82
41
82
40
82
39
82
38
83
37
83
36
83
35
82
34
82
33
82
32
82
31
81
30
80
30
79
29
78
28
77
28
76
28
75
28
74
28
73
27
72
27
71
27
70
27
69
27
68
27
67
27
66
27
65
27
64
28
63
28
62
29
61
29
77
80
78
81
79
82
80
83
79
84
79
85
79
86
79
87
79
88
79
89
78
90
78
91
78
92
78
93
78
94
78
95
77
96
76
97
76
98
76
99
75
100
75
101
74
102
74
103
73
104
72
105
71
106
70
106
69
107
68
107
67
107
66
107
65
107
64
107
63
107
62
107
61
107
60
107
59
106
58
105
58
104
57
103
57
102
57
101
57
100
57
99
57
98
58
97
58
96
58
95
58
94
59
93
60
92
60
91
61
90
62
89
63
88
64
87
65
86
66
85
67
84
68
83
69
82
70
82
71
82
72
81
73
81
74
81
75
81
