75
53
75
53
76
52
76
51
77
50
78
49
78
48
79
47
80
47
81
46
82
45
83
44
84
43
85
42
85
41
85
40
86
39
86
38
86
37
87
36
87
35
87
34
87
33
87
32
87
31
87
30
87
29
86
28
86
27
85
26
85
25
84
24
83
23
82
22
81
22
80
22
79
22
78
22
77
22
76
21
75
21
74
21
73
21
72
21
71
21
70
21
75
53
76
54
76
55
77
56
78
57
78
58
78
59
79
60
80
61
80
62
80
63
81
64
82
65
83
66
84
65
85
64
86
64
87
64
88
63
83
66
82
67
82
68
82
69
82
70
82
71
82
72
81
73
82
74
83
75
84
76
84
77
85
78
85
79
85
80
85
81
85
82
85
83
85
84
85
85
84
86
84
87
84
88
84
89
83
90
83
91
83
92
82
93
82
94
81
95
81
96
80
97
79
98
79
99
78
100
77
101
76
102
75
103
74
104
73
104
72
104
71
105
70
105
69
105
68
105
67
105
66
105
65
105
64
104
63
104
62
104
61
103
60
103
59
102
58
101
57
100
56
99
56
98
56
97
56
96
56
95
55
94
55
93
55
92
55
91
55
90
56
89
56
88
57
87
58
86
59
86
60
85
61
85
62
84
63
83
64
82
65
82
66
81
67
80
68
79
69
79
70
78
71
77
72
76
73
76
74
75
75
75
76
75
77
74
78
74
79
74
75
53
74
53
73
53
72
53
71
53
