76
58
76
58
77
57
78
56
79
55
80
54
81
53
82
52
83
51
84
51
85
50
86
49
87
48
88
47
89
46
90
45
91
44
91
43
92
42
92
41
92
40
92
39
92
38
92
37
92
36
92
35
92
34
92
33
92
32
91
31
90
30
89
30
88
29
87
29
86
28
85
28
84
28
83
28
82
28
81
27
80
27
79
27
78
28
76
58
77
59
77
60
78
61
78
62
79
63
79
64
79
65
79
66
79
67
80
68
80
69
81
70
82
71
83
72
84
71
85
70
86
69
87
68
88
68
89
68
83
72
82
73
82
74
82
75
82
76
82
77
83
78
84
79
85
80
85
81
86
82
86
83
86
84
86
85
86
86
86
87
86
88
86
89
86
90
86
91
86
92
86
93
85
94
85
95
85
96
85
97
85
98
84
99
84
100
83
101
83
102
83
103
83
104
82
105
81
106
81
107
80
108
79
109
78
110
77
111
76
112
75
112
74
112
73
113
72
113
71
113
70
113
69
113
68
113
67
113
66
112
65
112
64
111
63
111
62
111
61
110
60
109
60
108
59
107
59
106
59
105
59
104
58
103
58
102
58
101
58
100
59
99
59
98
60
97
60
96
60
95
61
94
62
93
62
92
63
91
64
90
65
89
66
88
66
87
67
86
68
85
69
84
70
83
71
82
72
81
73
80
74
79
75
79
76
79
77
78
78
78
79
78
80
78
76
58
