83
78
83
78
84
77
84
76
84
75
84
74
85
73
85
72
85
71
85
70
85
69
85
68
85
67
86
66
86
65
87
64
83
78
84
79
84
80
84
81
85
82
85
83
85
84
85
85
85
86
85
87
85
88
83
78
82
78
81
79
80
79
79
79
78
80
77
80
76
80
75
81
74
81
73
81
72
82
71
83
70
84
69
84
68
85
67
86
66
87
65
87
64
88
63
88
62
89
61
89
60
89
59
89
58
90
57
90
56
90
55
89
54
89
53
89
52
89
51
88
50
87
50
86
49
85
49
84
49
83
49
82
49
81
48
80
48
79
48
78
49
77
49
76
49
75
49
74
49
73
49
72
49
71
49
70
49
69
50
68
50
67
51
66
51
65
51
64
51
63
52
62
52
61
53
60
53
59
53
58
54
57
