85
79
85
79
86
78
86
77
87
76
87
75
87
74
87
73
87
72
87
71
87
70
87
69
87
68
88
67
86
78
86
79
87
80
88
81
89
82
89
83
89
84
89
85
90
86
90
87
90
88
91
89
91
90
91
91
92
92
93
93
85
79
84
80
83
80
82
81
81
81
80
82
79
82
78
83
77
84
76
85
75
86
74
87
73
88
72
88
71
89
70
89
69
90
68
90
67
91
66
91
65
91
64
91
63
92
62
92
61
92
60
92
59
92
58
92
57
92
56
92
55
91
54
90
53
89
52
88
52
87
52
86
51
85
51
84
51
83
51
82
50
81
50
80
50
79
50
78
50
77
50
76
50
75
50
74
50
73
50
72
50
71
50
70
50
69
50
68
51
67
51
66
51
65
52
64
52
63
52
62
52
61
