83
74
83
74
84
73
84
72
85
71
85
70
85
69
85
68
85
67
85
66
85
65
85
64
85
63
85
62
85
61
85
60
83
74
84
75
85
76
86
77
87
78
88
79
88
80
88
81
88
82
89
83
89
84
89
85
90
86
90
87
83
74
82
75
81
75
80
76
79
76
78
76
77
77
76
77
75
78
74
79
73
80
72
81
71
82
70
83
69
84
68
85
67
86
66
87
65
88
64
89
63
90
62
90
61
90
60
90
59
91
58
91
57
91
56
91
55
91
54
91
53
91
52
90
51
89
50
88
50
87
50
86
50
85
50
84
49
83
49
82
49
81
49
80
49
79
49
78
49
77
49
76
49
75
49
74
49
73
49
72
49
71
49
70
49
69
49
68
49
67
49
66
49
65
49
64
49
63
49
62
49
61
49
60
