83
75
83
75
84
74
85
73
85
72
85
71
85
70
85
69
85
68
85
67
85
66
84
74
84
75
85
76
86
77
86
78
87
79
87
80
88
81
88
82
88
83
89
84
89
85
89
86
89
87
90
88
91
89
92
90
92
91
83
75
82
76
81
76
80
76
79
77
78
77
77
77
76
78
75
78
74
79
73
80
72
81
71
82
70
83
69
84
68
85
67
86
66
87
65
87
64
88
63
88
62
89
61
89
60
90
59
90
58
91
57
91
56
91
55
91
54
91
53
91
52
91
51
91
50
91
49
90
48
90
47
89
47
88
46
87
45
86
44
85
44
84
44
83
44
82
43
81
43
80
43
79
43
78
43
77
43
76
43
75
43
74
43
73
43
72
43
71
43
70
43
69
43
68
43
67
44
66
44
65
44
64
45
63
45
62
45
61
45
60
45
59
