80
74
80
74
81
73
81
72
81
71
82
70
82
69
82
68
82
67
82
66
80
74
81
75
82
76
82
77
83
78
83
79
83
80
83
81
83
82
83
83
83
84
84
85
84
86
85
87
85
88
86
89
86
90
86
91
87
92
88
93
89
94
90
95
91
96
92
96
80
74
79
74
78
75
77
76
76
76
75
76
74
77
73
77
72
77
71
78
70
79
69
80
68
81
67
82
66
83
65
84
64
84
63
85
62
86
61
87
60
87
59
87
58
88
57
88
56
89
55
90
54
90
53
90
52
90
51
90
50
90
49
90
48
90
47
90
46
90
45
89
44
89
43
88
42
87
41
86
40
85
40
84
39
83
39
82
39
81
38
80
38
79
38
78
38
77
38
76
38
75
38
74
38
73
38
72
38
71
38
70
38
69
39
68
39
67
40
66
40
65
40
64
40
63
40
62
