81
76
81
76
81
75
82
74
82
73
82
72
82
71
82
70
82
69
82
68
82
67
82
66
82
65
81
76
82
77
83
78
84
79
85
80
85
81
85
82
86
83
86
84
86
85
86
86
87
87
88
88
88
89
88
90
89
91
89
92
90
93
91
94
91
95
92
96
93
97
81
76
80
77
79
77
78
78
77
78
76
79
75
79
74
80
73
81
72
82
71
83
70
84
69
85
68
86
67
87
66
88
65
89
64
89
63
90
62
91
61
92
60
92
59
93
58
93
57
93
56
93
55
94
54
94
53
94
52
94
51
94
50
93
49
93
48
92
47
91
46
90
46
89
45
88
44
87
44
86
44
85
44
84
44
83
43
82
43
81
43
80
43
79
43
78
43
77
43
76
43
75
43
74
44
73
44
72
44
71
44
70
44
69
44
68
45
67
45
66
45
65
45
64
46
63
46
62
