88
74
88
74
89
73
89
72
89
71
89
70
89
69
89
68
90
67
90
66
88
74
89
75
90
76
91
77
92
78
92
79
93
80
94
81
94
82
94
83
94
84
95
85
95
86
95
87
95
88
95
89
95
90
96
91
97
92
97
93
97
94
98
95
99
96
99
97
100
98
88
74
87
75
86
76
85
76
84
77
83
77
82
78
81
79
81
80
80
81
79
82
78
83
77
84
76
85
75
86
74
87
73
87
72
88
71
88
70
89
69
89
68
89
67
90
66
90
65
91
64
91
63
92
62
92
61
92
60
92
59
92
58
92
57
92
56
92
55
92
54
92
53
91
52
90
52
89
51
88
50
87
50
86
49
85
49
84
49
83
48
82
48
81
48
80
48
79
48
78
47
77
47
76
47
75
47
74
47
73
47
72
47
71
47
70
47
69
47
68
47
67
47
66
47
65
47
64
47
63
47
62
47
61
48
60
48
59
48
58
48
57
