50
73
50
73
50
72
51
72
52
72
53
71
54
71
55
71
56
71
57
70
58
70
59
70
60
70
61
70
62
70
63
70
64
70
65
69
66
68
66
67
67
66
67
65
67
64
68
63
68
62
68
61
68
60
69
59
70
58
71
57
72
56
73
55
74
54
75
53
76
53
77
52
65
69
66
70
67
71
68
72
69
72
70
73
71
73
72
74
72
75
73
76
73
77
74
78
74
79
75
80
75
81
75
82
76
83
77
84
77
85
77
86
78
87
79
88
50
72
49
71
48
70
47
69
47
68
47
67
47
66
48
65
48
64
48
63
48
62
48
61
48
60
48
59
48
58
48
57
48
56
48
55
48
54
49
53
50
73
49
74
49
75
49
76
48
77
48
78
48
79
47
80
47
81
47
82
46
83
46
84
46
85
46
86
45
87
45
88
45
89
45
90
45
91
