51
63
51
63
52
63
53
63
54
62
55
62
56
62
57
62
58
62
59
62
60
62
61
62
62
62
63
62
64
62
65
61
65
60
66
59
66
58
67
57
67
56
68
55
69
54
70
53
71
53
72
53
73
52
74
52
75
51
76
51
77
50
78
50
79
50
80
49
81
49
82
48
83
48
84
48
85
47
86
47
87
47
65
61
65
62
66
63
67
64
68
65
69
65
70
66
71
67
72
68
72
69
73
70
73
71
73
72
73
73
73
74
73
75
74
76
74
77
74
78
74
79
75
80
75
81
75
82
76
83
76
84
77
85
78
86
79
87
80
87
81
88
82
88
51
63
50
64
49
65
49
66
49
67
48
68
47
69
46
70
46
71
46
72
46
73
45
74
45
75
45
76
45
77
44
78
44
79
44
80
44
81
43
82
43
83
43
84
42
85
42
86
41
87
51
63
50
62
49
61
48
60
47
59
48
58
48
57
48
56
48
55
48
54
48
53
