54
68
54
68
54
67
55
67
56
67
57
67
58
67
59
66
60
66
61
66
62
65
63
65
64
65
65
65
66
65
67
64
68
63
69
63
70
63
71
62
72
62
73
62
74
62
75
61
75
60
76
59
76
58
76
57
77
56
77
55
78
54
78
53
79
52
80
51
81
50
82
50
83
49
84
49
85
48
86
48
87
47
88
46
89
45
90
45
91
44
75
61
75
62
76
63
77
64
78
65
79
66
80
67
81
68
81
69
81
70
82
71
82
72
83
73
83
74
83
75
83
76
84
77
84
78
84
79
85
80
85
81
85
82
86
83
86
84
87
85
87
86
87
87
88
88
89
89
90
90
90
91
54
67
53
66
52
65
51
64
51
63
51
62
51
61
51
60
52
59
52
58
52
57
52
56
52
55
52
54
52
53
52
52
52
51
52
50
54
68
53
69
52
70
52
71
52
72
51
73
50
74
50
75
50
76
49
77
49
78
49
79
49
80
48
81
48
82
47
83
