45
69
45
69
45
68
46
68
47
68
48
68
49
67
50
67
51
67
52
66
53
66
54
66
55
65
56
65
57
65
58
64
59
64
60
64
61
64
62
63
63
62
64
61
64
60
64
59
65
58
65
57
66
56
66
55
67
54
68
53
69
52
70
51
71
51
72
50
73
50
74
49
75
48
76
47
77
47
78
46
79
45
80
44
81
43
62
63
63
64
64
65
65
66
66
67
67
68
68
69
68
70
68
71
69
72
69
73
69
74
70
75
70
76
70
77
70
78
70
79
71
80
71
81
72
82
72
83
72
84
72
85
72
86
73
87
73
88
74
89
74
90
75
91
76
92
77
93
77
94
45
68
44
67
43
66
42
65
42
64
42
63
42
62
42
61
42
60
42
59
42
58
43
57
43
56
43
55
43
54
43
53
43
52
43
51
43
50
43
49
43
48
45
69
44
70
44
71
43
72
43
73
43
74
43
75
42
76
42
77
42
78
42
79
41
80
41
81
40
82
40
83
40
84
40
85
40
86
40
87
39
88
39
89
