53
67
53
67
54
67
55
67
56
66
57
66
58
66
59
66
60
66
61
65
62
65
63
65
64
65
65
65
66
65
67
65
68
65
69
65
70
64
71
63
72
62
72
61
73
60
73
59
73
58
74
57
74
56
75
55
75
54
76
53
77
52
78
51
79
50
80
49
81
48
82
48
71
63
71
64
72
65
73
66
74
67
75
68
76
69
77
70
78
71
78
72
79
73
80
74
80
75
81
76
81
77
82
78
82
79
83
80
83
81
83
82
84
83
84
84
84
85
85
86
85
87
85
88
86
89
86
90
86
91
87
92
87
93
53
67
52
68
52
69
51
70
51
71
50
72
50
73
50
74
49
75
49
76
49
77
49
78
48
79
48
80
48
81
48
82
47
83
47
84
47
85
47
86
46
87
46
88
53
67
52
66
51
65
50
64
50
63
50
62
50
61
50
60
50
59
50
58
50
57
50
56
50
55
50
54
50
53
50
52
