51
72
51
72
51
71
52
71
53
71
54
71
55
71
56
71
57
70
58
70
59
70
60
70
61
70
62
70
63
69
64
69
65
69
66
69
67
69
68
69
69
68
70
68
71
67
71
66
71
65
72
64
72
63
73
62
73
61
74
60
75
59
76
58
77
57
78
57
79
56
80
55
81
55
82
54
83
54
84
53
85
52
86
52
87
51
88
50
89
50
90
49
91
49
70
68
71
69
72
70
73
71
74
72
75
72
76
73
77
74
78
75
79
76
80
77
80
78
80
79
81
80
82
81
82
82
83
83
83
84
83
85
83
86
84
87
84
88
85
89
85
90
86
91
87
92
87
93
88
94
88
95
89
96
51
71
50
70
49
69
48
68
48
67
49
66
49
65
49
64
49
63
49
62
49
61
49
60
49
59
49
58
49
57
49
56
49
55
50
54
50
53
50
52
51
72
50
73
50
74
49
75
49
76
48
77
48
78
48
79
47
80
46
81
46
82
46
83
46
84
45
85
45
86
44
87
43
88
43
89
43
90
43
91
42
92
