74
66
74
66
75
65
76
64
76
63
76
62
76
61
77
60
77
59
78
58
78
57
78
56
78
55
78
54
78
53
78
52
78
51
78
50
79
49
80
48
80
47
81
46
81
45
74
66
75
67
76
68
76
69
77
70
77
71
77
72
77
73
77
74
77
75
77
76
77
77
77
78
77
79
77
80
77
81
78
82
78
83
79
84
79
85
79
86
79
87
80
88
81
89
81
90
82
91
83
91
84
92
74
66
73
67
72
67
71
67
70
68
69
68
68
68
67
69
66
69
65
69
64
70
63
71
62
72
61
73
60
74
59
75
58
76
57
76
56
77
55
78
54
79
53
80
52
81
51
81
50
82
49
83
48
84
47
84
46
85
45
85
44
86
43
87
42
87
41
88
40
88
39
89
38
89
37
89
36
89
35
89
34
89
33
89
32
89
