70
62
70
62
71
61
72
60
72
59
72
58
72
57
72
56
72
55
73
54
73
53
73
52
73
51
73
50
73
49
73
48
71
61
71
62
72
63
73
64
74
65
74
66
75
67
75
68
75
69
75
70
76
71
76
72
76
73
76
74
77
75
77
76
77
77
77
78
78
79
79
80
79
81
79
82
80
83
80
84
81
85
82
86
82
87
83
88
84
89
85
90
86
91
87
91
88
91
89
92
90
92
91
92
70
62
69
63
68
63
67
63
66
64
65
64
64
65
63
66
62
67
61
68
61
69
60
70
59
71
59
72
58
73
57
74
57
75
56
76
55
77
55
78
54
79
53
80
52
81
51
82
51
83
50
84
49
85
48
86
47
87
46
88
45
88
44
89
43
89
42
89
41
90
40
90
39
90
38
90
37
90
36
90
35
90
34
91
33
91
32
91
31
91
30
91
29
90
28
90
27
89
