47
84
47
84
48
83
48
82
48
81
48
80
48
79
48
78
49
77
49
76
49
75
49
74
49
73
49
72
50
71
50
70
50
69
50
68
50
67
50
66
50
65
51
64
51
63
51
62
52
61
52
60
52
59
47
84
48
85
49
86
50
87
51
88
52
89
53
90
53
91
54
92
55
92
56
93
57
93
58
93
59
93
60
93
61
93
62
93
63
93
64
92
65
92
66
92
67
91
68
91
69
90
70
89
71
88
72
87
73
86
74
86
75
86
76
85
77
85
78
84
79
84
80
83
81
83
82
82
82
81
82
80
82
79
83
78
83
77
83
76
83
75
83
74
83
73
84
72
84
71
84
70
84
69
85
68
85
67
85
66
82
82
82
83
83
84
84
85
85
86
85
87
86
88
86
89
86
90
87
91
87
92
87
93
87
94
88
95
88
96
89
97
89
98
89
99
89
100
90
101
91
102
92
103
93
104
94
105
95
106
47
84
46
84
45
85
44
85
43
85
42
86
41
86
40
87
39
88
38
89
37
90
37
91
36
92
35
93
34
94
33
95
33
96
32
97
31
98
31
99
30
100
29
101
29
102
28
103
27
104
26
105
25
106
24
107
23
108
22
109
21
109
20
110
19
110
18
111
17
111
16
111
15
111
14
111
