52
75
52
75
53
74
54
73
54
72
54
71
54
70
54
69
55
68
55
67
55
66
55
65
55
64
55
63
56
62
56
61
56
60
56
59
56
58
57
57
57
56
57
55
57
54
58
53
58
52
53
74
53
75
54
76
55
77
56
78
57
79
57
80
58
81
59
81
60
81
61
82
62
82
63
82
64
81
65
81
66
81
67
81
68
81
69
81
70
81
71
80
72
80
73
80
74
80
75
79
76
79
77
78
78
78
79
77
80
77
81
76
82
76
83
75
84
75
85
75
86
74
87
74
88
73
89
73
90
72
91
71
92
70
92
69
92
68
92
67
92
66
92
65
93
64
93
63
93
62
93
61
93
60
93
59
93
58
93
57
93
56
91
71
91
72
92
73
93
74
94
75
94
76
94
77
94
78
94
79
94
80
94
81
95
82
95
83
95
84
96
85
96
86
97
87
97
88
97
89
97
90
97
91
98
92
52
75
51
75
50
76
49
76
48
77
47
77
46
78
45
78
44
79
43
80
42
81
42
82
41
83
40
84
39
85
38
86
37
87
36
88
35
89
34
90
33
91
32
92
31
93
30
93
29
94
28
94
27
95
26
95
25
96
24
96
23
96
22
96
21
96
20
97
19
97
