54
83
54
83
55
82
55
81
55
80
56
79
56
78
56
77
56
76
56
75
56
74
56
73
56
72
57
71
57
70
57
69
57
68
57
67
57
66
58
65
58
64
58
63
58
62
58
61
59
60
60
59
55
82
55
83
56
84
57
85
58
85
59
85
60
86
61
86
62
86
63
86
64
87
65
86
66
86
67
86
68
86
69
86
70
85
71
85
72
85
73
84
74
83
75
82
75
81
76
80
77
79
78
79
79
79
80
78
81
78
82
77
83
77
84
77
85
76
86
76
87
75
87
74
87
73
87
72
88
71
88
70
88
69
88
68
88
67
88
66
86
76
87
77
88
78
89
79
89
80
89
81
89
82
89
83
89
84
90
85
90
86
90
87
90
88
90
89
91
90
91
91
91
92
91
93
92
94
92
95
93
96
93
97
93
98
93
99
94
100
95
101
95
102
96
103
97
104
97
105
98
106
99
107
54
83
53
84
52
84
51
85
50
85
49
86
48
86
47
87
46
88
45
89
44
90
43
91
42
92
42
93
41
94
40
95
39
96
38
97
37
98
36
99
35
100
34
101
33
102
32
103
31
103
30
104
29
104
28
104
27
105
26
105
25
105
