58
82
58
82
59
81
59
80
59
79
59
78
59
77
60
76
60
75
60
74
60
73
60
72
60
71
60
70
61
69
61
68
61
67
62
66
62
65
62
64
63
63
63
62
63
61
63
60
63
59
64
58
64
57
64
56
58
82
59
83
60
84
61
85
61
86
62
87
63
88
64
88
65
88
66
88
67
88
68
88
69
87
70
87
71
87
72
87
73
87
74
87
75
86
76
86
77
85
78
85
79
84
80
83
81
82
82
81
82
80
83
79
84
79
85
79
86
78
87
78
88
77
89
77
90
77
91
76
92
76
93
75
93
74
93
73
93
72
93
71
94
70
94
69
94
68
94
67
94
66
94
65
94
64
94
63
92
76
93
77
94
78
95
79
95
80
95
81
95
82
96
83
96
84
96
85
97
86
97
87
97
88
97
89
97
90
98
91
98
92
98
93
98
94
98
95
99
96
99
97
100
98
58
82
57
82
56
83
55
83
54
83
53
84
52
84
51
85
50
85
49
85
48
86
47
87
46
88
45
89
44
90
43
91
42
91
41
92
40
93
39
94
38
94
37
95
36
96
35
97
34
97
33
98
32
98
31
99
30
99
29
99
28
99
27
99
26
100
