45
84
45
84
45
83
45
82
45
81
45
80
45
79
45
78
45
77
45
76
45
75
45
74
46
73
46
72
46
71
46
70
46
69
46
68
46
67
46
66
47
65
47
64
48
63
48
62
48
61
45
84
46
85
47
85
48
85
49
85
50
85
51
85
52
85
53
85
54
85
55
85
56
85
57
85
58
85
59
85
60
85
61
85
62
85
63
85
64
84
65
84
66
83
67
83
68
83
69
82
70
81
71
80
72
80
73
79
74
78
75
78
76
78
77
77
78
77
79
76
80
76
81
76
82
75
83
75
84
74
84
73
84
72
84
71
85
70
85
69
85
68
85
67
85
66
85
65
86
64
83
75
84
76
85
77
85
78
86
79
86
80
86
81
86
82
86
83
86
84
86
85
86
86
86
87
86
88
86
89
86
90
86
91
87
92
87
93
87
94
87
95
87
96
87
97
88
98
88
99
88
100
45
84
44
85
43
86
43
87
43
88
43
89
42
90
42
91
42
92
42
93
42
94
42
95
42
96
42
97
42
98
42
99
41
100
41
101
41
102
