40
82
40
82
40
81
40
80
40
79
40
78
40
77
41
76
41
75
41
74
41
73
41
72
41
71
41
70
42
69
42
68
42
67
42
66
42
65
42
64
43
63
43
62
40
82
41
83
42
83
43
84
44
84
45
84
46
84
47
84
48
84
49
84
50
84
51
84
52
84
53
84
54
84
55
84
56
83
57
83
58
83
59
82
60
82
61
82
62
82
63
81
64
81
65
80
66
79
67
78
68
78
69
78
70
77
71
77
72
77
73
76
74
76
75
76
76
75
77
75
78
74
78
73
78
72
79
71
79
70
79
69
80
68
80
67
80
66
81
65
81
64
81
63
81
62
81
61
81
60
81
59
82
58
82
57
77
75
78
76
79
77
79
78
80
79
80
80
80
81
80
82
81
83
81
84
81
85
81
86
81
87
81
88
81
89
81
90
81
91
81
92
82
93
82
94
82
95
82
96
82
97
82
98
82
99
82
100
82
101
82
102
83
103
83
104
40
82
39
83
39
84
39
85
38
86
38
87
38
88
38
89
37
90
37
91
37
92
37
93
37
94
37
95
37
96
37
97
