35
85
35
85
36
85
37
85
38
85
39
85
40
85
41
85
42
85
43
85
44
85
45
85
46
84
47
84
48
84
49
84
50
84
51
83
52
83
53
83
54
83
55
83
56
83
57
83
58
83
59
82
60
82
61
82
62
82
63
82
64
81
65
81
66
80
66
79
66
78
66
77
66
76
66
75
66
74
66
73
66
72
66
71
67
70
67
69
67
68
67
67
67
66
67
65
68
64
68
63
68
62
65
81
66
82
66
83
66
84
66
85
66
86
66
87
66
88
66
89
66
90
67
91
67
92
67
93
67
94
67
95
67
96
68
97
68
98
68
99
35
85
34
86
33
87
33
88
33
89
33
90
32
91
32
92
32
93
32
94
32
95
32
96
32
97
31
98
31
99
35
85
34
84
34
83
34
82
34
81
34
80
34
79
34
78
35
77
35
76
35
75
35
74
35
73
35
72
35
71
35
70
35
69
35
68
35
67
35
66
35
65
35
64
35
63
