36
89
36
89
36
88
36
87
36
86
36
85
36
84
36
83
36
82
36
81
37
80
37
79
37
78
37
77
37
76
37
75
37
74
37
73
37
72
37
71
37
70
37
69
38
68
38
67
36
89
37
90
38
90
39
90
40
90
41
90
42
90
43
90
44
90
45
90
46
89
47
89
48
89
49
89
50
89
51
89
52
88
53
88
54
87
55
87
56
86
57
86
58
85
59
85
60
85
61
84
62
84
63
84
64
83
65
83
66
82
67
82
68
81
68
80
69
79
69
78
69
77
69
76
69
75
69
74
70
73
70
72
70
71
70
70
70
69
70
68
70
67
70
66
70
65
70
64
68
81
68
82
69
83
70
84
70
85
70
86
70
87
70
88
70
89
70
90
71
91
71
92
71
93
71
94
71
95
71
96
36
89
35
90
35
91
34
92
34
93
33
94
33
95
33
96
33
97
33
98
33
99
33
100
33
101
33
102
32
103
32
104
32
105
32
106
