47
82
47
82
48
81
48
80
48
79
48
78
48
77
48
76
48
75
48
74
48
73
49
72
49
71
49
70
49
69
49
68
49
67
49
66
49
65
48
81
48
82
49
83
50
83
51
84
52
84
53
84
54
84
55
84
56
84
57
84
58
84
59
84
60
84
61
84
62
84
63
84
64
84
65
83
66
83
67
83
68
83
69
83
70
82
71
82
72
81
73
81
74
80
75
80
76
79
77
79
78
79
79
79
80
78
81
78
82
78
83
77
84
77
85
76
86
76
87
75
87
74
88
73
88
72
88
71
88
70
89
69
89
68
89
67
90
66
90
65
90
64
90
63
90
62
90
61
91
60
86
76
87
77
87
78
88
79
88
80
88
81
88
82
88
83
88
84
88
85
88
86
88
87
88
88
88
89
88
90
88
91
88
92
88
93
88
94
89
95
89
96
89
97
89
98
89
99
89
100
89
101
89
102
90
103
90
104
90
105
90
106
47
82
46
83
46
84
46
85
46
86
45
87
45
88
45
89
45
90
45
91
45
92
44
93
44
94
44
95
44
96
43
97
43
98
43
99
43
100
43
101
43
102
43
103
