41
86
41
86
41
85
41
84
41
83
42
82
42
81
42
80
42
79
42
78
42
77
42
76
42
75
42
74
43
73
43
72
44
71
44
70
44
69
44
68
44
67
44
66
45
65
46
64
41
86
42
87
43
87
44
87
45
88
46
88
47
88
48
88
49
88
50
88
51
88
52
88
53
88
54
88
55
88
56
88
57
88
58
88
59
88
60
87
61
87
62
86
63
86
64
86
65
85
66
85
67
84
68
84
69
83
70
83
71
82
72
82
73
82
74
82
75
82
76
81
77
81
78
81
79
80
80
80
81
80
82
80
83
79
83
78
84
77
85
76
85
75
85
74
85
73
86
72
86
71
87
70
87
69
87
68
87
67
88
66
88
65
88
64
82
80
83
81
83
82
83
83
83
84
83
85
83
86
83
87
83
88
84
89
84
90
84
91
84
92
84
93
84
94
84
95
84
96
84
97
84
98
84
99
85
100
85
101
85
102
85
103
85
104
41
86
40
87
39
88
38
89
38
90
38
91
38
92
38
93
38
94
37
95
37
96
37
97
37
98
