84
69
84
69
84
70
84
71
84
72
84
73
84
74
84
75
84
76
84
77
84
78
84
79
84
80
84
81
83
82
83
83
83
84
83
85
83
86
83
87
82
88
81
89
81
90
80
91
79
92
79
93
79
94
78
95
77
96
77
97
76
98
76
99
75
100
75
101
74
102
73
103
72
104
71
105
70
106
69
107
68
107
67
108
66
109
65
109
64
109
63
109
62
109
61
109
60
109
59
109
58
109
57
109
56
109
55
108
54
108
53
108
52
107
51
107
50
106
49
105
48
104
47
103
46
102
46
101
46
100
46
99
45
98
45
97
45
96
45
95
45
94
45
93
44
92
44
91
44
90
44
89
45
88
45
87
45
86
45
85
45
84
45
83
45
82
45
81
45
80
45
79
45
78
46
77
47
76
47
75
47
74
48
73
48
72
48
71
48
70
49
69
49
68
50
67
51
66
52
65
53
64
54
63
55
62
56
61
57
60
58
60
59
60
60
59
61
58
62
58
63
57
64
56
65
56
66
56
67
56
68
56
69
56
70
55
71
55
72
56
73
56
74
56
75
56
76
57
77
57
78
57
79
58
80
59
81
60
82
61
82
62
82
63
82
64
82
65
82
66
83
67
