88
69
88
69
88
70
88
71
88
72
88
73
88
74
88
75
88
76
87
77
87
78
87
79
87
80
87
81
87
82
87
83
87
84
86
85
85
86
85
87
85
88
84
89
84
90
84
91
83
92
82
93
82
94
81
95
80
96
79
97
78
98
77
99
76
100
75
101
74
102
73
102
72
102
71
103
70
103
69
104
68
104
67
104
66
104
65
104
64
105
63
105
62
105
61
105
60
105
59
104
58
104
57
104
56
104
55
104
54
104
53
104
52
104
51
103
50
102
49
101
48
100
47
99
47
98
46
97
46
96
46
95
45
94
45
93
45
92
45
91
45
90
45
89
45
88
45
87
45
86
45
85
45
84
45
83
45
82
45
81
45
80
46
79
46
78
47
77
47
76
47
75
48
74
48
73
49
72
49
71
50
70
51
69
52
68
52
67
53
66
54
65
55
64
56
63
57
62
58
61
59
61
60
60
61
59
62
59
63
59
64
59
65
58
66
57
67
57
68
57
69
57
70
57
71
58
72
58
73
58
74
58
75
58
76
58
77
58
78
59
79
59
80
59
81
59
82
60
83
61
84
62
85
63
86
64
87
65
87
66
87
67
