83
78
83
78
83
79
83
80
83
81
83
82
83
83
83
84
83
85
83
86
83
87
83
88
83
89
83
90
83
91
83
92
82
93
82
94
82
95
81
96
81
97
81
98
80
99
80
100
79
101
79
102
78
103
77
104
77
105
76
106
75
107
74
108
73
109
72
109
71
110
70
111
69
111
68
111
67
111
66
111
65
111
64
111
63
111
62
111
61
111
60
111
59
111
58
111
57
111
56
110
55
110
54
110
53
110
52
109
51
109
50
109
49
108
48
107
47
106
46
105
45
104
45
103
45
102
45
101
45
100
44
99
44
98
44
97
44
96
44
95
44
94
44
93
44
92
44
91
44
90
44
89
45
88
45
87
45
86
45
85
45
84
45
83
46
82
46
81
47
80
47
79
47
78
47
77
48
76
49
75
49
74
50
73
50
72
50
71
51
70
52
69
53
68
54
67
55
66
56
66
57
65
58
65
59
64
60
64
61
64
62
64
63
64
64
63
65
63
66
64
67
64
68
64
69
64
70
64
71
65
72
65
73
66
74
66
75
66
76
67
77
68
78
69
79
70
80
71
80
72
80
73
81
74
82
75
82
76
