90
74
90
74
90
75
90
76
90
77
90
78
90
79
90
80
89
81
89
82
89
83
89
84
88
85
88
86
88
87
88
88
87
89
87
90
87
91
86
92
86
93
85
94
84
95
83
96
82
97
82
98
81
99
80
100
79
101
78
101
77
102
76
102
75
103
74
103
73
103
72
103
71
104
70
104
69
104
68
104
67
104
66
104
65
105
64
105
63
105
62
105
61
105
60
105
59
105
58
105
57
105
56
105
55
104
54
104
53
103
52
103
51
102
50
101
49
100
48
99
47
98
47
97
47
96
46
95
46
94
46
93
46
92
46
91
46
90
45
89
45
88
45
87
45
86
45
85
46
84
46
83
46
82
46
81
46
80
46
79
46
78
47
77
48
76
48
75
49
74
49
73
49
72
50
71
51
70
51
69
52
68
53
67
54
66
55
65
56
64
57
63
58
62
59
62
60
61
61
61
62
61
63
61
64
61
65
60
66
60
67
59
68
59
69
59
70
59
71
59
72
59
73
60
74
60
75
60
76
60
77
60
78
60
79
60
80
61
81
61
82
61
83
62
84
63
85
64
86
65
87
66
88
67
88
68
88
69
89
70
89
71
89
72
