92
77
92
77
92
78
92
79
92
80
92
81
92
82
92
83
92
84
91
85
91
86
91
87
91
88
91
89
91
90
90
91
90
92
90
93
89
94
88
95
88
96
87
97
86
98
85
99
84
100
84
101
83
102
82
103
81
103
80
104
79
105
78
105
77
106
76
106
75
106
74
107
73
107
72
107
71
108
70
108
69
108
68
108
67
108
66
108
65
107
64
107
63
107
62
107
61
107
60
107
59
107
58
106
57
106
56
105
55
104
54
103
53
102
53
101
53
100
53
99
52
98
52
97
52
96
52
95
51
94
51
93
51
92
51
91
51
90
51
89
51
88
51
87
51
86
52
85
52
84
52
83
52
82
52
81
53
80
53
79
54
78
54
77
55
76
55
75
56
74
56
73
57
72
57
71
58
70
59
69
59
68
60
67
61
66
62
65
63
65
64
64
65
64
66
63
67
63
68
62
69
62
70
61
71
61
72
61
73
61
74
61
75
62
76
62
77
62
78
62
79
62
80
62
81
63
82
63
83
63
84
63
85
63
86
64
87
65
88
66
89
67
89
68
90
69
91
70
91
71
91
72
91
73
91
74
91
75
