91
90
91
90
90
90
89
90
88
90
87
90
86
90
85
90
84
90
83
90
82
90
81
89
80
88
79
87
79
86
78
85
78
84
78
83
78
82
78
81
79
80
79
79
79
78
79
77
79
76
79
75
79
74
79
73
79
72
79
71
79
70
80
69
80
68
80
67
80
66
80
65
80
64
80
63
80
62
80
61
80
60
80
59
79
58
79
57
78
56
77
56
76
55
75
55
74
55
73
54
72
54
71
54
70
54
69
54
68
54
67
54
66
54
65
54
64
55
63
55
62
55
61
55
60
56
60
57
59
58
58
59
58
60
57
61
57
62
56
63
56
64
55
65
55
66
55
67
54
68
54
69
53
70
53
71
53
72
52
73
52
74
52
75
51
76
50
77
50
78
