85
89
85
89
84
88
83
88
82
88
81
88
80
88
79
87
78
86
77
85
76
84
76
83
76
82
76
81
76
80
75
79
76
78
76
77
76
76
76
75
76
74
76
73
76
72
76
71
76
70
76
69
76
68
76
67
76
66
76
65
76
64
76
63
76
62
76
61
76
60
75
59
75
58
75
57
74
56
73
56
72
56
71
55
70
55
69
55
68
55
67
54
66
54
65
54
64
55
63
55
62
55
61
55
60
55
59
55
58
55
57
55
56
55
55
56
54
56
53
56
52
57
51
58
51
59
50
60
49
61
49
62
49
63
48
64
48
65
47
66
47
67
47
68
46
69
46
70
45
71
45
72
45
73
44
74
43
75
43
76
43
77
42
78
42
79
41
80
