56
66
56
66
57
65
57
64
57
63
57
62
57
61
58
60
58
59
58
58
58
57
58
56
58
55
59
54
59
53
59
52
59
51
60
50
61
49
61
48
62
47
63
46
64
45
65
45
66
45
67
44
68
43
69
43
70
42
71
42
72
42
73
41
74
41
75
41
76
41
77
41
78
42
79
42
80
42
81
42
82
42
83
43
84
43
85
44
86
45
86
46
86
47
87
48
87
49
87
50
87
51
87
52
87
53
88
54
88
55
88
56
88
57
87
58
87
59
87
60
86
61
86
62
85
63
85
64
84
65
83
66
82
67
81
68
80
69
79
70
78
70
77
71
76
71
75
71
74
71
73
71
72
71
71
71
70
71
69
70
68
70
67
70
66
70
65
69
64
69
63
69
62
69
61
68
60
68
59
68
58
67
56
66
55
66
54
67
53
68
52
69
52
70
51
71
51
72
51
73
50
74
50
75
50
76
49
77
49
78
49
79
48
80
48
81
47
82
47
83
47
84
47
85
46
86
46
87
45
88
45
89
45
90
45
91
44
92
44
93
43
94
43
95
43
96
43
97
43
98
43
99
43
100
42
101
