52
77
52
77
53
76
53
75
53
74
53
73
54
72
54
71
54
70
54
69
54
68
55
67
55
66
55
65
55
64
56
63
57
62
57
61
58
60
58
59
58
58
59
57
59
56
60
55
61
54
61
53
61
52
62
51
63
50
64
50
65
51
66
51
67
50
68
50
69
51
70
51
71
51
72
51
73
51
74
52
75
52
76
52
77
52
78
53
79
53
80
54
81
55
81
56
82
57
82
58
82
59
82
60
82
61
83
62
83
63
83
64
83
65
83
66
82
67
82
68
82
69
82
70
81
71
81
72
81
73
80
74
79
75
78
76
77
77
76
78
75
78
74
78
73
78
72
78
71
79
70
79
69
80
68
79
67
79
66
79
65
79
64
79
63
79
62
79
61
79
60
79
59
79
58
79
57
79
56
79
55
78
54
78
52
77
51
78
50
79
49
80
48
81
48
82
48
83
48
84
48
85
47
86
46
87
46
88
46
89
46
90
45
91
45
92
44
93
44
94
44
95
43
96
43
97
42
98
42
99
42
100
42
101
41
102
40
103
40
104
40
105
40
106
40
107
39
108
39
109
38
110
38
111
