67
72
67
72
67
71
67
70
68
69
68
68
68
67
68
66
68
65
68
64
68
63
69
62
69
61
69
60
69
59
69
58
70
57
71
56
71
55
72
54
72
53
72
52
72
51
73
50
74
49
75
48
75
47
76
46
77
45
78
45
79
45
80
44
81
44
82
44
83
44
84
44
85
44
86
44
87
44
88
45
89
45
90
45
91
46
92
46
93
46
94
47
95
48
95
49
96
50
96
51
96
52
96
53
96
54
97
55
97
56
97
57
97
58
97
59
97
60
96
61
96
62
96
63
95
64
94
65
94
66
93
67
92
68
91
69
90
69
89
70
88
71
87
71
86
72
85
72
84
73
83
73
82
73
81
73
80
73
79
73
78
73
77
73
76
73
75
74
74
74
73
74
72
74
71
74
70
74
69
73
67
72
66
73
65
73
64
74
63
75
63
76
63
77
62
78
62
79
61
80
61
81
60
82
60
83
60
84
60
85
59
86
59
87
58
88
58
89
58
90
58
91
57
92
56
93
56
94
56
95
56
96
56
97
55
98
55
99
54
100
54
101
54
102
54
103
53
104
53
105
53
106
52
107
52
108
52
109
