53
80
53
80
54
79
54
78
54
77
54
76
55
75
55
74
55
73
55
72
55
71
56
70
56
69
56
68
56
67
56
66
56
65
57
64
58
63
58
62
58
61
58
60
59
59
59
58
60
57
60
56
61
55
62
54
63
53
64
53
65
53
66
53
67
52
68
52
69
53
70
53
71
53
72
53
73
53
74
53
75
54
76
54
77
54
78
55
78
56
78
57
78
58
78
59
79
60
79
61
79
62
79
63
79
64
79
65
79
66
79
67
79
68
79
69
78
70
78
71
77
72
77
73
77
74
77
75
76
76
75
77
74
78
73
79
72
80
71
81
70
82
69
82
68
82
67
82
66
83
65
82
64
82
63
82
62
82
61
82
60
82
59
82
58
82
57
82
56
82
55
81
53
80
52
80
51
81
50
82
49
83
49
84
49
85
49
86
48
87
47
88
47
89
47
90
47
91
46
92
45
93
45
94
45
95
45
96
44
97
44
98
43
99
43
100
43
101
42
102
42
103
41
104
41
105
41
106
41
107
41
108
40
109
40
110
