66
62
66
62
66
61
66
60
67
59
67
58
67
57
67
56
68
55
68
54
68
53
68
52
68
51
68
50
68
49
69
48
69
47
69
46
69
45
70
44
71
43
72
42
73
41
74
40
75
40
76
40
77
40
78
39
79
38
80
38
81
38
82
38
83
38
84
38
85
38
86
38
87
39
88
39
89
40
90
41
91
42
91
43
91
44
91
45
91
46
91
47
91
48
91
49
91
50
90
51
90
52
90
53
90
54
89
55
88
56
87
57
86
58
85
59
84
59
83
60
82
61
81
62
80
62
79
62
78
62
77
62
76
62
75
63
74
63
73
63
72
63
71
63
70
63
69
63
68
63
66
62
65
63
64
64
63
65
62
66
62
67
61
68
61
69
61
70
60
71
60
72
60
73
59
74
59
75
59
76
59
77
58
78
57
79
57
80
57
81
57
82
56
83
56
84
56
85
55
86
55
87
55
88
54
89
54
90
53
91
53
92
53
93
53
94
53
95
52
96
52
97
51
98
51
99
51
100
51
101
50
102
50
103
49
104
49
105
