51
71
51
71
51
70
51
69
52
68
52
67
52
66
52
65
52
64
53
63
53
62
53
61
53
60
53
59
54
58
54
57
55
56
55
55
55
54
56
53
57
52
57
51
58
50
59
49
60
48
61
47
62
47
63
46
64
45
65
45
66
44
67
44
68
44
69
45
70
45
71
45
72
45
73
46
74
46
75
46
76
47
77
48
77
49
78
50
79
51
79
52
79
53
79
54
79
55
79
56
80
57
80
58
80
59
80
60
80
61
80
62
80
63
80
64
80
65
80
66
80
67
79
68
78
69
77
70
76
71
76
72
75
73
74
73
73
74
72
75
71
75
70
75
69
75
68
75
67
75
66
75
65
75
64
75
63
75
62
75
61
74
60
74
59
74
58
74
57
74
56
74
55
73
54
73
53
73
51
71
50
72
49
72
48
73
48
74
47
75
47
76
47
77
46
78
46
79
45
80
45
81
45
82
44
83
44
84
44
85
44
86
43
87
43
88
42
89
42
90
42
91
41
92
41
93
40
94
40
95
40
96
40
97
39
98
39
99
39
100
38
101
38
102
38
103
37
104
