65
67
65
67
65
66
65
65
65
64
66
63
66
62
66
61
66
60
66
59
67
58
67
57
67
56
67
55
67
54
67
53
67
52
68
51
69
50
69
49
70
48
70
47
70
46
71
45
72
44
73
44
74
43
75
43
76
42
77
42
78
42
79
41
80
41
81
41
82
41
83
42
84
42
85
42
86
42
87
43
88
43
89
44
90
45
91
46
91
47
92
48
92
49
92
50
92
51
92
52
92
53
92
54
93
55
93
56
93
57
93
58
93
59
92
60
92
61
92
62
91
63
90
64
90
65
89
66
88
67
87
68
86
68
85
69
84
69
83
70
82
70
81
70
80
70
79
70
78
70
77
70
76
70
75
70
74
70
73
70
72
70
71
70
70
70
69
69
68
69
67
69
65
67
64
68
63
69
62
70
62
71
61
72
61
73
61
74
60
75
60
76
60
77
60
78
59
79
59
80
59
81
58
82
58
83
58
84
57
85
57
86
56
87
56
88
56
89
56
90
55
91
55
92
55
93
55
94
54
95
54
96
54
97
53
98
53
99
53
100
53
101
53
102
53
103
52
104
51
105
