85
100
85
100
84
100
83
101
82
101
81
101
80
102
79
102
78
103
77
103
76
103
75
103
74
104
73
104
72
104
71
105
70
105
69
105
68
105
67
105
66
106
65
106
64
106
63
106
62
106
61
106
60
106
59
106
58
107
57
106
56
106
55
106
54
106
53
106
52
106
51
106
50
106
49
105
48
105
47
105
46
104
45
103
44
102
43
101
43
100
43
99
42
98
42
97
42
96
42
95
41
94
41
93
41
92
41
91
41
90
41
89
41
88
41
87
41
86
42
85
42
84
42
83
42
82
43
81
43
80
44
79
44
78
44
77
44
76
45
75
45
74
46
73
46
72
47
71
47
70
48
69
48
68
49
67
50
66
51
65
52
64
53
63
54
62
55
62
56
61
57
61
58
61
59
60
60
60
61
60
62
60
63
60
64
60
