93
101
93
101
92
101
91
102
90
102
89
103
88
103
87
104
86
104
85
105
84
105
83
105
82
105
81
106
80
106
79
106
78
107
77
107
76
107
75
107
74
107
73
107
72
107
71
107
70
107
69
106
68
106
67
105
66
105
65
105
64
105
63
104
62
103
61
102
60
101
59
100
59
99
58
98
58
97
58
96
57
95
57
94
57
93
57
92
56
91
56
90
56
89
56
88
56
87
56
86
56
85
56
84
57
83
57
82
57
81
57
80
57
79
57
78
58
77
58
76
59
75
59
74
59
73
60
72
61
71
61
70
61
69
62
68
63
67
64
66
65
65
66
64
67
63
68
62
69
61
70
60
71
59
72
58
73
57
74
56
75
56
76
56
77
55
78
55
79
54
80
54
81
54
82
54
83
54
84
53
85
53
86
54
87
54
