64
81
64
81
65
81
66
80
67
80
68
79
69
79
70
79
71
78
72
78
73
78
74
77
75
76
76
75
77
75
78
75
79
75
80
75
81
75
82
75
83
75
84
75
85
75
86
76
87
76
88
76
89
77
90
78
91
79
92
80
92
81
92
82
93
83
93
84
93
85
93
86
94
87
94
88
94
89
94
90
94
91
94
92
94
93
94
94
94
95
94
96
94
97
64
81
63
82
63
83
63
84
63
85
62
86
62
87
62
88
62
89
62
90
62
91
62
92
61
93
61
94
61
95
61
96
61
97
60
98
60
99
64
81
63
80
62
79
61
78
60
77
60
76
59
75
58
74
57
73
56
73
55
72
54
72
53
72
52
72
51
72
50
73
49
73
48
73
47
73
46
74
45
74
44
74
43
75
42
75
41
75
40
76
39
76
38
77
37
78
37
79
36
80
36
81
36
82
35
83
34
84
34
85
33
86
33
87
33
88
33
89
33
90
32
91
31
92
31
93
31
94
31
95
31
96
30
97
29
98
29
99
29
100
28
101
