61
80
61
80
62
79
63
78
64
78
65
78
66
77
67
76
68
76
69
75
70
74
71
73
72
72
73
71
74
71
75
70
76
70
77
70
78
70
79
71
80
71
81
71
82
72
83
72
84
72
85
72
86
73
87
74
87
75
87
76
88
77
88
78
89
79
89
80
89
81
89
82
89
83
90
84
90
85
90
86
90
87
90
88
90
89
90
90
90
91
90
92
90
93
90
94
90
95
90
96
91
97
91
98
61
80
60
81
60
82
60
83
60
84
60
85
60
86
59
87
59
88
59
89
59
90
59
91
59
92
59
93
59
94
58
95
58
96
58
97
58
98
61
80
60
79
59
78
58
77
57
76
56
75
56
74
56
73
55
72
54
72
53
71
52
71
51
71
50
71
49
70
48
70
47
70
46
69
45
69
44
69
43
69
42
69
41
70
40
70
39
70
38
71
37
72
37
73
37
74
36
75
36
76
36
77
35
78
35
79
34
80
33
81
33
82
33
83
33
84
33
85
32
86
32
87
31
88
31
89
30
90
30
91
30
92
30
93
29
94
29
95
28
96
28
97
28
98
