55
68
55
68
55
67
56
67
57
66
58
66
59
66
60
65
61
65
62
65
63
65
64
64
65
64
66
63
67
63
68
63
69
63
70
63
71
63
72
64
73
64
74
64
75
65
76
65
77
65
78
66
79
67
80
68
80
69
81
70
81
71
81
72
81
73
82
74
82
75
83
76
83
77
83
78
83
79
84
80
84
81
84
82
84
83
84
84
84
85
55
67
54
66
53
65
52
64
51
63
50
62
49
61
48
60
47
60
46
60
45
59
44
59
43
59
42
59
41
58
40
58
39
58
38
58
37
58
36
58
35
58
34
59
33
59
32
60
31
61
31
62
30
63
30
64
29
65
29
66
29
67
29
68
29
69
28
70
28
71
27
72
27
73
27
74
27
75
26
76
26
77
26
78
26
79
25
80
25
81
25
82
25
83
25
84
25
85
24
86
24
87
23
88
55
68
55
69
54
70
54
71
54
72
54
73
54
74
54
75
53
76
53
77
53
78
53
79
53
80
53
81
52
82
52
83
