59
73
59
73
59
72
60
72
61
72
62
71
63
71
64
70
65
70
66
70
67
69
68
68
69
68
70
67
71
67
72
67
73
66
74
66
75
66
76
66
77
67
78
67
79
67
80
68
81
69
82
70
83
71
84
72
84
73
85
74
85
75
85
76
85
77
85
78
86
79
86
80
87
81
87
82
87
83
87
84
87
85
87
86
87
87
87
88
87
89
87
90
87
91
59
72
58
71
57
70
56
69
55
68
54
67
53
66
52
66
51
65
50
65
49
65
48
65
47
65
46
65
45
65
44
65
43
65
42
65
41
65
40
66
39
66
38
66
37
67
36
67
35
68
35
69
34
70
34
71
34
72
33
73
33
74
32
75
32
76
31
77
31
78
31
79
30
80
30
81
30
82
30
83
29
84
29
85
28
86
28
87
28
88
28
89
27
90
27
91
27
92
27
93
27
94
59
73
59
74
59
75
59
76
58
77
58
78
58
79
58
80
58
81
58
82
57
83
57
84
57
85
57
86
57
87
57
88
57
89
