67
90
67
90
68
90
69
89
70
88
70
87
71
86
71
85
71
84
72
83
72
82
72
81
73
80
73
79
73
78
73
77
73
76
73
75
73
74
73
73
73
72
73
71
73
70
73
69
73
68
73
67
73
66
74
65
74
64
74
63
74
62
74
61
74
60
74
59
74
58
75
57
75
56
75
55
76
54
76
53
76
52
77
51
77
50
78
49
78
48
79
47
73
66
72
66
71
66
70
66
69
66
68
66
67
67
66
67
65
67
64
67
63
67
62
68
61
68
60
68
59
69
58
69
57
69
56
69
55
69
54
69
53
68
52
68
51
67
50
66
49
65
49
64
48
63
48
62
48
61
47
60
47
59
47
58
47
57
47
56
47
55
47
54
47
53
47
52
47
51
47
50
47
49
48
48
48
47
48
46
48
45
48
44
49
43
68
90
68
91
69
92
70
93
70
94
70
95
70
96
70
97
70
98
69
99
69
100
69
101
69
102
69
103
69
104
69
105
69
106
69
107
69
108
69
109
68
110
68
111
68
112
68
113
67
114
67
115
67
116
67
117
66
118
65
119
65
120
64
121
63
121
62
121
61
121
60
121
59
121
58
121
57
120
56
120
55
120
54
120
53
120
52
119
51
118
50
117
49
117
48
116
47
115
47
114
47
113
47
112
46
111
46
110
46
109
46
108
46
107
46
106
46
105
46
104
47
103
48
102
49
101
50
100
51
99
52
98
53
97
54
96
55
95
56
94
57
94
58
93
59
93
60
92
61
92
62
92
63
91
64
91
65
91
