69
93
69
93
70
92
71
91
72
90
72
89
73
88
73
87
73
86
74
85
74
84
75
83
75
82
75
81
75
80
76
79
76
78
76
77
76
76
76
75
76
74
76
73
76
72
77
71
77
70
77
69
77
68
78
67
78
66
78
65
78
64
78
63
79
62
79
61
79
60
79
59
79
58
79
57
80
56
80
55
81
54
81
53
81
52
81
51
81
50
82
49
82
48
82
47
83
46
83
45
84
44
76
72
75
71
74
71
73
71
72
71
71
71
70
72
69
72
68
72
67
72
66
72
65
73
64
73
63
73
62
74
61
74
60
74
59
74
58
74
57
74
56
74
55
74
54
73
53
73
52
72
51
72
50
71
49
70
49
69
48
68
47
67
46
66
46
65
46
64
46
63
45
62
45
61
45
60
45
59
45
58
45
57
45
56
45
55
45
54
45
53
45
52
45
51
45
50
46
49
46
48
47
47
47
46
47
45
47
44
47
43
47
42
48
41
69
93
70
94
70
95
70
96
70
97
70
98
70
99
70
100
70
101
70
102
69
103
69
104
69
105
69
106
69
107
69
108
69
109
68
110
68
111
68
112
67
113
67
114
66
115
66
116
65
117
65
118
64
119
64
120
64
121
63
122
62
123
61
124
60
124
59
124
58
124
57
124
56
124
55
124
54
124
53
123
52
123
51
123
50
123
49
123
48
122
47
121
47
120
47
119
47
118
46
117
46
116
46
115
46
114
46
113
45
112
45
111
46
110
46
109
46
108
46
107
46
106
46
105
47
104
48
103
49
102
50
101
51
100
52
100
53
99
54
99
55
98
56
97
57
96
58
96
59
95
60
95
61
95
62
95
63
95
64
94
65
94
66
94
67
94
