72
91
72
91
73
91
74
90
75
89
75
88
75
87
76
86
76
85
77
84
78
83
78
82
78
81
78
80
78
79
78
78
78
77
79
76
80
75
81
75
82
75
83
76
84
76
85
75
86
75
87
75
88
75
89
74
80
75
79
74
79
73
79
72
79
71
79
70
79
69
79
68
79
67
79
66
80
65
80
64
80
63
81
62
81
61
82
60
82
59
82
58
82
57
83
56
83
55
83
54
83
53
83
52
84
51
84
50
84
49
85
48
85
47
79
66
78
65
77
65
76
65
75
66
74
66
73
66
72
66
71
67
70
67
69
67
68
67
67
67
66
67
65
67
64
67
63
66
62
66
61
66
60
65
59
64
58
63
57
63
56
62
56
61
56
60
55
59
55
58
55
57
55
56
54
55
55
54
55
53
55
52
55
51
55
50
55
49
55
48
55
47
55
46
55
45
56
44
56
43
56
42
57
41
57
40
73
91
73
92
74
93
75
94
75
95
76
96
76
97
76
98
76
99
75
100
75
101
75
102
75
103
75
104
75
105
75
106
75
107
75
108
75
109
74
110
74
111
74
112
74
113
73
114
73
115
73
116
72
117
71
118
70
118
69
119
68
118
67
118
66
118
65
118
64
118
63
117
62
117
61
117
60
116
60
115
59
114
58
113
57
112
57
111
57
110
57
109
56
108
56
107
56
106
57
105
57
104
57
103
57
102
57
101
58
100
59
99
60
98
61
97
62
96
63
95
64
94
65
94
66
93
67
93
68
93
69
92
70
92
