61
96
61
96
62
95
62
94
63
93
64
92
65
91
65
90
66
89
66
88
66
87
67
86
68
85
68
84
68
83
68
82
68
81
69
80
69
79
69
78
69
77
69
76
69
75
69
74
69
73
69
72
69
71
69
70
69
69
70
68
70
67
70
66
70
65
71
64
71
63
72
62
72
61
72
60
72
59
72
58
72
57
72
56
72
55
73
54
73
53
73
52
73
51
74
50
74
49
74
48
75
47
69
69
68
69
67
69
66
69
65
69
64
70
63
70
62
70
61
70
60
70
59
70
58
70
57
70
56
70
55
70
54
71
53
70
52
70
51
70
50
70
49
70
48
70
47
69
46
69
45
69
44
68
43
67
42
66
41
65
41
64
41
63
40
62
40
61
40
60
40
59
40
58
40
57
40
56
40
55
40
54
40
53
40
52
40
51
40
50
40
49
40
48
40
47
40
46
40
45
40
44
40
43
61
96
62
97
63
98
63
99
64
100
64
101
64
102
64
103
64
104
63
105
63
106
63
107
63
108
63
109
63
110
63
111
63
112
62
113
62
114
61
115
61
116
61
117
61
118
60
119
59
119
58
120
57
120
56
120
55
120
54
120
53
119
52
119
51
119
50
119
49
118
48
118
47
118
46
117
45
116
45
115
44
114
44
113
44
112
44
111
43
110
43
109
43
108
44
107
44
106
44
105
45
104
45
103
46
102
47
101
48
100
49
99
50
99
51
99
52
98
53
98
54
98
55
98
56
97
57
97
58
97
59
96
