67
89
67
89
68
88
69
87
69
86
70
85
70
84
71
83
71
82
71
81
71
80
71
79
71
78
72
77
72
76
72
75
72
74
72
73
72
72
72
71
72
70
72
69
72
68
72
67
72
66
72
65
72
64
71
63
70
62
71
61
72
60
73
59
73
58
73
57
74
56
75
55
75
54
75
53
76
52
76
51
76
50
76
49
77
48
77
47
77
46
77
45
78
44
79
43
70
62
69
62
68
62
67
63
66
63
65
63
64
64
63
64
62
64
61
64
60
65
59
65
58
65
57
65
56
65
55
65
54
65
53
65
52
65
51
65
50
65
49
65
48
64
47
63
46
62
45
61
45
60
44
59
44
58
44
57
44
56
43
55
43
54
43
53
43
52
43
51
43
50
43
49
43
48
43
47
43
46
43
45
43
44
43
43
43
42
43
41
67
89
68
90
69
91
69
92
69
93
69
94
69
95
69
96
69
97
69
98
69
99
69
100
69
101
69
102
69
103
69
104
68
105
68
106
68
107
68
108
67
109
66
110
66
111
66
112
65
113
64
114
63
115
62
115
61
115
60
115
59
115
58
115
57
114
56
114
55
114
54
113
53
113
52
112
51
111
51
110
51
109
50
108
50
107
50
106
50
105
50
104
49
103
49
102
49
101
49
100
49
99
50
98
50
97
50
96
51
95
52
94
53
93
54
92
55
92
56
91
57
91
58
91
59
91
60
90
61
90
62
90
63
90
64
89
65
89
