70
81
70
81
71
80
72
79
73
78
73
77
73
76
73
75
73
74
73
73
73
72
73
71
73
70
73
69
74
68
74
67
74
66
75
65
74
64
75
63
76
62
76
61
77
60
77
59
77
58
77
57
77
56
78
55
78
54
78
53
78
52
78
51
79
50
79
49
79
48
80
47
74
64
73
63
72
62
71
62
70
63
69
63
68
63
67
63
66
64
65
64
64
64
63
64
62
64
61
64
60
64
59
64
58
64
57
64
56
64
55
64
54
64
53
64
52
63
51
63
50
62
49
61
48
60
48
59
48
58
48
57
48
56
47
55
47
54
47
53
47
52
47
51
47
50
47
49
48
48
48
47
70
81
71
82
71
83
71
84
71
85
71
86
71
87
71
88
71
89
71
90
71
91
71
92
71
93
71
94
70
95
70
96
70
97
70
98
70
99
70
100
69
101
69
102
69
103
69
104
68
105
68
106
68
107
68
108
68
109
68
110
67
111
67
112
67
113
66
114
66
115
66
116
66
117
65
118
64
119
63
119
62
119
61
120
60
120
59
119
58
119
57
119
56
119
55
119
54
119
53
118
52
118
51
118
50
117
49
117
48
116
47
115
47
114
46
113
45
112
44
111
44
110
44
109
44
108
43
107
43
106
43
105
43
104
43
103
43
102
43
101
44
100
44
99
44
98
44
97
45
96
45
95
46
94
46
93
46
92
47
91
48
90
49
89
50
89
51
89
52
88
53
87
54
87
55
86
56
85
57
85
58
84
59
84
60
83
61
83
62
83
63
83
64
83
65
82
66
82
67
82
68
81
