74
82
74
82
75
81
76
80
76
79
77
78
77
77
77
76
77
75
77
74
78
73
78
72
78
71
78
70
78
69
78
68
78
67
78
66
78
65
78
64
78
63
77
62
78
61
78
60
79
59
79
58
79
57
79
56
79
55
79
54
79
53
79
52
79
51
80
50
80
49
80
48
81
47
81
46
81
45
81
44
77
62
76
62
75
62
74
62
73
62
72
63
71
63
70
63
69
63
68
64
67
64
66
65
65
65
64
66
63
66
62
66
61
66
60
66
59
67
58
67
57
67
56
67
55
66
54
66
53
65
52
64
52
63
51
62
50
61
50
60
50
59
50
58
49
57
49
56
49
55
49
54
49
53
49
52
49
51
49
50
49
49
49
48
50
47
50
46
50
45
50
44
51
43
75
81
75
82
76
83
76
84
76
85
76
86
76
87
76
88
76
89
76
90
76
91
76
92
76
93
76
94
76
95
76
96
75
97
75
98
75
99
75
100
75
101
75
102
75
103
75
104
75
105
75
106
75
107
75
108
74
109
74
110
74
111
73
112
73
113
73
114
73
115
72
116
72
117
72
118
71
119
70
119
69
119
68
119
67
119
66
119
65
119
64
118
63
118
62
118
61
118
60
118
59
117
58
116
57
115
56
114
55
113
54
112
54
111
53
110
53
109
52
108
52
107
52
106
51
105
51
104
51
103
51
102
51
101
51
100
51
99
51
98
51
97
51
96
52
95
53
94
54
93
55
92
56
91
57
90
58
89
59
88
60
87
61
86
62
85
63
84
64
84
65
84
66
83
67
83
68
83
69
83
70
82
71
82
72
82
