66
89
66
89
66
88
66
87
66
86
66
85
66
84
67
83
67
82
67
81
67
80
67
79
68
78
68
77
68
76
68
75
68
74
69
73
69
72
69
71
70
70
70
69
70
68
70
67
70
66
70
65
71
64
71
63
71
62
71
61
72
60
72
59
73
58
74
58
75
58
76
58
77
58
78
58
79
58
80
58
81
58
82
58
83
58
84
58
85
58
86
59
87
59
88
59
89
59
90
60
91
60
92
60
93
61
94
61
95
62
96
63
97
64
97
65
98
66
98
67
98
68
98
69
98
70
99
71
99
72
99
73
99
74
99
75
99
76
99
77
99
78
99
79
98
80
98
81
98
82
98
83
97
84
97
85
96
86
95
87
94
88
93
89
92
90
91
91
90
91
89
92
88
92
87
92
86
93
85
93
84
93
83
93
82
93
81
93
80
93
79
93
78
93
77
93
76
92
75
92
74
92
73
92
72
91
71
91
70
91
69
91
68
90
73
58
72
57
71
56
70
55
69
54
68
53
67
53
66
53
65
53
64
53
63
53
62
53
61
53
60
53
59
53
58
52
57
52
56
52
55
52
54
52
53
53
52
53
51
53
50
54
49
54
48
55
47
56
46
57
45
58
44
59
43
60
42
61
41
62
41
63
41
64
41
65
40
66
40
67
40
68
40
69
40
70
40
71
40
72
40
73
40
74
40
75
41
76
41
77
41
78
41
79
42
80
42
81
43
82
44
83
45
84
46
84
47
85
48
85
49
85
50
85
51
85
52
85
53
85
54
85
55
85
56
85
57
85
58
85
59
84
60
84
61
83
62
83
63
83
64
83
66
89
65
90
64
91
64
92
63
93
63
94
63
95
63
96
63
97
63
98
63
99
62
100
62
101
62
102
62
103
61
104
61
105
61
106
61
107
61
108
61
109
60
110
60
111
60
112
60
113
59
114
59
115
59
116
58
117
58
118
58
119
