52
79
52
79
53
79
54
78
55
77
56
77
57
76
58
75
58
74
58
73
58
72
58
71
59
70
59
69
59
68
59
67
59
66
59
65
59
64
59
63
59
62
59
61
60
60
60
59
60
58
60
57
60
56
61
55
61
54
61
53
61
52
61
51
62
50
63
49
64
48
65
48
66
48
67
48
68
48
69
48
70
48
71
48
72
48
73
48
74
48
75
49
76
49
77
49
78
50
79
50
80
50
81
51
82
51
83
52
83
53
84
54
84
55
85
56
85
57
85
58
85
59
85
60
85
61
85
62
85
63
85
64
85
65
85
66
85
67
84
68
84
69
84
70
84
71
83
72
83
73
82
74
81
75
80
76
79
77
78
78
77
79
76
79
75
80
74
80
73
80
72
80
71
81
70
81
69
81
68
80
67
80
66
80
65
80
64
80
63
80
62
79
61
79
60
78
59
77
63
49
62
48
61
47
61
46
60
45
59
44
58
43
57
42
56
42
55
42
54
42
53
42
52
42
51
42
50
42
49
42
48
42
47
42
46
42
45
42
44
43
43
43
42
43
41
43
40
43
39
44
38
44
37
45
36
45
35
45
34
46
33
47
32
48
31
48
30
49
29
50
29
51
28
52
28
53
27
54
27
55
26
56
26
57
26
58
26
59
26
60
26
61
26
62
26
63
27
64
27
65
27
66
27
67
28
68
29
69
29
70
29
71
30
72
31
73
32
74
33
75
34
76
35
76
36
77
37
78
38
78
39
78
40
78
41
78
42
79
43
79
44
79
45
79
46
79
47
79
48
79
49
79
50
79
53
79
53
80
53
81
52
82
52
83
52
84
52
85
52
86
52
87
52
88
52
89
52
90
52
91
52
92
52
93
51
94
51
95
51
96
50
97
50
98
50
99
50
100
50
101
50
102
50
103
50
104
50
105
49
106
49
107
49
108
49
109
49
110
49
111
49
112
49
113
48
114
48
115
48
116
