54
79
54
79
55
79
56
78
57
78
58
77
58
76
59
75
59
74
59
73
60
72
60
71
60
70
60
69
60
68
60
67
60
66
60
65
60
64
60
63
61
62
61
61
61
60
61
59
61
58
61
57
62
56
62
55
62
54
62
53
63
52
64
51
65
51
66
52
67
52
68
52
69
52
70
52
71
51
72
51
73
52
74
52
75
52
76
53
77
53
78
53
79
53
80
54
81
54
82
54
83
55
84
55
85
56
86
57
87
58
87
59
87
60
88
61
88
62
88
63
88
64
88
65
88
66
88
67
88
68
88
69
88
70
88
71
87
72
87
73
87
74
87
75
87
76
86
77
86
78
85
79
84
80
83
81
82
82
81
83
80
83
79
83
78
83
77
84
76
84
75
84
74
84
73
83
72
83
71
83
70
83
69
82
68
82
67
82
66
81
65
81
64
81
63
80
62
80
61
80
60
79
64
51
63
50
63
49
62
48
62
47
61
46
60
45
59
45
58
45
57
45
56
45
55
45
54
45
53
45
52
45
51
45
50
45
49
45
48
45
47
45
46
45
45
45
44
46
43
46
42
47
41
47
40
48
39
49
38
50
37
50
36
51
35
52
34
53
34
54
33
55
33
56
32
57
32
58
32
59
31
60
31
61
31
62
31
63
31
64
31
65
31
66
31
67
32
68
32
69
32
70
33
71
33
72
33
73
33
74
34
75
35
76
36
77
37
78
38
78
39
78
40
78
41
79
42
79
43
79
44
79
45
79
46
79
47
79
48
79
49
79
50
79
51
79
52
79
55
79
55
80
54
81
54
82
54
83
54
84
54
85
54
86
54
87
53
88
53
89
53
90
53
91
53
92
53
93
52
94
52
95
52
96
52
97
51
98
51
99
50
100
50
101
50
102
50
103
50
104
50
105
50
106
49
107
49
108
49
109
49
110
49
111
49
112
48
113
48
114
48
115
