62
86
62
86
63
85
63
84
64
83
64
82
64
81
64
80
64
79
64
78
64
77
64
76
64
75
64
74
64
73
64
72
64
71
64
70
64
69
64
68
64
67
64
66
64
65
65
64
65
63
66
62
67
61
68
61
69
60
70
59
71
58
72
57
73
56
74
55
75
55
76
54
77
54
78
53
79
53
80
52
81
52
82
51
83
50
84
50
85
50
86
49
87
49
88
49
89
49
65
63
64
62
63
61
62
60
61
59
60
58
59
57
58
56
57
55
56
54
55
53
54
52
53
51
52
51
51
50
50
49
49
49
48
49
47
49
46
49
45
48
44
48
43
48
63
85
63
86
64
87
65
88
66
89
67
90
68
91
69
92
70
93
70
94
71
95
71
96
72
97
73
98
73
99
74
100
75
100
76
101
77
101
78
102
79
102
80
102
81
103
82
103
83
103
84
103
85
103
86
103
87
103
88
103
89
103
90
103
91
103
92
102
93
102
62
86
61
87
60
87
59
88
58
88
57
89
56
89
55
90
54
91
54
92
53
93
53
94
52
95
51
96
50
97
49
98
49
99
48
100
47
101
46
102
46
103
45
104
44
105
43
106
