67
81
67
81
68
80
69
79
70
78
71
77
72
76
73
75
74
74
75
73
76
72
76
71
76
70
77
69
77
68
77
67
78
66
79
65
79
64
79
63
80
62
81
61
82
60
82
59
83
58
84
57
85
56
86
55
87
54
88
53
89
52
90
52
91
51
92
51
93
50
68
80
67
79
66
78
65
77
64
76
63
75
62
74
61
73
60
72
59
71
59
70
59
69
59
68
59
67
58
66
58
65
57
64
57
63
57
62
57
61
56
60
56
59
55
58
55
57
54
56
53
56
52
56
51
55
50
55
67
81
68
82
69
83
70
84
71
85
72
86
73
87
74
88
75
89
75
90
75
91
75
92
75
93
75
94
76
95
76
96
76
97
76
98
77
99
77
100
78
101
79
102
80
102
81
103
82
103
83
104
84
104
85
104
86
104
87
105
88
105
89
105
90
106
91
106
92
106
93
106
94
106
95
106
96
106
97
106
98
106
99
106
100
106
67
81
66
82
65
83
64
84
63
85
62
86
61
87
60
88
59
89
58
90
58
91
57
92
56
93
56
94
55
95
54
96
54
97
53
98
53
99
52
100
52
101
51
102
50
103
49
104
49
105
48
106
47
107
