67
85
67
85
68
84
68
83
68
82
68
81
68
80
68
79
68
78
68
77
68
76
69
75
69
74
69
73
69
72
69
71
69
70
69
69
69
68
69
67
69
66
69
65
70
64
71
64
72
63
73
63
74
62
75
61
76
60
77
59
77
58
78
57
78
56
78
55
78
54
79
53
80
52
81
51
82
50
83
49
84
48
85
47
86
46
87
45
88
45
89
45
90
45
70
64
69
63
68
62
67
61
66
60
65
59
64
58
63
57
62
56
62
55
61
54
60
53
60
52
59
51
58
50
58
49
57
48
56
48
55
48
54
48
53
47
52
47
51
47
50
47
49
47
48
47
47
47
46
47
45
48
44
48
68
84
68
85
69
86
70
87
71
88
72
89
73
90
73
91
73
92
74
93
74
94
75
95
75
96
76
97
77
98
78
99
79
99
80
100
81
100
82
100
83
101
84
101
85
101
86
102
87
102
88
102
89
102
90
102
91
102
92
102
93
103
94
103
95
103
96
103
67
85
66
85
65
85
64
86
63
87
62
87
61
88
60
88
59
89
58
90
57
91
56
92
55
93
54
94
53
95
52
96
51
97
50
98
49
98
48
99
47
99
