55
86
55
86
56
85
56
84
56
83
56
82
56
81
56
80
56
79
56
78
56
77
56
76
57
75
57
74
57
73
57
72
57
71
57
70
57
69
57
68
57
67
58
66
58
65
59
65
60
64
61
64
62
63
63
63
64
62
65
61
65
60
65
59
66
58
67
57
68
56
68
55
69
54
70
53
70
52
71
51
72
50
73
49
74
49
75
48
76
47
77
46
78
46
58
65
57
64
56
63
55
62
54
61
53
60
52
59
51
58
51
57
50
56
50
55
49
54
49
53
48
52
47
51
47
50
46
49
45
48
44
48
43
48
42
48
41
48
40
47
39
47
55
86
56
87
57
88
58
89
59
90
60
91
61
92
62
93
62
94
63
95
63
96
64
97
65
98
66
99
67
99
68
100
69
100
70
100
71
101
72
101
73
102
74
102
75
102
76
102
77
102
78
102
79
102
80
102
81
102
82
102
83
102
84
102
85
101
55
86
54
86
53
87
52
88
51
89
50
89
49
89
48
90
47
91
46
92
46
93
45
94
44
95
43
96
42
97
41
98
40
99
39
100
38
101
37
102
36
103
35
103
34
103
