64
87
64
87
65
86
66
85
66
84
66
83
66
82
66
81
66
80
66
79
66
78
66
77
67
76
67
75
67
74
67
73
67
72
67
71
67
70
67
69
67
68
67
67
67
66
67
65
67
64
67
63
68
63
69
63
70
63
71
62
72
62
73
61
74
60
74
59
75
58
76
57
77
56
78
55
78
54
79
53
80
52
81
52
82
51
83
50
84
49
85
48
86
48
67
63
66
62
65
61
64
61
63
60
62
59
61
58
60
57
59
56
58
55
57
54
56
53
55
52
54
51
53
51
52
51
51
50
50
50
49
50
48
50
47
49
46
49
45
50
65
86
65
87
66
88
67
89
68
90
69
91
70
92
71
93
72
94
72
95
72
96
72
97
73
98
74
98
75
99
76
100
77
101
78
102
79
103
80
104
81
104
82
104
83
105
84
105
85
105
86
105
87
106
88
106
89
106
90
106
91
106
92
106
93
106
94
106
95
106
96
106
97
106
98
106
99
106
100
107
64
87
63
88
62
88
61
89
60
90
59
90
58
91
57
92
56
93
55
94
54
95
54
96
53
97
52
98
52
99
51
100
50
101
49
101
48
102
47
103
46
104
45
105
44
105
43
106
42
106
41
107
