59
87
59
87
60
86
60
85
60
84
60
83
60
82
60
81
60
80
60
79
60
78
60
77
60
76
60
75
60
74
60
73
60
72
60
71
60
70
60
69
61
68
62
67
63
67
64
66
65
66
66
65
67
64
68
63
69
62
70
61
70
60
71
59
71
58
72
57
72
56
73
55
74
54
75
53
76
52
77
51
78
51
79
50
80
49
61
68
60
67
59
66
58
65
57
64
56
63
55
62
54
61
54
60
53
59
52
58
52
57
52
56
51
55
50
54
49
53
48
52
47
52
46
52
45
52
44
51
43
51
42
51
41
51
40
51
59
87
60
88
61
89
62
90
63
91
64
92
64
93
65
94
66
95
66
96
67
97
68
98
69
99
70
99
71
100
72
101
73
101
74
101
75
101
76
102
77
102
78
102
79
102
80
102
81
102
82
102
83
102
84
102
85
102
86
102
87
102
88
102
89
101
90
101
91
100
59
87
58
87
57
88
56
88
55
89
54
89
53
90
52
90
51
91
50
92
49
93
49
94
49
95
48
96
47
97
46
98
46
99
45
100
44
101
43
102
42
103
41
104
40
105
39
105
38
106
