66
72
66
72
67
71
67
70
67
69
67
68
67
67
67
66
67
65
67
64
68
64
69
63
70
62
71
62
72
61
73
60
74
59
75
58
75
57
76
56
77
55
77
54
78
53
78
52
79
51
80
50
81
49
81
48
82
47
83
46
84
46
85
45
86
45
87
44
88
44
89
44
90
43
91
43
92
43
93
42
67
64
66
63
65
62
64
61
63
60
62
59
61
58
60
57
60
56
60
55
60
54
60
53
59
52
59
51
59
50
58
49
58
48
57
47
56
46
55
45
54
44
53
44
52
44
51
44
50
43
49
43
48
43
47
43
46
43
45
43
44
43
43
43
42
43
66
72
67
73
68
74
69
75
70
76
71
77
72
78
72
79
73
80
73
81
74
82
74
83
74
84
75
85
75
86
75
87
76
88
77
89
78
90
79
91
80
92
81
92
82
92
83
92
84
92
85
92
86
92
87
92
88
92
89
92
90
92
91
92
92
92
93
91
94
91
95
91
96
90
97
90
98
90
99
90
100
90
66
72
65
73
64
74
63
75
62
75
61
76
60
76
59
77
58
78
57
79
56
80
55
81
54
82
53
83
53
84
52
85
51
86
50
87
50
88
50
89
49
90
48
91
47
92
46
92
45
93
44
93
43
94
42
95
