71
61
71
61
72
60
72
59
73
58
73
57
73
56
73
55
73
54
73
53
73
52
74
51
74
50
74
49
72
60
72
61
73
62
74
63
75
64
75
65
75
66
76
67
76
68
77
69
78
70
79
71
80
71
81
71
82
72
83
73
84
74
85
75
86
76
87
76
88
76
89
76
90
76
91
76
92
77
93
78
94
79
95
80
96
81
97
82
98
83
99
84
99
85
99
86
99
87
100
88
100
89
100
90
100
91
100
92
100
93
100
94
101
95
101
96
101
97
101
98
101
99
101
100
100
101
99
102
98
103
97
104
96
104
95
104
94
104
93
104
92
104
91
104
90
104
89
104
88
104
87
104
86
103
85
103
84
103
83
103
82
103
81
102
80
101
79
100
79
99
78
98
78
97
78
96
78
95
78
94
78
93
78
92
79
91
79
90
79
89
79
88
80
87
81
86
81
85
81
84
82
83
82
82
82
81
83
80
84
79
85
78
71
61
70
61
69
62
68
62
67
63
66
63
65
64
64
64
63
65
62
65
61
66
60
66
59
67
58
68
57
68
56
68
55
68
54
68
53
68
52
68
51
68
50
68
49
68
48
68
47
68
46
68
45
68
44
67
43
66
42
65
41
64
41
63
40
62
39
61
39
60
39
59
39
58
38
57
38
56
38
55
38
54
38
53
38
52
38
51
38
50
38
49
38
48
38
47
39
46
39
45
39
44
40
43
40
42
40
41
41
40
41
39
