84
68
84
68
85
67
85
66
85
65
85
64
85
63
85
62
85
61
85
60
86
59
86
58
86
57
86
56
86
55
86
54
86
53
86
52
87
51
88
50
84
68
85
69
86
70
86
71
86
72
87
73
87
74
87
75
88
76
88
77
89
78
90
79
91
80
92
81
93
81
94
81
95
82
96
82
97
83
98
84
99
85
100
86
101
87
102
87
103
87
104
88
105
89
106
90
107
91
108
92
109
93
109
94
109
95
109
96
109
97
109
98
109
99
109
100
109
101
109
102
109
103
109
104
109
105
109
106
108
107
108
108
107
109
106
110
105
110
104
110
103
110
102
110
101
111
100
111
99
110
98
110
97
110
96
110
95
110
94
110
93
109
92
108
91
107
91
106
90
105
90
104
91
103
91
102
91
101
92
100
92
99
92
98
93
97
93
96
94
95
95
94
95
93
96
92
97
91
98
90
99
89
84
68
83
68
82
69
81
69
80
70
79
70
78
71
77
71
76
71
75
72
74
72
73
73
72
74
71
75
70
76
69
76
68
77
67
78
66
78
65
78
64
78
63
78
62
78
61
78
60
78
59
78
58
78
57
78
56
78
55
78
54
77
53
77
52
77
51
77
50
76
49
75
48
74
47
73
47
72
47
71
47
70
47
69
46
68
46
67
46
66
46
65
46
64
46
63
46
62
46
61
46
60
46
59
46
58
46
57
46
56
46
55
47
54
47
53
47
52
47
51
47
50
47
49
48
48
