81
64
81
64
82
63
83
62
83
61
83
60
83
59
83
58
83
57
83
56
83
55
83
54
83
53
83
52
84
51
85
50
85
49
81
64
82
65
83
66
84
67
84
68
85
69
86
70
86
71
87
72
88
73
89
73
90
73
91
73
92
73
93
74
94
74
95
74
96
75
97
76
98
77
99
78
99
79
99
80
100
81
100
82
100
83
100
84
100
85
100
86
100
87
100
88
99
89
99
90
99
91
98
92
81
64
80
65
79
65
78
66
77
66
76
66
75
67
74
67
73
67
72
68
71
69
70
70
69
71
68
71
67
72
66
73
65
74
64
75
63
75
62
76
61
77
60
77
59
77
58
77
57
77
56
77
55
77
54
78
53
78
52
78
51
78
50
78
49
77
48
77
47
77
46
76
45
75
44
74
44
73
44
72
43
71
43
70
43
69
42
68
42
67
41
66
41
65
41
64
41
63
41
62
41
61
40
60
40
59
40
58
40
57
40
56
40
55
40
54
40
53
40
52
41
51
41
50
41
49
41
48
41
47
42
46
42
45
42
44
42
43
43
42
