81
52
81
52
82
52
83
51
84
50
85
49
86
49
87
48
88
47
88
46
89
45
90
44
82
52
82
53
82
54
81
55
81
56
81
57
81
58
81
59
81
60
80
61
80
62
80
63
80
64
80
65
79
66
79
67
79
68
79
69
79
70
78
71
77
72
77
73
77
74
77
75
76
76
76
77
75
78
75
79
75
80
75
81
74
82
74
83
74
84
74
85
73
86
73
87
73
88
73
89
73
90
73
91
73
92
73
93
73
94
73
95
73
96
73
97
74
98
74
99
74
100
75
101
76
102
77
102
78
102
79
102
80
102
81
103
82
103
83
102
84
102
85
102
86
102
87
102
88
102
89
102
90
102
91
102
92
102
93
102
94
101
95
101
96
101
97
101
98
101
81
52
80
51
79
51
78
51
77
51
76
51
75
51
74
51
73
51
72
51
71
51
70
51
69
50
68
50
67
50
66
50
65
50
64
50
63
50
62
49
61
49
60
49
59
49
58
49
57
49
56
48
55
48
54
48
53
47
52
47
51
47
50
47
49
47
48
48
48
49
47
50
47
51
46
52
46
53
46
54
45
55
45
56
