83
43
83
43
83
42
84
42
85
41
86
40
87
40
88
39
88
38
83
42
82
41
81
41
80
41
79
40
78
40
77
40
76
40
75
40
74
40
73
40
72
40
71
40
70
40
69
39
68
39
67
38
66
38
65
38
64
38
63
38
62
38
61
38
60
38
59
38
58
37
57
37
56
37
55
36
54
36
53
37
52
38
51
39
50
40
50
41
49
42
83
43
83
44
83
45
83
46
82
47
82
48
82
49
82
50
82
51
81
52
81
53
81
54
81
55
80
56
80
57
80
58
79
59
78
60
78
61
78
62
77
63
77
64
76
65
76
66
75
67
75
68
74
69
74
70
73
71
73
72
73
73
72
74
72
75
72
76
72
77
72
78
72
79
72
80
71
81
72
82
72
83
72
84
72
85
73
86
74
87
75
88
76
88
77
88
78
89
79
89
80
89
81
89
82
89
83
89
84
89
85
89
86
89
87
89
88
89
89
89
90
88
91
88
92
88
93
88
94
88
95
88
