87
48
87
48
88
47
89
47
90
46
91
45
92
44
93
43
94
42
87
48
87
49
86
50
86
51
86
52
86
53
85
54
85
55
85
56
85
57
85
58
85
59
84
60
84
61
83
62
83
63
83
64
83
65
82
66
81
67
81
68
81
69
81
70
80
71
80
72
79
73
79
74
79
75
79
76
78
77
78
78
78
79
78
80
78
81
78
82
78
83
78
84
78
85
78
86
78
87
78
88
79
89
79
90
80
91
81
92
82
92
83
92
84
92
85
93
86
93
87
93
88
93
89
93
90
93
91
93
92
93
93
92
94
92
95
92
96
92
87
48
86
47
85
46
84
46
83
47
82
47
81
47
80
47
79
47
78
47
77
47
76
47
75
47
74
47
73
47
72
46
71
46
70
46
69
46
68
46
67
46
66
46
65
46
64
46
63
46
62
46
61
45
60
45
59
45
58
45
57
44
56
44
55
44
54
44
53
45
52
46
51
47
51
48
50
49
50
50
49
51
