76
49
76
49
76
48
77
48
78
47
79
46
76
48
75
47
74
46
73
46
72
47
71
47
70
47
69
47
68
47
67
47
66
47
65
47
64
47
63
47
62
47
61
47
60
47
59
47
58
47
57
47
56
47
55
47
54
47
53
47
52
47
51
47
50
46
49
46
48
45
47
46
46
47
45
48
44
49
44
50
43
51
43
52
43
53
43
54
43
55
76
49
76
50
75
51
75
52
75
53
75
54
75
55
75
56
74
57
74
58
74
59
74
60
73
61
73
62
72
63
72
64
71
65
71
66
70
67
70
68
70
69
69
70
68
71
68
72
68
73
67
74
67
75
66
76
66
77
66
78
65
79
65
80
64
81
64
82
64
83
63
84
63
85
62
86
62
87
62
88
62
89
62
90
62
91
62
92
62
93
62
94
62
95
63
96
63
97
64
98
65
99
66
99
67
99
68
100
69
100
70
100
71
100
72
100
73
99
74
99
75
99
76
99
77
99
78
99
79
99
80
99
81
99
82
99
83
99
84
99
85
99
86
99
87
99
88
99
