78
47
78
47
78
46
79
46
80
45
81
44
82
43
83
42
83
41
84
40
85
39
78
46
77
45
76
45
75
45
74
45
73
45
72
45
71
45
70
45
69
45
68
45
67
45
66
45
65
45
64
44
63
44
62
44
61
44
60
43
59
43
58
42
57
42
56
41
55
40
54
39
53
39
52
38
51
38
50
37
49
37
48
37
47
36
46
36
45
35
44
35
43
34
42
34
41
35
40
36
39
37
38
38
37
39
37
40
36
41
36
42
78
47
78
48
77
49
77
50
77
51
77
52
77
53
77
54
77
55
76
56
76
57
76
58
76
59
75
60
75
61
74
62
74
63
74
64
74
65
74
66
73
67
72
68
72
69
72
70
72
71
71
72
71
73
71
74
70
75
70
76
70
77
70
78
70
79
70
80
69
81
69
82
69
83
70
84
70
85
70
86
70
87
71
88
72
89
73
89
74
89
75
89
76
90
77
90
78
90
79
90
80
90
81
90
82
91
83
91
84
91
85
90
86
90
87
90
88
91
89
91
