80
42
80
42
80
41
81
41
82
40
83
40
84
39
85
38
86
37
87
37
88
36
89
35
89
34
80
41
79
40
78
40
77
40
76
40
75
40
74
40
73
39
72
39
71
39
70
39
69
39
68
39
67
38
66
38
65
38
64
37
63
37
62
37
61
36
60
36
59
36
58
36
57
36
56
35
55
35
54
35
53
35
52
35
51
34
50
34
49
34
48
35
47
36
46
37
46
38
45
39
44
40
44
41
43
42
80
42
80
43
80
44
80
45
80
46
79
47
79
48
79
49
79
50
79
51
78
52
78
53
78
54
78
55
78
56
77
57
77
58
76
59
76
60
76
61
75
62
75
63
75
64
74
65
74
66
74
67
74
68
74
69
74
70
74
71
74
72
73
73
73
74
73
75
73
76
73
77
74
78
74
79
75
80
76
81
77
81
78
81
79
81
80
81
81
81
82
81
83
81
84
81
85
81
86
82
87
82
88
82
89
82
90
82
91
82
92
82
93
82
94
82
95
82
96
82
97
82
98
83
99
83
100
83
