56
88
56
88
57
87
57
86
57
85
57
84
58
83
58
82
58
81
58
80
58
79
58
78
58
77
58
76
58
75
58
74
58
73
59
72
59
71
59
70
60
69
60
68
61
67
61
66
62
65
56
88
57
89
58
90
59
91
60
92
61
93
62
93
63
94
64
95
65
95
66
95
67
95
68
95
69
95
70
95
71
95
72
94
73
94
74
93
75
92
76
91
77
90
78
89
79
89
80
89
81
88
82
88
83
87
84
87
85
87
86
86
86
85
86
84
86
83
86
82
86
81
86
80
87
79
87
78
87
77
87
76
87
75
87
74
88
73
88
72
88
71
88
70
89
69
86
86
86
87
87
88
88
89
89
90
90
91
90
92
91
93
92
94
93
95
94
96
95
97
96
98
97
99
98
99
99
100
100
100
56
88
55
88
54
89
53
89
52
89
51
90
50
90
49
91
48
91
47
92
46
93
46
94
45
95
44
96
43
97
42
97
41
98
40
98
39
98
38
99
37
99
36
99
35
99
34
99
33
99
32
98
31
98
30
97
29
96
29
95
28
94
28
93
27
92
27
91
27
90
27
89
27
88
26
87
26
86
26
85
26
84
26
83
26
82
26
81
27
80
27
79
27
78
27
77
27
76
27
75
27
74
28
73
28
72
28
71
28
70
28
69
29
68
29
67
29
66
29
65
