61
84
61
84
62
83
62
82
63
81
63
80
63
79
63
78
63
77
64
76
64
75
64
74
64
73
64
72
65
71
65
70
65
69
65
68
65
67
65
66
65
65
65
64
66
63
67
62
67
61
67
60
68
59
61
84
62
85
63
86
64
87
64
88
65
89
65
90
65
91
66
92
66
93
67
94
68
95
69
95
70
95
71
96
72
96
73
96
74
96
75
96
76
96
77
95
78
95
79
95
80
94
81
93
82
92
82
91
83
90
84
89
85
88
86
87
87
86
88
85
88
84
89
83
90
82
91
81
92
80
93
79
94
79
95
79
96
78
97
78
98
78
99
77
100
77
101
76
102
75
102
74
102
73
102
72
102
71
103
70
103
69
103
68
103
67
103
66
103
65
103
64
103
63
103
62
103
61
103
60
104
59
104
58
105
57
105
56
101
76
101
77
102
78
103
79
104
80
104
81
105
82
105
83
106
84
106
85
107
86
107
87
108
88
108
89
109
90
110
91
111
92
112
93
112
94
113
95
114
96
115
96
116
97
117
97
118
97
119
98
61
84
60
85
59
85
58
85
57
86
56
86
55
87
54
87
53
88
52
89
51
90
51
91
50
92
49
93
48
94
47
95
46
95
45
96
44
97
43
98
42
98
41
98
40
98
39
98
38
98
37
98
36
98
35
98
34
99
33
99
32
98
31
98
30
97
29
96
28
95
27
94
26
93
26
92
25
91
25
90
25
89
25
88
25
87
25
86
25
85
25
84
25
83
25
82
25
81
25
80
25
79
25
78
25
77
25
76
25
75
26
74
26
73
27
72
27
71
27
70
27
69
27
68
27
67
28
66
28
65
28
64
29
63
29
62
29
61
29
60
30
59
30
58
31
57
