54
91
54
91
55
90
56
89
56
88
56
87
56
86
57
85
57
84
57
83
57
82
57
81
58
80
58
79
58
78
58
77
59
76
59
75
59
74
59
73
59
72
59
71
59
70
60
69
60
68
55
90
55
91
56
92
57
93
58
94
59
95
60
96
60
97
61
98
62
99
63
100
64
100
65
100
66
100
67
100
68
100
69
100
70
100
71
100
72
99
73
99
74
99
75
99
76
98
77
98
78
97
79
96
80
95
80
94
81
93
82
93
83
92
84
92
85
92
86
91
87
91
88
90
89
89
89
88
89
87
89
86
90
85
90
84
90
83
90
82
90
81
90
80
90
79
90
78
90
77
90
76
91
75
91
74
91
73
88
90
89
91
90
92
91
93
92
94
93
95
93
96
94
97
94
98
95
99
96
100
97
100
98
101
99
101
100
101
101
101
102
102
103
102
104
102
105
103
106
103
54
91
53
91
52
92
51
92
50
92
49
93
48
93
47
94
46
95
45
96
44
97
44
98
43
99
42
100
41
101
40
101
39
102
38
103
37
103
36
103
35
103
34
103
33
104
32
104
31
104
30
104
29
104
28
104
27
103
26
102
25
101
25
100
24
99
24
98
24
97
23
96
23
95
23
94
23
93
23
92
23
91
22
90
22
89
22
88
22
87
23
86
23
85
23
84
23
83
23
82
23
81
23
80
23
79
24
78
24
77
24
76
24
75
24
74
25
73
25
72
25
71
25
70
25
69
26
68
26
67
27
66
