63
82
63
82
64
81
65
80
65
79
65
78
65
77
65
76
65
75
66
74
66
73
66
72
66
71
66
70
66
69
66
68
66
67
66
66
67
65
68
64
68
63
64
81
64
82
65
83
66
84
67
85
67
86
68
87
68
88
69
89
70
90
71
90
72
90
73
90
74
90
75
90
76
90
77
90
78
90
79
90
80
89
81
89
82
89
83
88
84
87
85
86
86
85
86
84
87
83
88
82
89
82
90
81
91
81
92
80
93
80
94
80
95
79
95
78
95
77
95
76
96
75
96
74
96
73
96
72
96
71
96
70
96
69
96
68
96
67
97
66
95
79
96
80
97
81
98
82
99
83
100
84
100
85
101
86
102
87
102
88
103
89
104
90
105
91
106
92
107
92
108
93
109
93
110
93
111
93
112
93
113
93
63
82
62
82
61
83
60
83
59
84
58
84
57
84
56
85
55
85
54
86
53
86
52
87
51
88
50
89
49
90
48
90
47
91
46
91
45
91
44
91
43
92
42
92
41
92
40
92
39
91
38
91
37
91
36
90
35
89
35
88
35
87
35
86
34
85
34
84
34
83
34
82
34
81
34
80
34
79
34
78
34
77
34
76
35
75
35
74
35
73
35
72
35
71
35
70
35
69
35
68
35
67
36
66
36
65
36
64
36
63
37
62
37
61
37
60
38
59
38
58
38
57
39
56
39
55
