54
89
54
89
55
88
55
87
55
86
56
85
56
84
56
83
56
82
56
81
56
80
56
79
56
78
56
77
57
76
57
75
58
74
58
73
58
72
59
71
54
89
55
90
56
91
57
92
58
93
59
94
60
95
61
96
62
97
63
97
64
97
65
97
66
97
67
97
68
97
69
97
70
96
71
96
72
96
73
96
74
95
75
95
76
94
77
93
78
92
79
91
80
90
81
89
82
89
83
88
84
88
85
88
86
87
87
86
88
85
88
84
88
83
88
82
88
81
89
80
89
79
89
78
89
77
89
76
89
75
89
74
89
73
89
72
89
71
90
70
90
69
91
68
91
67
91
66
87
86
88
87
89
88
90
89
91
90
91
91
92
92
92
93
92
94
92
95
93
96
94
97
95
98
96
99
96
100
97
101
98
101
99
102
100
103
101
103
102
103
103
103
104
103
105
104
106
104
107
104
108
104
109
105
110
105
54
89
53
90
52
90
51
91
50
91
49
91
48
92
47
92
46
92
45
93
44
94
43
95
42
96
41
97
40
98
39
98
38
99
37
99
36
99
35
99
34
100
33
99
32
99
31
99
30
99
29
98
29
97
28
96
27
95
27
94
26
93
26
92
26
91
26
90
26
89
26
88
26
87
26
86
26
85
26
84
26
83
26
82
26
81
26
80
26
79
26
78
26
77
26
76
26
75
26
74
26
73
26
72
27
71
27
70
27
69
27
68
28
67
