57
79
57
79
58
78
59
77
59
76
59
75
59
74
59
73
60
72
60
71
60
70
60
69
60
68
61
67
61
66
61
65
61
64
61
63
61
62
62
61
58
78
58
79
59
80
60
81
61
82
61
83
62
84
63
85
64
86
65
86
66
87
67
87
68
87
69
87
70
88
71
88
72
88
73
88
74
88
75
88
76
87
77
87
78
86
79
85
79
84
80
83
81
82
82
81
83
80
84
79
85
79
86
79
87
78
88
78
89
77
90
77
91
76
92
75
92
74
92
73
92
72
93
71
93
70
93
69
93
68
93
67
93
66
93
65
94
64
94
63
94
62
95
61
91
76
91
77
92
78
93
79
94
80
94
81
94
82
94
83
95
84
96
85
97
86
98
87
98
88
99
89
100
90
101
90
102
91
103
91
104
92
105
92
106
92
107
93
108
93
109
92
110
92
111
93
112
93
113
93
57
79
56
79
55
80
54
80
53
81
52
81
51
82
50
83
49
84
48
85
47
86
46
87
45
88
44
88
43
89
42
90
41
90
40
90
39
90
38
91
37
91
36
91
35
91
34
90
33
90
32
89
31
88
31
87
31
86
31
85
30
84
30
83
30
82
30
81
30
80
30
79
30
78
30
77
30
76
30
75
31
74
31
73
31
72
31
71
31
70
31
69
31
68
31
67
32
66
32
65
32
64
32
63
33
62
