60
72
60
72
61
71
61
70
62
69
62
68
62
67
62
66
62
65
62
64
62
63
62
62
62
61
62
60
62
59
62
58
63
57
63
56
60
72
61
73
62
74
63
75
64
76
65
77
65
78
66
79
67
80
68
81
69
82
70
82
71
83
72
83
73
83
74
83
75
83
76
83
77
82
78
82
79
82
80
82
81
82
82
81
83
80
84
79
85
79
86
78
87
77
88
77
89
76
90
76
91
76
92
75
93
75
94
74
94
73
95
72
95
71
95
70
95
69
95
68
95
67
95
66
95
65
95
64
95
63
95
62
95
61
96
60
96
59
96
58
94
74
94
75
95
76
96
77
96
78
97
79
98
80
99
81
100
82
101
82
102
83
103
83
104
84
104
85
105
86
105
87
105
88
105
89
106
90
106
91
106
92
106
93
106
94
106
95
107
96
107
97
107
98
107
99
107
100
60
72
59
73
58
73
57
74
56
75
55
75
54
75
53
76
52
77
51
78
50
79
49
80
48
81
47
82
46
82
45
82
44
83
43
83
42
83
41
83
40
83
39
84
38
84
37
83
36
83
35
83
34
82
34
81
33
80
33
79
33
78
33
77
33
76
33
75
33
74
33
73
33
72
32
71
32
70
32
69
32
68
32
67
32
66
32
65
32
64
32
63
32
62
32
61
32
60
32
59
32
58
32
57
32
56
33
55
33
54
33
53
