67
68
67
68
68
67
68
66
68
65
68
64
68
63
69
62
69
61
69
60
69
59
69
58
69
57
70
56
70
55
70
54
70
53
70
52
70
51
71
50
71
49
72
48
67
68
68
69
69
70
70
71
71
72
71
73
72
74
72
75
73
76
74
76
75
76
76
76
77
77
78
77
79
77
80
76
81
76
82
76
83
76
84
75
85
74
86
73
87
72
88
71
89
70
90
70
91
70
92
69
93
69
94
69
95
68
96
68
97
68
98
67
98
66
99
65
99
64
99
63
99
62
99
61
99
60
99
59
99
58
99
57
99
56
100
55
100
54
100
53
101
52
98
67
98
68
99
69
100
70
101
71
101
72
102
73
103
74
104
75
105
76
106
76
107
77
108
77
109
77
110
78
111
79
111
80
111
81
112
82
112
83
112
84
112
85
112
86
112
87
112
88
112
89
112
90
112
91
112
92
112
93
112
94
112
95
111
96
110
97
110
98
110
99
109
100
108
101
67
68
66
69
65
69
64
70
63
70
62
71
61
71
60
71
59
72
58
72
57
73
56
74
55
75
54
76
53
77
52
78
51
78
50
79
49
80
48
80
47
80
46
81
45
81
44
81
43
81
42
81
41
81
40
80
39
80
38
79
37
78
37
77
36
76
36
75
36
74
36
73
35
72
35
71
35
70
35
69
35
68
35
67
35
66
35
65
35
64
35
63
35
62
36
61
36
60
36
59
37
58
37
57
37
56
37
55
38
54
38
53
38
52
38
51
38
50
39
49
39
48
40
47
