56
68
56
68
57
67
57
66
57
65
57
64
57
63
57
62
57
61
58
60
58
59
58
58
58
57
59
56
59
55
60
54
60
53
60
52
56
68
57
69
58
70
59
71
59
72
60
73
61
74
62
75
63
75
64
76
65
77
66
77
67
77
68
78
69
78
70
77
71
77
72
77
73
76
74
76
75
76
76
76
77
75
78
75
79
74
80
73
81
72
82
72
83
71
84
71
85
71
86
70
87
69
88
69
89
68
89
67
90
66
90
65
90
64
90
63
90
62
90
61
90
60
90
59
90
58
91
57
92
56
92
55
93
54
88
69
89
70
90
71
91
72
91
73
92
74
93
75
93
76
94
77
95
77
96
77
97
78
98
79
99
80
99
81
100
82
100
83
100
84
101
85
101
86
101
87
101
88
101
89
101
90
101
91
101
92
101
93
101
94
101
95
101
96
56
68
55
68
54
69
53
69
52
70
51
70
50
71
49
71
48
71
47
71
46
72
45
73
44
74
43
75
42
75
41
75
40
76
39
76
38
76
37
76
36
77
35
77
34
77
33
76
32
76
31
76
30
75
29
74
29
73
29
72
28
71
28
70
28
69
28
68
27
67
27
66
28
65
28
64
28
63
28
62
28
61
28
60
28
59
28
58
29
57
29
56
29
55
29
54
30
53
30
52
31
51
31
50
31
49
31
48
