53
73
53
73
54
72
54
71
54
70
54
69
54
68
54
67
54
66
54
65
54
64
55
63
55
62
55
61
55
60
55
59
56
58
54
72
54
73
55
74
56
75
57
76
57
77
58
78
58
79
58
80
59
81
60
82
61
83
62
84
63
84
64
85
65
85
66
85
67
85
68
85
69
85
70
85
71
84
72
84
73
84
74
83
75
82
76
81
77
80
78
79
79
78
80
78
81
78
82
77
83
77
84
76
85
76
86
75
86
74
86
73
86
72
86
71
86
70
86
69
86
68
86
67
87
66
87
65
87
64
87
63
87
62
87
61
87
60
86
75
86
76
87
77
88
78
89
79
90
80
91
81
92
82
93
82
94
82
95
83
96
83
97
83
98
84
99
85
99
86
99
87
100
88
100
89
100
90
100
91
100
92
100
93
100
94
100
95
99
96
99
97
99
98
99
99
99
100
53
73
52
73
51
74
50
74
49
75
48
75
47
76
46
76
45
77
45
78
44
79
43
80
42
81
41
82
40
82
39
83
38
83
37
83
36
83
35
84
34
84
33
84
32
85
31
85
30
85
29
85
28
84
27
84
26
83
26
82
25
81
25
80
25
79
25
78
24
77
24
76
24
75
24
74
24
73
24
72
24
71
24
70
24
69
24
68
24
67
24
66
24
65
24
64
24
63
24
62
25
61
25
60
25
59
25
58
26
57
26
56
26
55
26
54
26
53
26
52
