74
72
74
72
75
71
75
70
75
69
76
68
76
67
76
66
76
65
76
64
76
63
76
62
76
61
76
60
76
59
76
58
76
57
77
56
77
55
77
54
77
53
78
52
78
51
79
51
80
50
81
49
82
49
83
48
84
47
85
46
86
45
87
44
88
44
78
51
77
50
76
49
75
49
74
49
73
48
72
48
71
48
70
48
69
48
68
48
67
47
66
47
65
47
64
47
63
47
62
47
61
46
60
46
59
45
58
45
57
45
56
45
55
45
54
44
53
44
52
44
51
44
50
43
49
43
48
42
47
43
46
44
46
45
45
46
44
47
44
48
43
49
43
50
43
51
43
52
43
53
42
54
42
55
75
71
75
72
76
73
77
73
78
73
79
73
80
73
81
74
82
74
83
74
84
74
85
74
86
75
87
75
88
76
89
77
90
77
91
78
92
79
93
80
93
81
94
82
94
83
94
84
94
85
94
86
94
87
94
88
94
89
93
90
93
91
93
92
93
93
92
94
92
95
91
96
91
97
90
98
90
99
89
100
88
101
87
102
86
103
85
104
84
104
83
104
82
105
81
105
80
106
79
106
78
106
77
106
76
106
75
106
74
106
73
106
72
105
71
105
70
105
69
105
68
105
67
104
66
103
65
102
64
101
64
100
64
99
64
98
63
97
63
96
63
95
63
94
63
93
63
92
63
91
63
90
63
89
63
88
63
87
64
86
64
85
65
84
65
83
65
82
66
81
66
80
67
79
67
78
68
77
69
76
69
75
70
74
71
74
72
73
