68
81
68
81
69
80
69
79
69
78
70
77
70
76
70
75
70
74
70
73
70
72
71
71
71
70
71
69
71
68
71
67
71
66
71
65
71
64
72
63
72
62
72
61
72
60
72
59
72
58
73
58
74
58
75
58
76
57
77
56
78
55
72
58
71
57
70
57
69
57
68
57
67
57
66
57
65
57
64
57
63
57
62
56
61
56
60
56
59
56
58
56
57
56
56
56
55
56
54
56
53
56
52
55
51
55
50
55
49
54
48
54
47
53
46
53
45
53
44
53
43
53
42
52
41
52
40
52
39
51
38
51
37
51
36
50
35
51
34
51
33
52
33
53
33
54
32
55
69
80
69
81
70
82
71
82
72
83
73
83
74
83
75
83
76
83
77
83
78
83
79
84
80
84
81
85
82
85
83
85
84
86
85
86
86
87
87
87
88
88
89
89
89
90
90
91
90
92
90
93
90
94
90
95
90
96
90
97
90
98
90
99
90
100
90
101
90
102
89
103
89
104
89
105
89
106
88
107
88
108
87
109
86
110
85
111
84
112
83
113
82
113
81
113
80
114
79
115
78
115
77
115
76
115
75
115
74
116
73
116
72
116
71
116
70
116
69
115
68
115
67
115
66
115
65
114
64
114
63
113
63
112
62
111
62
110
61
109
60
108
60
107
60
106
60
105
60
104
59
103
59
102
59
101
59
100
59
99
59
98
59
97
59
96
59
95
60
94
60
93
60
92
60
91
60
90
60
89
61
88
61
87
62
86
62
85
63
84
64
83
65
82
66
82
