72
74
72
74
73
73
73
72
73
71
73
70
73
69
74
68
74
67
74
66
75
65
75
64
75
63
75
62
75
61
76
60
76
59
76
58
77
57
77
56
77
55
77
54
78
53
78
52
78
51
78
50
79
49
79
48
80
47
81
47
82
47
83
46
84
45
85
45
86
45
87
44
79
48
78
47
77
46
76
46
75
46
74
46
73
46
72
46
71
46
70
46
69
46
68
45
67
45
66
45
65
45
64
45
63
45
62
45
61
45
60
44
59
44
58
44
57
44
56
44
55
43
54
43
53
43
52
44
51
45
51
46
50
47
50
48
49
49
49
50
49
51
49
52
48
53
48
54
48
55
73
73
73
74
74
75
75
75
76
76
77
76
78
76
79
77
80
77
81
78
82
79
82
80
83
81
83
82
83
83
83
84
84
85
84
86
84
87
84
88
84
89
84
90
84
91
84
92
84
93
83
94
82
95
81
95
80
96
79
96
78
96
77
97
76
97
75
97
74
97
73
97
72
98
71
98
70
98
69
98
68
98
67
97
66
97
65
96
64
95
64
94
64
93
64
92
64
91
64
90
64
89
64
88
64
87
64
86
64
85
65
84
65
83
65
82
65
81
66
80
66
79
67
78
67
77
68
76
69
76
70
75
