78
77
78
77
78
76
78
75
79
74
79
73
79
72
79
71
79
70
80
69
80
68
80
67
80
66
80
65
80
64
80
63
80
62
80
61
81
60
81
59
81
58
81
57
81
56
82
55
82
54
82
53
83
53
84
52
85
52
86
52
87
51
88
51
89
51
90
50
91
49
92
48
82
53
81
52
80
52
79
52
78
52
77
51
76
51
75
51
74
51
73
51
72
51
71
51
70
51
69
50
68
50
67
50
66
50
65
50
64
50
63
50
62
49
61
49
60
49
59
49
58
49
57
48
56
48
55
48
54
48
53
48
52
48
51
49
51
50
50
51
50
52
49
53
49
54
48
55
48
56
47
57
47
58
78
77
79
78
80
79
81
79
82
79
83
79
84
79
85
79
86
79
87
79
88
79
89
79
90
79
91
79
92
79
93
79
94
80
95
80
96
80
97
80
98
81
99
82
100
83
101
84
101
85
101
86
101
87
102
88
102
89
102
90
102
91
102
92
102
93
102
94
102
95
101
96
101
97
101
98
100
99
100
100
99
101
98
102
97
102
96
103
95
103
94
104
93
104
92
104
91
105
90
105
89
105
88
105
87
105
86
105
85
105
84
105
83
105
82
105
81
105
80
104
79
104
78
103
77
102
76
101
76
100
75
99
74
98
74
97
74
96
73
95
73
94
73
93
73
92
73
91
72
90
72
89
72
88
73
87
73
86
73
85
73
84
73
83
73
82
74
81
75
80
76
79
