64
86
64
86
65
85
65
84
65
83
65
82
65
81
66
80
66
79
66
78
66
77
66
76
66
75
67
74
68
73
68
72
68
71
69
70
69
69
69
68
69
67
69
66
70
65
70
64
70
63
70
62
70
61
70
60
71
60
72
60
73
59
74
58
75
57
76
56
77
55
77
54
78
53
79
52
70
60
69
59
68
59
67
59
66
59
65
59
64
59
63
59
62
59
61
58
60
58
59
58
58
58
57
58
56
58
55
57
54
57
53
57
52
57
51
56
50
56
49
56
48
56
47
55
46
55
45
55
44
55
43
54
42
54
41
54
40
54
39
54
38
53
37
54
37
55
36
56
36
57
35
58
35
59
34
60
34
61
65
85
65
86
66
87
67
87
68
87
69
87
70
87
71
87
72
87
73
87
74
88
75
88
76
88
77
89
78
89
79
89
80
89
81
90
82
90
83
91
84
92
85
93
86
94
86
95
86
96
86
97
87
98
87
99
86
100
86
101
86
102
86
103
86
104
86
105
85
106
84
107
84
108
84
109
83
110
82
111
81
112
80
113
79
113
78
114
77
114
76
114
75
114
74
114
73
115
72
115
71
114
70
114
69
114
68
114
67
113
66
112
65
111
64
110
64
109
63
108
63
107
62
106
62
105
62
104
62
103
62
102
62
101
62
100
61
99
61
98
61
97
61
96
61
95
62
94
62
93
62
92
62
91
62
90
62
89
63
88
