80
74
80
74
81
73
81
72
81
71
81
70
82
69
82
68
82
67
82
66
82
65
83
64
83
63
83
62
83
61
84
60
84
59
85
58
85
57
85
56
85
55
85
54
86
53
86
52
86
51
86
50
87
49
87
48
87
47
88
47
89
46
90
46
91
45
92
45
93
45
94
44
94
43
95
42
95
41
96
40
87
47
86
46
85
45
84
45
83
45
82
45
81
45
80
45
79
45
78
44
77
44
76
44
75
44
74
44
73
44
72
44
71
43
70
43
69
42
68
42
67
42
66
42
65
42
64
41
63
41
62
41
61
41
60
41
59
40
58
40
57
40
56
39
55
40
55
41
54
42
54
43
54
44
54
45
53
46
53
47
53
48
52
49
52
50
52
51
52
52
51
53
51
54
50
55
50
56
50
57
81
73
81
74
82
75
83
75
84
75
85
76
86
76
87
76
88
76
89
76
90
76
91
77
92
77
93
78
94
78
95
79
96
80
97
80
98
81
99
82
100
83
101
84
101
85
101
86
101
87
101
88
101
89
101
90
100
91
100
92
100
93
99
94
98
95
97
95
96
96
95
97
94
97
93
98
92
98
91
99
90
100
89
100
88
100
87
101
86
101
85
101
84
101
83
101
82
101
81
101
80
100
79
100
78
99
77
98
76
97
75
96
75
95
75
94
75
93
74
92
74
91
74
90
74
89
74
88
74
87
74
86
74
85
74
84
74
83
74
82
74
81
74
80
75
79
75
78
76
77
77
76
78
75
