70
79
70
79
71
78
71
77
71
76
71
75
72
74
72
73
72
72
72
71
72
70
73
69
73
68
73
67
73
66
73
65
74
64
74
63
74
62
74
61
75
60
75
59
75
58
75
57
75
56
76
55
76
54
77
54
78
53
79
53
80
53
81
52
82
51
83
51
84
51
85
51
86
50
87
49
76
54
75
53
74
52
73
52
72
52
71
52
70
52
69
52
68
51
67
51
66
51
65
51
64
50
63
50
62
50
61
50
60
50
59
50
58
50
57
50
56
50
55
50
54
49
53
49
52
49
51
49
50
48
49
48
48
49
47
49
46
50
46
51
46
52
45
53
45
54
45
55
44
56
43
57
43
58
43
59
42
60
42
61
71
78
71
79
72
80
73
80
74
80
75
81
76
81
77
81
78
81
79
81
80
81
81
81
82
82
83
82
84
83
85
83
86
83
87
84
88
85
89
86
90
87
90
88
91
89
91
90
91
91
91
92
91
93
91
94
90
95
90
96
90
97
90
98
89
99
88
100
87
101
86
102
85
102
84
103
83
104
82
104
81
105
80
106
79
106
78
106
77
107
76
107
75
107
74
107
73
107
72
107
71
107
70
107
69
107
68
106
67
106
66
105
65
104
64
103
64
102
64
101
63
100
63
99
63
98
63
97
62
96
62
95
62
94
62
93
63
92
63
91
63
90
63
89
63
88
63
87
63
86
63
85
64
84
65
83
66
82
67
81
68
80
