56
57
56
57
57
56
58
55
57
56
57
57
58
58
59
59
60
60
61
61
62
61
63
61
64
61
65
62
66
63
67
63
68
64
69
65
70
66
71
67
72
67
73
68
74
69
75
68
76
68
77
68
78
68
79
67
80
67
81
67
82
67
83
67
84
67
85
67
86
66
87
66
88
66
89
66
90
66
91
66
92
66
93
66
94
65
95
65
96
65
97
65
98
64
99
64
100
63
101
62
102
61
102
60
102
59
103
58
104
57
104
56
99
64
100
65
100
66
100
67
100
68
100
69
100
70
100
71
100
72
101
73
101
74
101
75
101
76
101
77
101
78
101
79
101
80
101
81
102
82
103
83
103
84
103
85
103
86
104
87
105
88
106
89
107
89
108
90
109
90
110
90
111
91
112
91
113
91
74
69
73
70
73
71
73
72
73
73
73
74
72
75
72
76
72
77
72
78
72
79
72
80
72
81
71
82
71
83
71
84
70
85
69
86
68
87
67
88
66
89
65
89
64
90
63
90
62
91
61
91
60
91
59
91
58
91
57
91
56
91
55
90
54
90
53
90
52
89
51
88
50
87
50
86
49
85
49
84
48
83
48
82
48
81
48
80
48
79
47
78
47
77
47
76
47
75
47
74
47
73
47
72
47
71
47
70
48
69
48
68
48
67
49
66
49
65
49
64
50
63
50
62
51
61
52
60
53
59
54
59
