100
62
100
62
101
61
101
60
101
59
102
58
102
57
102
56
102
55
103
54
103
53
104
52
104
51
104
50
104
49
104
48
105
47
106
46
100
62
101
63
101
64
101
65
101
66
101
67
101
68
101
69
101
70
101
71
101
72
101
73
101
74
101
75
101
76
101
77
102
78
102
79
102
80
102
81
102
82
102
83
103
84
103
85
104
86
104
87
105
88
106
89
107
89
108
89
109
90
110
91
111
91
112
91
113
91
114
91
115
91
116
90
117
90
118
91
119
91
100
62
99
62
98
62
97
63
96
63
95
63
94
64
93
64
92
64
91
64
90
64
89
65
88
65
87
66
86
66
85
66
84
67
83
67
82
67
81
67
80
67
79
68
78
68
77
68
76
68
75
68
74
68
73
68
72
69
71
69
70
69
69
70
69
71
69
72
69
73
69
74
69
75
69
76
69
77
68
78
68
79
68
80
68
81
67
82
67
83
67
84
67
85
66
86
66
87
66
88
65
89
64
90
63
90
62
91
61
92
60
92
59
92
58
93
57
93
56
93
55
93
54
93
53
93
52
93
51
93
50
93
49
93
48
92
47
92
46
91
46
90
45
89
45
88
44
87
44
86
43
85
43
84
42
83
42
82
42
81
42
80
42
79
42
78
42
77
42
76
42
75
42
74
42
73
42
72
42
71
42
70
42
69
43
68
43
67
43
66
44
65
44
64
44
63
44
62
44
61
44
60
45
59
46
58
46
57
46
56
46
55
47
54
48
53
48
52
49
51
49
50
50
49
50
48
