46
59
46
59
47
58
47
57
47
56
47
55
47
54
47
53
48
52
48
51
47
58
47
59
48
60
49
61
50
62
51
62
52
62
53
62
54
62
55
62
56
62
57
63
58
63
59
63
60
64
61
64
62
65
63
66
64
66
65
66
66
67
67
68
68
67
69
67
70
67
71
67
72
67
73
66
74
66
75
66
76
66
77
66
78
66
79
66
80
66
81
65
82
65
83
65
84
65
85
65
86
65
87
65
88
65
89
64
90
64
91
64
92
64
93
64
94
64
95
64
96
63
97
62
98
61
99
60
99
59
100
58
100
57
100
56
101
55
101
54
96
63
96
64
97
65
97
66
97
67
97
68
97
69
97
70
97
71
97
72
97
73
97
74
97
75
97
76
97
77
97
78
97
79
97
80
97
81
97
82
97
83
98
84
98
85
98
86
98
87
99
88
100
89
101
89
102
90
103
90
104
90
105
90
106
90
67
68
67
69
67
70
67
71
67
72
67
73
67
74
67
75
66
76
66
77
66
78
66
79
66
80
65
81
65
82
65
83
64
84
64
85
63
86
63
87
62
88
61
89
60
90
59
91
58
91
57
92
56
93
55
93
54
93
53
93
52
94
51
94
50
94
49
94
48
93
47
93
46
93
45
93
44
92
43
91
42
90
42
89
41
88
40
87
40
86
40
85
40
84
39
83
39
82
39
81
40
80
40
79
40
78
40
77
41
76
41
75
41
74
41
73
41
72
41
71
42
70
42
69
42
68
42
67
42
66
42
65
43
64
43
63
44
62
45
61
