59
75
59
75
60
74
61
74
62
74
63
74
64
74
65
74
66
74
67
74
68
73
69
73
70
73
71
73
72
73
73
73
74
72
75
72
76
72
77
71
78
71
79
71
80
70
81
70
82
70
83
70
84
70
85
70
86
69
87
69
88
69
89
69
90
69
91
69
92
68
92
67
93
66
94
65
94
64
95
63
95
62
95
61
95
60
96
59
97
58
91
69
91
70
92
71
92
72
92
73
92
74
92
75
92
76
92
77
92
78
92
79
92
80
92
81
92
82
92
83
92
84
92
85
92
86
93
87
93
88
93
89
93
90
94
91
95
92
96
93
97
94
98
95
99
96
100
96
101
96
102
97
103
97
104
98
105
98
59
75
59
76
59
77
58
78
58
79
58
80
58
81
58
82
58
83
58
84
58
85
57
86
57
87
57
88
57
89
56
90
56
91
55
92
54
93
53
94
52
95
52
96
51
97
50
98
49
98
48
99
47
100
46
100
45
101
44
102
43
102
42
102
41
102
40
102
39
102
38
103
37
103
36
103
35
102
34
102
33
102
32
102
31
101
30
100
29
99
29
98
28
97
27
96
27
95
27
94
27
93
27
92
27
91
26
90
27
89
27
88
27
87
27
86
27
85
27
84
27
83
27
82
27
81
27
80
27
79
27
78
28
77
28
76
28
75
29
74
29
73
29
72
29
71
29
70
30
69
30
68
30
67
31
66
31
65
31
64
31
63
32
62
32
61
32
60
33
59
33
58
33
57
59
75
58
74
57
74
56
73
55
72
54
71
53
70
