94
63
94
63
95
63
96
62
96
61
96
60
97
59
98
58
98
57
99
56
99
55
99
54
100
53
101
52
95
63
95
64
96
65
96
66
96
67
96
68
96
69
96
70
96
71
96
72
96
73
96
74
96
75
96
76
96
77
96
78
96
79
96
80
96
81
96
82
96
83
96
84
96
85
96
86
97
87
97
88
97
89
98
90
98
91
98
92
99
93
100
94
101
94
102
95
103
95
104
95
105
95
106
95
107
94
108
94
109
94
110
94
111
94
112
94
113
93
114
93
115
94
116
94
117
94
94
63
93
64
92
64
91
64
90
64
89
65
88
65
87
65
86
65
85
65
84
65
83
65
82
66
81
66
80
66
79
67
78
67
77
67
76
67
75
68
74
68
73
68
72
68
71
68
70
68
69
68
68
69
67
70
67
71
67
72
67
73
67
74
67
75
67
76
67
77
67
78
66
79
66
80
66
81
66
82
66
83
66
84
65
85
65
86
65
87
65
88
64
89
64
90
63
91
62
92
62
93
61
94
60
95
59
95
58
96
57
96
56
97
55
97
54
97
53
97
52
97
51
97
50
97
49
97
48
97
47
96
46
96
45
96
44
96
43
95
42
95
41
94
40
93
39
92
38
91
37
90
37
89
37
88
36
87
36
86
36
85
36
84
36
83
36
82
36
81
36
80
37
79
37
78
37
77
37
76
37
75
38
74
38
73
38
72
39
71
39
70
39
69
39
68
39
67
40
66
40
65
40
64
41
63
41
62
41
61
42
60
42
59
43
58
43
57
43
56
43
55
44
54
44
53
45
52
45
51
46
50
46
49
47
48
48
47
