86
61
86
61
87
61
88
60
88
59
89
58
90
57
90
56
90
55
91
54
92
53
92
52
93
51
87
61
87
62
88
63
88
64
88
65
88
66
88
67
88
68
88
69
88
70
88
71
88
72
88
73
88
74
88
75
88
76
88
77
88
78
88
79
89
80
89
81
89
82
89
83
90
84
90
85
91
86
92
87
93
88
94
88
95
89
96
89
86
61
85
61
84
62
83
62
82
62
81
62
80
62
79
63
78
63
77
63
76
63
75
63
74
63
73
63
72
63
71
64
70
64
69
64
68
64
67
64
66
64
65
64
64
64
63
64
62
64
61
64
60
64
59
65
58
65
57
66
57
67
57
68
57
69
57
70
57
71
56
72
56
73
56
74
56
75
56
76
56
77
55
78
55
79
55
80
55
81
55
82
54
83
54
84
53
85
53
86
52
87
51
88
50
89
49
90
48
91
47
91
46
92
45
92
44
92
43
93
42
93
41
93
40
93
39
93
38
94
37
94
36
94
35
94
34
93
33
93
32
93
31
92
30
91
30
90
30
89
30
88
30
87
29
86
28
85
28
84
28
83
28
82
28
81
28
80
28
79
27
78
27
77
28
76
28
75
28
74
28
73
28
72
28
71
29
70
29
69
29
68
29
67
29
66
30
65
30
64
31
63
31
62
31
61
31
60
32
59
32
58
33
57
33
56
34
55
35
54
35
53
35
52
36
51
37
50
37
49
37
48
38
47
