59
76
59
76
59
75
59
74
59
73
59
72
60
71
60
70
60
69
60
68
60
67
60
66
60
65
61
64
61
63
61
62
61
61
61
60
62
59
63
58
63
57
63
56
63
55
63
54
59
76
60
77
61
77
62
77
63
77
64
77
65
77
66
77
67
77
68
78
69
78
70
78
71
78
72
79
73
79
74
79
75
80
75
81
76
82
76
83
77
84
77
85
77
86
77
87
77
88
77
89
77
90
77
91
77
92
77
93
77
94
77
95
77
96
76
97
76
98
76
99
76
100
75
101
75
102
75
103
74
104
73
105
72
106
71
107
70
108
69
108
68
109
67
109
66
109
65
109
64
109
63
109
62
110
61
110
60
110
59
109
58
109
57
108
56
107
56
106
55
105
55
104
55
103
54
102
54
101
54
100
54
99
54
98
54
97
54
96
53
95
53
94
53
93
53
92
53
91
54
90
54
89
54
88
54
87
54
86
54
85
54
84
55
83
55
82
56
81
56
80
57
79
57
78
