60
74
60
74
60
73
60
72
61
71
61
70
61
69
61
68
61
67
61
66
61
65
62
64
62
63
62
62
62
61
62
60
62
59
63
58
63
57
63
56
63
55
64
54
64
53
65
52
60
73
61
74
62
75
63
75
64
75
65
75
66
75
67
75
68
75
69
75
70
76
71
76
72
76
73
76
74
76
75
76
76
77
77
77
78
78
79
79
80
80
80
81
81
82
81
83
81
84
81
85
81
86
81
87
81
88
81
89
81
90
81
91
81
92
80
93
80
94
80
95
80
96
80
97
79
98
78
99
78
100
78
101
77
102
76
103
75
104
74
105
73
105
72
105
71
105
70
106
69
106
68
106
67
106
66
106
65
106
64
105
63
105
62
105
61
104
60
103
59
102
59
101
58
100
57
99
57
98
57
97
57
96
56
95
56
94
56
93
56
92
56
91
56
90
56
89
56
88
56
87
56
86
56
85
56
84
56
83
56
82
56
81
57
80
57
79
57
78
58
77
58
76
