53
76
53
76
53
75
53
74
54
73
54
72
54
71
54
70
54
69
54
68
54
67
55
66
55
65
55
64
55
63
55
62
56
61
56
60
57
59
57
58
58
57
58
56
59
55
60
54
61
54
53
76
54
77
55
77
56
77
57
77
58
77
59
77
60
78
61
78
62
78
63
78
64
78
65
79
66
79
67
79
68
80
69
81
70
82
71
83
71
84
71
85
71
86
71
87
72
88
72
89
72
90
71
91
71
92
71
93
71
94
71
95
71
96
70
97
70
98
70
99
69
100
68
101
67
102
66
103
65
104
64
105
63
106
62
106
61
106
60
107
59
107
58
107
57
107
56
107
55
107
54
106
53
106
52
106
51
105
50
104
50
103
50
102
49
101
49
100
49
99
49
98
49
97
48
96
48
95
48
94
48
93
48
92
48
91
48
90
48
89
48
88
48
87
48
86
48
85
49
84
49
83
49
82
50
81
50
80
50
79
51
78
