58
70
58
70
58
69
59
68
59
67
59
66
59
65
59
64
59
63
60
62
60
61
60
60
60
59
60
58
61
57
61
56
62
55
62
54
63
53
63
52
64
51
64
50
65
49
66
48
66
47
66
46
67
45
68
44
58
70
59
71
60
71
61
72
62
72
63
72
64
72
65
72
66
72
67
73
68
73
69
74
70
74
71
75
72
76
73
77
74
78
74
79
74
80
75
81
75
82
76
83
76
84
76
85
76
86
76
87
76
88
75
89
75
90
75
91
75
92
75
93
75
94
74
95
74
96
73
97
73
98
72
99
71
100
70
101
69
102
68
103
67
103
66
103
65
103
64
103
63
104
62
104
61
103
60
103
59
103
58
103
57
102
56
101
55
100
55
99
55
98
54
97
54
96
53
95
53
94
53
93
53
92
53
91
53
90
52
89
53
88
53
87
53
86
53
85
53
84
53
83
53
82
53
81
53
80
54
79
54
78
54
77
54
76
54
75
54
74
55
73
56
72
