52
80
52
80
52
79
52
78
52
77
52
76
53
75
53
74
53
73
53
72
53
71
54
70
54
69
54
68
54
67
54
66
55
65
55
64
55
63
56
62
56
61
57
60
57
59
57
58
58
57
59
56
52
80
53
81
54
81
55
81
56
81
57
81
58
81
59
81
60
82
61
82
62
82
63
82
64
82
65
82
66
83
67
84
68
84
69
84
70
85
71
86
71
87
71
88
72
89
72
90
72
91
72
92
72
93
72
94
72
95
72
96
72
97
72
98
71
99
71
100
71
101
71
102
70
103
69
104
68
105
67
106
66
107
65
107
64
108
63
108
62
108
61
109
60
109
59
109
58
109
57
109
56
109
55
109
54
108
53
107
52
106
51
105
51
104
50
103
50
102
50
101
50
100
50
99
50
98
50
97
49
96
49
95
49
94
49
93
49
92
49
91
49
90
49
89
49
88
49
87
50
86
50
85
50
84
50
83
51
82
