62
76
62
76
62
75
62
74
62
73
62
72
62
71
62
70
63
69
63
68
63
67
63
66
63
65
63
64
63
63
63
62
64
61
64
60
64
59
65
58
65
57
66
56
66
55
66
54
67
53
68
52
68
51
69
50
69
49
69
48
70
47
70
46
62
76
63
77
64
77
65
77
66
77
67
77
68
77
69
77
70
77
71
77
72
78
73
78
74
78
75
78
76
78
77
79
78
80
79
81
80
82
81
83
81
84
82
85
82
86
82
87
82
88
82
89
82
90
82
91
82
92
82
93
82
94
81
95
81
96
80
97
80
98
80
99
79
100
79
101
78
102
77
103
76
104
75
105
74
105
73
105
72
105
71
106
70
106
69
106
68
106
67
106
66
105
65
105
64
105
63
104
62
103
61
102
61
101
60
100
60
99
60
98
60
97
59
96
59
95
59
94
59
93
59
92
59
91
59
90
59
89
59
88
59
87
59
86
59
85
59
84
59
83
59
82
59
81
59
80
59
79
60
78
