49
73
49
73
49
72
49
71
49
70
50
69
50
68
50
67
50
66
50
65
50
64
51
63
51
62
51
61
51
60
51
59
51
58
52
57
53
56
53
55
53
54
54
53
55
52
49
72
50
73
51
74
52
74
53
74
54
74
55
74
56
74
57
74
58
75
59
75
60
75
61
75
62
76
63
76
64
77
65
78
65
79
66
80
66
81
67
82
67
83
67
84
67
85
68
86
68
87
68
88
68
89
68
90
67
91
67
92
67
93
67
94
66
95
66
96
66
97
65
98
65
99
64
100
64
101
63
102
62
103
61
104
60
105
59
106
58
107
57
107
56
108
55
108
54
108
53
108
52
108
51
108
50
108
49
108
48
107
47
106
46
105
45
104
45
103
44
102
44
101
43
100
43
99
43
98
43
97
42
96
42
95
42
94
42
93
42
92
42
91
42
90
42
89
42
88
42
87
43
86
43
85
43
84
43
83
44
82
44
81
44
80
44
79
45
78
45
77
46
76
46
75
47
74
