52
73
52
73
52
72
52
71
52
70
53
69
53
68
53
67
53
66
53
65
53
64
54
63
54
62
54
61
54
60
54
59
55
58
55
57
55
56
55
55
56
54
57
53
57
52
57
51
52
73
53
74
54
74
55
74
56
74
57
74
58
74
59
74
60
74
61
74
62
75
63
75
64
75
65
75
66
76
67
76
68
76
69
77
70
78
71
78
72
79
73
80
73
81
73
82
74
83
75
84
75
85
75
86
75
87
75
88
75
89
75
90
75
91
75
92
75
93
74
94
74
95
74
96
74
97
73
98
72
99
71
100
70
101
69
102
68
103
67
103
66
104
65
105
64
105
63
105
62
105
61
105
60
105
59
105
58
105
57
105
56
104
55
104
54
104
53
103
52
102
51
102
50
101
49
100
49
99
49
98
49
97
49
96
48
95
48
94
48
93
48
92
48
91
48
90
48
89
48
88
48
87
48
86
48
85
48
84
48
83
48
82
48
81
48
80
48
79
48
78
48
77
49
76
50
75
