97
75
97
75
98
74
99
73
99
72
100
71
100
70
100
69
100
68
100
67
100
66
100
65
100
64
100
63
99
62
99
61
99
60
99
59
99
58
99
57
99
56
99
55
99
54
99
53
98
52
98
51
98
50
97
49
97
48
96
47
96
46
95
45
94
44
93
44
92
43
91
43
90
42
89
42
88
41
87
41
86
41
85
41
84
40
83
40
82
40
81
40
80
40
79
40
78
40
77
40
76
40
75
40
74
40
73
40
72
40
71
40
70
41
69
41
68
42
67
43
66
43
97
75
98
76
98
77
98
78
98
79
98
80
97
81
97
82
97
83
97
84
97
85
97
86
96
87
96
88
96
89
96
90
95
91
95
92
94
93
93
94
92
95
92
96
91
97
90
98
89
99
88
100
87
101
86
102
85
103
84
104
83
104
82
105
81
105
80
105
79
105
78
105
77
106
76
106
75
106
74
106
73
106
72
106
71
106
70
106
69
106
97
75
96
75
95
74
94
74
93
74
92
74
91
74
90
74
89
74
88
74
87
74
86
74
85
73
84
73
83
73
82
73
81
73
80
73
79
73
78
73
77
73
76
73
75
72
74
72
73
72
72
72
