88
76
88
76
89
75
90
74
91
73
91
72
91
71
91
70
91
69
91
68
91
67
91
66
91
65
91
64
91
63
90
62
90
61
90
60
90
59
89
58
88
57
88
56
88
55
88
54
87
53
87
52
86
51
85
50
84
49
83
48
82
48
81
47
80
47
79
46
78
46
77
46
76
45
75
45
74
45
73
45
72
45
71
45
70
45
69
44
68
44
67
44
66
44
65
45
64
45
63
46
62
46
61
46
88
76
89
77
90
78
90
79
90
80
90
81
90
82
90
83
90
84
90
85
90
86
90
87
90
88
89
89
89
90
89
91
89
92
89
93
88
94
88
95
87
96
87
97
86
98
85
99
84
100
83
101
82
102
81
102
80
102
79
102
78
103
77
103
76
103
75
104
74
104
73
104
72
104
71
104
70
104
69
104
68
104
67
104
66
103
65
103
88
76
87
75
86
75
85
75
84
75
83
75
82
75
81
75
80
75
79
75
78
75
77
75
76
76
75
76
74
76
73
76
72
76
71
76
70
75
69
75
