94
77
94
77
95
77
96
76
97
75
98
74
98
73
98
72
98
71
98
70
98
69
98
68
98
67
97
66
97
65
97
64
97
63
97
62
97
61
97
60
97
59
96
58
96
57
96
56
95
55
94
54
94
53
94
52
93
51
92
50
91
49
90
49
89
48
88
47
87
46
86
46
85
45
84
45
83
45
82
44
81
44
80
44
79
44
78
44
77
43
76
43
75
43
74
43
73
43
72
44
71
44
70
44
95
77
95
78
96
79
96
80
96
81
96
82
96
83
96
84
96
85
96
86
96
87
95
88
95
89
95
90
95
91
95
92
94
93
94
94
94
95
93
96
92
97
92
98
92
99
91
100
90
101
89
102
88
103
88
104
87
105
86
106
85
107
84
108
83
109
82
109
81
109
80
110
79
110
78
110
77
111
76
111
75
111
74
111
73
111
72
111
71
111
70
111
69
111
68
111
67
111
66
111
65
110
64
110
63
110
62
110
61
110
60
109
59
108
58
107
94
77
93
77
92
77
91
77
90
77
89
76
88
76
87
76
86
76
85
76
84
76
83
76
82
76
81
76
80
76
79
76
78
75
77
75
76
75
75
75
74
75
