85
69
85
69
86
69
87
68
88
67
88
66
88
65
88
64
88
63
88
62
88
61
88
60
88
59
87
58
87
57
87
56
87
55
86
54
86
53
85
52
85
51
84
50
84
49
83
48
82
47
81
47
80
46
79
46
78
46
77
45
76
45
75
44
74
44
73
44
72
44
71
44
70
44
69
43
68
43
67
43
66
43
65
43
64
43
63
43
62
43
61
43
60
43
59
44
86
69
86
70
86
71
87
72
87
73
87
74
87
75
87
76
87
77
87
78
87
79
87
80
86
81
86
82
86
83
86
84
85
85
85
86
84
87
83
88
83
89
82
90
81
91
80
92
79
93
78
94
77
95
76
95
75
96
74
96
73
97
72
97
71
97
70
97
69
98
68
98
67
98
66
98
65
98
64
98
63
97
62
97
85
69
84
69
83
69
82
69
81
69
80
69
79
69
78
69
77
69
76
69
75
69
74
69
73
69
72
69
71
69
70
68
69
68
68
68
67
68
66
68
65
68
