92
72
92
72
93
71
94
70
95
69
96
68
96
67
96
66
96
65
96
64
96
63
96
62
96
61
96
60
96
59
96
58
96
57
95
56
95
55
94
54
94
53
93
52
93
51
93
50
93
49
92
48
91
47
90
46
90
45
89
44
88
43
87
43
86
42
85
42
84
42
83
42
82
41
81
41
80
41
79
41
78
41
77
41
76
41
75
41
74
41
73
42
93
71
93
72
94
73
94
74
95
75
95
76
95
77
94
78
94
79
94
80
94
81
94
82
94
83
94
84
94
85
93
86
93
87
93
88
93
89
92
90
92
91
92
92
91
93
91
94
90
95
89
96
89
97
88
98
87
99
86
100
85
101
84
101
83
101
82
102
81
102
80
102
79
102
78
103
77
103
76
103
75
103
74
103
73
103
72
103
71
103
70
103
69
103
68
102
67
102
66
102
65
101
92
72
91
71
90
71
89
71
88
71
87
71
86
71
85
71
84
71
83
71
82
71
81
71
80
70
79
70
78
70
77
70
76
70
75
70
74
70
73
70
72
70
71
70
