40
82
40
82
40
81
40
80
40
79
40
78
40
77
40
76
40
75
40
74
40
73
40
72
40
71
40
70
40
69
40
68
40
67
40
66
40
65
40
64
41
63
41
62
40
82
41
83
42
83
43
83
44
84
45
84
46
84
47
84
48
84
49
84
50
84
51
84
52
84
53
84
54
84
55
84
56
84
57
83
58
83
59
83
60
83
61
83
62
83
63
83
64
83
65
82
66
82
67
82
68
82
69
82
70
81
71
81
72
81
73
80
73
79
73
78
74
77
74
76
74
75
75
74
75
73
76
72
77
71
78
70
79
69
80
68
81
67
82
66
82
65
83
64
84
63
85
62
86
61
87
61
88
60
89
60
90
60
91
59
92
59
93
59
94
58
95
59
96
59
97
59
98
59
99
60
100
60
101
60
102
60
103
61
104
62
105
63
105
64
105
65
106
66
106
67
106
68
106
69
106
70
106
71
107
72
107
73
107
74
107
75
107
76
107
77
107
78
107
79
106
80
106
81
106
82
106
83
105
84
105
85
105
86
104
87
104
88
104
89
103
90
103
91
102
92
102
93
102
94
101
95
100
96
100
97
99
98
98
99
98
100
97
101
96
102
96
103
95
104
94
105
93
106
92
107
91
108
90
109
89
109
88
110
87
110
86
110
85
110
84
110
83
110
82
110
81
110
80
109
79
109
78
108
77
107
77
106
76
105
75
104
75
103
74
102
74
101
74
100
74
99
74
98
74
97
74
96
74
95
73
94
73
93
73
92
73
91
73
90
73
89
73
88
73
87
73
86
72
85
72
84
72
83
40
82
39
83
38
84
38
85
38
86
38
87
38
88
37
89
37
90
37
91
37
92
37
93
36
94
36
95
36
96
36
97
36
98
36
99
36
100
36
101
36
102
