45
80
45
80
45
79
45
78
45
77
45
76
45
75
45
74
45
73
45
72
45
71
45
70
45
69
46
68
46
67
46
66
46
65
46
64
46
63
46
62
46
61
46
60
47
59
47
58
45
80
46
81
47
81
48
81
49
81
50
81
51
81
52
81
53
81
54
80
55
80
56
80
57
80
58
80
59
80
60
79
61
79
62
79
63
79
64
79
65
79
66
79
67
79
68
79
69
78
70
78
71
78
72
78
73
78
74
77
75
76
75
75
76
74
76
73
77
72
78
71
79
70
80
69
81
68
82
67
83
66
84
65
85
64
86
63
87
62
88
61
89
61
90
60
91
60
92
59
93
59
94
58
95
58
96
58
97
58
98
58
99
58
100
58
101
59
102
59
103
59
104
59
105
60
106
61
107
62
108
63
108
64
109
65
109
66
110
67
111
68
111
69
111
70
111
71
111
72
111
73
111
74
112
75
112
76
112
77
112
78
112
79
112
80
112
81
112
82
112
83
112
84
112
85
112
86
112
87
112
88
111
89
111
90
111
91
110
92
110
93
110
94
110
95
109
96
108
97
108
98
108
99
107
100
106
101
106
102
105
103
104
104
103
105
102
106
101
107
100
108
99
109
98
109
97
109
96
109
95
110
94
110
93
110
92
110
91
110
90
110
89
109
88
109
87
109
86
109
85
108
84
107
83
106
82
105
81
104
80
103
80
102
79
101
78
100
78
99
77
98
77
97
76
96
75
95
75
94
75
93
75
92
75
91
74
90
74
89
74
88
74
87
74
86
74
85
74
84
74
83
74
82
74
81
74
80
45
80
44
81
44
82
43
83
43
84
43
85
43
86
43
87
43
88
42
89
42
90
42
91
41
92
41
93
41
94
41
95
41
96
41
97
40
98
40
99
40
100
39
101
39
102
39
103
39
104
38
105
38
106
