32
88
32
88
32
87
32
86
32
85
32
84
32
83
32
82
32
81
32
80
32
79
32
78
33
77
33
76
33
75
33
74
33
73
34
72
34
71
34
70
34
69
34
68
34
67
34
66
34
65
34
64
32
87
33
88
34
89
35
89
36
89
37
88
38
88
39
88
40
88
41
88
42
88
43
88
44
87
45
87
46
87
47
87
48
86
49
86
50
86
51
86
52
86
53
86
54
86
55
85
56
85
57
85
58
85
59
84
59
83
59
82
60
81
60
80
61
79
62
78
63
77
64
76
65
75
66
74
67
73
68
72
69
71
70
70
71
70
72
69
73
69
74
68
75
67
76
66
77
65
78
65
79
65
80
65
81
65
82
65
83
65
84
66
85
66
86
66
87
67
87
68
88
69
89
70
89
71
90
72
90
73
90
74
90
75
90
76
90
77
91
78
91
79
91
80
91
81
91
82
91
83
90
84
90
85
90
86
90
87
90
88
90
89
89
90
89
91
89
92
89
93
89
94
88
95
88
96
88
97
88
98
88
99
87
100
86
101
86
102
85
103
84
104
84
105
83
106
82
107
81
108
81
109
80
110
79
111
78
112
77
112
76
112
75
113
74
113
73
113
72
113
71
113
70
112
69
112
68
112
67
111
66
110
65
109
65
108
64
107
63
106
63
105
63
104
63
103
62
102
61
101
61
100
61
99
61
98
61
97
61
96
61
95
61
94
60
93
60
92
60
91
59
90
59
89
59
88
59
87
32
88
31
89
31
90
31
91
31
92
30
93
30
94
30
95
30
96
29
97
29
98
29
99
29
100
29
101
29
102
29
103
29
104
28
105
28
106
28
107
28
108
