39
70
39
70
40
70
41
70
42
70
43
70
44
70
45
70
46
70
47
70
48
70
49
70
50
70
51
70
52
70
53
70
54
70
55
70
56
70
57
70
58
70
59
70
60
70
61
69
62
69
63
69
64
70
65
69
65
68
66
67
67
66
68
65
69
64
70
63
71
63
72
62
73
61
74
60
75
59
76
58
76
57
77
56
78
55
79
54
80
53
81
52
82
51
83
51
84
51
85
51
86
51
87
51
88
51
89
51
90
52
91
52
92
53
93
54
94
55
94
56
94
57
94
58
94
59
95
60
95
61
95
62
95
63
95
64
95
65
95
66
95
67
95
68
95
69
95
70
95
71
95
72
95
73
95
74
95
75
95
76
94
77
94
78
94
79
93
80
93
81
92
82
91
83
90
84
89
85
88
86
87
87
86
88
85
89
84
90
83
90
82
90
81
90
80
91
79
91
78
91
77
91
76
91
75
91
74
90
73
90
72
90
71
89
71
88
70
87
69
86
69
85
68
84
67
83
67
82
67
81
67
80
66
79
66
78
66
77
65
76
65
75
65
74
65
73
65
72
39
70
38
71
38
72
38
73
38
74
38
75
38
76
38
77
37
78
37
79
37
80
37
81
37
82
37
83
36
84
36
85
36
86
36
87
35
88
39
70
38
69
38
68
38
67
38
66
38
65
38
64
38
63
38
62
39
61
39
60
39
59
39
58
39
57
39
56
39
55
39
54
40
53
40
52
40
51
40
50
