27
71
27
71
27
70
27
69
27
68
27
67
27
66
27
65
27
64
27
63
27
62
27
61
27
60
27
59
27
58
28
57
28
56
28
55
28
54
28
53
28
52
28
51
29
50
27
71
28
72
29
72
30
72
31
72
32
72
33
72
34
72
35
72
36
72
37
72
38
72
39
72
40
72
41
72
42
72
43
72
44
72
45
72
46
72
47
72
48
72
49
72
50
71
51
70
52
69
52
68
53
67
53
66
53
65
54
64
55
63
56
62
57
62
58
61
59
60
60
60
61
59
62
58
62
57
63
56
64
55
65
54
66
53
67
52
68
51
69
51
70
50
71
50
72
50
73
50
74
50
75
51
76
51
77
51
78
52
79
53
80
54
80
55
81
56
81
57
81
58
81
59
82
60
82
61
82
62
82
63
82
64
82
65
82
66
82
67
82
68
82
69
82
70
82
71
81
72
81
73
81
74
81
75
81
76
81
77
81
78
80
79
80
80
79
81
79
82
79
83
78
84
77
85
76
86
75
87
74
88
73
89
72
89
71
89
70
90
69
90
68
90
67
90
66
90
65
90
64
90
63
90
62
90
61
90
60
89
59
89
58
89
57
88
56
87
55
86
54
85
53
84
53
83
53
82
53
81
52
80
52
79
52
78
52
77
52
76
51
75
51
74
51
73
27
71
26
72
25
73
25
74
25
75
24
76
24
77
24
78
24
79
24
80
23
81
23
82
23
83
23
84
23
85
23
86
23
87
