38
84
38
84
39
84
40
84
41
84
42
84
43
84
44
83
45
83
46
83
47
83
48
83
49
83
50
83
51
82
52
82
53
82
54
82
55
81
56
81
57
81
58
81
59
81
60
81
61
81
62
80
63
80
64
80
65
80
66
80
67
79
68
78
68
77
68
76
69
75
69
74
69
73
70
72
71
71
72
70
73
69
74
68
75
67
75
66
76
65
77
64
77
63
78
62
79
61
80
61
81
60
82
59
83
58
84
58
85
58
86
58
87
58
88
58
89
58
90
58
91
59
92
59
93
60
94
60
95
60
96
61
96
62
97
63
97
64
98
65
98
66
98
67
98
68
99
69
99
70
99
71
99
72
99
73
100
74
100
75
100
76
100
77
100
78
100
79
100
80
100
81
99
82
99
83
99
84
99
85
99
86
99
87
98
88
98
89
97
90
97
91
97
92
97
93
96
94
96
95
95
96
94
97
93
98
92
99
91
100
91
101
90
102
89
103
88
104
87
105
86
106
85
106
84
106
83
106
82
107
81
107
80
107
79
107
78
106
77
106
76
106
75
106
74
105
73
104
72
103
71
102
70
101
69
100
68
99
68
98
68
97
68
96
68
95
67
94
67
93
67
92
67
91
67
90
67
89
67
88
67
87
67
86
67
85
67
84
67
83
67
82
38
84
37
85
36
86
36
87
36
88
36
89
36
90
36
91
36
92
35
93
35
94
35
95
35
96
35
97
35
98
35
99
35
100
35
101
34
102
34
103
34
104
34
105
34
106
34
107
34
108
38
84
37
83
37
82
37
81
38
80
38
79
38
78
38
77
38
76
38
75
38
74
38
73
38
72
38
71
38
70
39
69
39
68
39
67
39
66
39
65
39
64
39
63
39
62
39
61
39
60
39
59
