33
85
33
85
34
84
34
83
34
82
34
81
34
80
34
79
34
78
35
77
35
76
35
75
35
74
35
73
35
72
36
71
36
70
36
69
37
68
37
67
37
66
37
65
37
64
37
63
38
62
34
84
34
85
35
86
36
86
37
86
38
86
39
86
40
86
41
86
42
86
43
86
44
86
45
86
46
86
47
85
48
85
49
85
50
85
51
85
52
85
53
85
54
85
55
84
56
84
57
84
58
84
59
83
59
82
60
81
60
80
61
79
62
78
63
77
64
76
65
76
66
75
67
74
68
73
69
72
70
71
71
71
72
70
73
70
74
69
75
68
76
68
77
68
78
68
79
68
80
68
81
68
82
68
83
69
84
69
85
70
86
71
87
72
87
73
88
74
88
75
89
76
89
77
89
78
90
79
90
80
90
81
90
82
90
83
90
84
91
85
91
86
90
87
90
88
90
89
90
90
90
91
89
92
89
93
89
94
88
95
88
96
88
97
88
98
87
99
87
100
87
101
86
102
86
103
86
104
85
105
84
106
83
107
82
108
81
109
80
110
79
111
78
111
77
112
76
113
75
113
74
113
73
114
72
114
71
114
70
113
69
113
68
113
67
113
66
112
65
111
64
110
63
109
62
108
62
107
61
106
60
105
60
104
59
103
59
102
59
101
59
100
59
99
59
98
59
97
59
96
59
95
59
94
59
93
59
92
59
91
59
90
59
89
59
88
59
87
59
86
33
85
32
86
32
87
31
88
31
89
31
90
31
91
30
92
30
93
29
94
29
95
29
96
29
97
29
98
29
99
29
100
28
101
28
102
28
103
27
104
27
105
27
106
27
107
27
108
27
109
27
110
