70
71
70
71
70
70
71
69
71
68
71
67
72
66
72
65
73
64
73
63
73
62
73
61
73
60
73
59
73
58
73
57
73
56
73
55
73
54
74
53
74
52
74
51
74
50
74
49
74
48
74
47
74
46
74
45
74
44
74
43
74
42
74
41
74
40
74
39
73
38
72
37
71
37
70
36
69
36
68
36
67
35
66
35
65
35
64
34
63
34
62
34
61
33
60
33
59
34
58
34
57
34
56
35
55
35
54
36
53
37
53
38
52
39
52
40
51
41
51
42
51
43
50
44
49
45
49
46
49
47
49
48
49
49
48
50
48
51
48
52
49
53
49
54
49
55
49
56
49
57
50
58
50
59
50
60
51
61
52
62
53
63
54
63
55
64
56
64
57
64
58
64
59
64
60
64
61
64
62
64
63
65
64
65
65
65
66
66
67
67
68
68
70
70
71
71
72
72
73
73
74
73
75
74
76
75
77
76
77
77
77
78
78
79
78
80
78
81
78
82
78
83
79
84
79
85
79
86
80
87
80
88
80
89
80
90
80
91
81
92
81
93
82
94
82
95
82
96
83
97
83
98
84
99
84
100
85
101
70
71
69
72
68
73
67
74
66
75
65
76
64
77
63
78
62
79
62
80
62
81
61
82
60
83
59
84
58
85
58
86
57
87
56
88
55
89
54
90
53
90
52
91
51
92
50
92
49
93
48
93
47
94
46
94
45
95
44
95
43
95
42
95
41
96
40
96
39
96
38
97
37
97
36
97
35
97
34
97
33
97
32
97
