85
70
85
70
86
70
87
70
88
69
89
69
90
68
91
67
91
66
91
65
91
64
92
63
92
62
92
61
92
60
92
59
92
58
92
57
92
56
92
55
92
54
92
53
92
52
92
51
92
50
92
49
92
48
92
47
92
46
92
45
93
44
93
43
93
42
93
41
93
40
93
39
94
38
93
37
92
36
91
35
90
35
89
35
88
34
87
34
86
34
85
33
84
32
83
32
82
32
81
31
80
31
79
31
78
30
77
30
76
30
75
30
74
30
73
30
72
31
71
31
70
32
69
33
68
34
67
35
67
36
66
37
66
38
66
39
65
40
64
41
64
42
64
43
64
44
64
45
64
46
63
47
63
48
63
49
63
50
63
51
64
52
64
53
64
54
64
55
65
56
65
57
65
58
65
59
66
60
67
61
68
62
69
63
70
63
71
64
72
64
73
65
74
65
75
65
76
66
77
66
78
66
79
66
80
66
81
66
82
67
83
68
90
68
90
69
91
70
92
71
93
72
94
73
95
74
95
75
95
76
95
77
96
78
96
79
96
80
96
81
96
82
96
83
96
84
97
85
97
86
97
87
97
88
98
89
98
90
98
91
98
92
98
93
98
94
99
95
99
96
85
70
84
71
83
72
82
73
81
74
81
75
81
76
80
77
80
78
79
79
78
80
77
81
77
82
76
83
75
84
74
85
73
86
72
87
71
88
70
89
69
90
68
91
67
92
66
92
65
93
64
94
63
95
62
95
61
95
60
96
59
97
58
97
57
97
56
98
55
98
54
98
53
98
52
99
51
99
50
99
49
100
48
100
47
100
46
100
45
100
44
101
43
101
42
101
41
101
40
101
39
102
