71
72
71
72
72
72
73
72
74
72
75
72
76
71
77
71
78
70
79
69
79
68
80
67
80
66
80
65
80
64
80
63
80
62
81
61
81
60
81
59
81
58
81
57
81
56
81
55
81
54
81
53
81
52
81
51
81
50
81
49
81
48
81
47
81
46
81
45
82
44
82
43
82
42
82
41
83
40
84
40
85
39
82
41
81
40
80
40
79
39
78
39
77
39
76
38
75
38
74
38
73
38
72
37
71
37
70
37
69
37
68
36
67
36
66
36
65
36
64
36
63
36
62
37
61
37
60
37
59
38
58
39
58
40
57
41
56
42
56
43
55
44
54
45
54
46
54
47
54
48
54
49
54
50
53
51
53
52
53
53
52
54
52
55
53
56
53
57
53
58
53
59
54
60
54
61
54
62
54
63
54
64
55
65
55
66
56
67
57
67
58
67
59
67
60
68
61
68
62
68
63
68
64
68
65
68
66
68
67
68
68
69
69
70
78
70
78
71
79
72
80
73
81
74
82
75
83
76
83
77
83
78
83
79
84
80
84
81
84
82
84
83
84
84
84
85
85
86
85
87
85
88
85
89
86
90
86
91
86
92
86
93
87
94
87
95
88
96
88
97
88
98
88
99
89
100
89
101
89
102
90
103
71
72
70
73
69
74
68
75
68
76
68
77
67
78
67
79
66
80
66
81
65
82
64
83
63
84
62
85
61
86
60
86
59
87
58
88
57
89
56
90
55
91
54
92
53
92
52
93
51
93
50
94
49
95
48
96
47
96
46
97
45
97
44
98
43
98
42
99
41
99
40
99
39
100
38
100
37
100
