70
70
70
70
70
69
71
69
72
68
73
68
74
68
75
68
76
68
77
67
78
67
79
67
80
67
81
66
82
66
83
66
84
65
85
64
85
63
85
62
85
61
86
60
86
59
86
58
87
57
87
56
87
55
87
54
87
53
87
52
87
51
87
50
87
49
87
48
87
47
87
46
87
45
87
44
87
43
88
42
88
41
88
40
88
39
88
38
88
37
88
36
87
35
86
35
85
34
84
34
83
33
82
33
81
33
80
32
79
31
78
31
77
31
76
31
75
30
74
30
73
30
72
30
71
29
70
29
69
30
68
30
67
30
66
30
65
31
64
32
63
33
62
34
61
35
60
36
60
37
59
38
58
39
58
40
58
41
57
42
56
43
56
44
56
45
56
46
56
47
56
48
56
49
55
50
55
51
55
52
55
53
55
54
55
55
55
56
55
57
56
58
56
59
56
60
57
61
57
62
57
63
58
64
59
65
60
66
61
67
62
67
63
67
64
67
65
67
66
67
67
67
68
68
84
65
84
66
85
67
86
68
87
69
87
70
87
71
87
72
87
73
87
74
87
75
87
76
87
77
87
78
87
79
87
80
88
81
88
82
88
83
88
84
88
85
88
86
88
87
88
88
88
89
88
90
88
91
88
92
89
93
89
94
89
95
89
96
70
70
70
71
70
72
70
73
69
74
69
75
69
76
68
77
68
78
67
79
67
80
66
81
65
82
65
83
64
84
64
85
63
86
62
87
61
88
61
89
60
90
59
91
58
92
57
93
57
94
56
95
55
96
54
97
53
98
52
98
51
99
50
99
49
99
48
100
47
100
46
100
45
100
44
100
43
100
42
101
41
101
40
101
39
101
38
101
37
101
36
101
35
100
34
100
