67
67
67
67
67
66
68
66
69
66
70
66
71
66
72
66
73
66
74
66
75
65
76
65
77
65
78
64
79
63
79
62
79
61
79
60
80
59
80
58
80
57
80
56
80
55
80
54
81
53
82
52
82
51
82
50
82
49
82
48
82
47
82
46
82
45
82
44
82
43
82
42
82
41
82
40
82
39
83
38
83
37
82
36
81
35
80
35
79
34
78
34
77
34
76
33
75
32
74
32
73
31
72
31
71
30
70
30
69
30
68
30
67
30
66
30
65
29
64
29
63
29
62
30
61
30
60
30
59
30
58
31
57
32
56
33
55
34
54
35
54
36
53
37
53
38
52
39
52
40
52
41
51
42
51
43
51
44
50
45
50
46
50
47
50
48
50
49
49
50
49
51
50
52
50
53
50
54
50
55
51
56
51
57
51
58
52
59
53
60
54
61
55
62
56
62
57
63
58
63
59
63
60
63
61
63
62
63
63
63
64
63
65
64
78
64
78
65
79
66
80
67
81
68
82
69
83
70
83
71
83
72
83
73
83
74
83
75
83
76
83
77
83
78
83
79
84
80
84
81
84
82
84
83
84
84
85
85
85
86
85
87
86
88
86
89
86
90
87
91
87
92
87
93
87
94
88
95
88
96
89
97
67
67
66
68
66
69
66
70
66
71
65
72
65
73
65
74
64
75
63
76
62
77
61
78
60
79
59
80
58
81
57
82
56
83
55
84
54
85
53
86
52
87
51
87
50
88
49
89
48
89
47
90
46
91
45
92
44
92
43
93
42
94
41
95
40
95
39
96
38
96
37
97
36
98
35
98
34
98
33
99
32
99
31
99
30
99
29
99
28
99
27
98
