76
80
76
80
77
79
77
78
77
77
77
76
77
75
77
74
77
73
77
72
78
71
78
70
78
69
79
68
79
67
79
66
80
65
80
64
80
63
80
62
81
61
81
60
81
59
82
58
82
57
82
56
82
55
83
54
83
53
83
52
83
51
84
50
84
49
84
48
84
47
85
46
85
45
85
44
85
43
85
42
85
41
85
40
84
39
84
38
83
37
82
37
81
36
80
35
79
35
78
34
77
34
76
34
75
34
74
34
73
33
72
33
71
33
70
33
69
33
68
32
67
33
66
33
65
33
64
33
63
33
62
33
61
34
60
35
59
35
58
36
57
37
56
38
55
39
54
40
53
41
53
42
52
43
51
44
51
45
51
46
50
47
50
48
49
49
49
50
49
51
49
52
49
53
48
54
48
55
48
56
49
57
49
58
49
59
49
60
50
61
50
62
50
63
51
64
52
65
53
66
54
67
55
67
56
68
57
68
58
69
59
69
60
69
61
69
62
69
63
69
64
69
65
69
66
69
67
69
68
69
69
69
70
69
71
69
72
68
73
68
74
69
75
70
77
79
77
80
78
81
79
82
80
83
81
84
81
85
81
86
81
87
81
88
81
89
82
90
83
91
83
92
83
93
83
94
84
95
84
96
84
97
84
98
84
99
85
100
86
101
87
102
76
80
75
81
74
82
73
83
72
84
71
84
70
85
69
86
68
87
67
88
66
89
66
90
65
91
64
92
63
93
62
94
61
95
60
95
59
96
58
96
57
97
56
97
55
98
54
98
53
99
52
99
51
100
50
100
49
101
48
101
47
102
46
102
45
102
44
102
43
102
42
103
41
103
40
103
39
103
38
103
37
104
36
104
35
104
34
104
33
104
32
104
31
104
30
103
29
103
28
103
27
103
