61
61
61
61
62
60
63
60
64
60
65
60
66
59
67
59
68
59
69
58
70
58
71
57
72
56
72
55
72
54
73
53
73
52
73
51
73
50
73
49
73
48
74
47
74
46
74
45
74
44
74
43
74
42
74
41
74
40
74
39
74
38
74
37
74
36
74
35
74
34
74
33
75
32
75
31
75
30
75
29
74
28
73
27
72
26
71
26
70
26
69
25
68
25
67
25
66
25
65
25
64
24
63
24
62
24
61
24
60
24
59
24
58
24
57
24
56
24
55
24
54
25
53
26
52
27
51
28
50
29
49
30
49
31
48
32
47
33
46
34
46
35
46
36
45
37
44
38
44
39
44
40
43
41
42
42
42
43
42
44
42
45
42
46
42
47
42
48
42
49
42
50
43
51
43
52
43
53
44
54
45
55
46
56
47
57
48
57
49
58
50
58
51
58
52
58
53
58
54
58
55
58
56
58
57
58
58
59
59
59
70
58
71
59
72
60
73
61
74
62
75
63
75
64
75
65
75
66
75
67
76
68
76
69
76
70
76
71
76
72
76
73
76
74
76
75
76
76
77
77
77
78
77
79
77
80
77
81
77
82
77
83
77
84
78
85
78
86
79
87
79
88
79
89
80
90
81
91
81
92
82
93
61
61
60
62
60
63
60
64
59
65
59
66
59
67
59
68
58
69
58
70
57
71
57
72
56
73
55
74
54
75
54
76
53
77
53
78
52
79
51
80
50
81
49
82
49
83
48
84
47
85
46
86
45
87
44
88
43
88
42
89
41
89
40
90
39
91
38
91
37
92
36
92
35
93
34
93
33
93
32
94
31
94
30
94
29
95
28
95
