63
74
63
74
63
73
64
73
65
73
66
72
67
72
68
72
69
71
70
70
71
70
72
70
73
69
74
69
75
69
76
69
77
68
78
68
79
68
80
67
81
66
81
65
82
64
82
63
82
62
82
61
82
60
82
59
82
58
82
57
82
56
82
55
82
54
82
53
82
52
82
51
82
50
82
49
83
48
83
47
83
46
83
45
83
44
84
43
84
42
84
41
84
40
83
39
82
38
81
38
80
37
79
36
78
36
77
36
76
35
75
34
74
34
73
33
72
33
71
33
70
33
69
32
68
32
67
32
66
32
65
32
64
33
63
33
62
33
61
34
60
35
59
36
58
37
57
38
57
39
56
40
56
41
55
42
54
43
54
44
54
45
53
46
53
47
52
48
52
49
52
50
52
51
52
52
51
53
51
54
51
55
51
56
51
57
51
58
51
59
51
60
52
61
52
62
52
63
52
64
53
65
53
66
53
67
54
68
55
69
56
70
57
70
58
70
59
70
60
71
61
71
80
67
81
68
82
69
83
70
84
71
84
72
84
73
84
74
84
75
84
76
85
77
85
78
85
79
86
80
86
81
86
82
86
83
86
84
86
85
87
86
87
87
88
88
88
89
88
90
88
91
89
92
89
93
89
94
90
95
91
96
92
97
92
98
63
74
63
75
62
76
62
77
62
78
61
79
61
80
61
81
60
82
60
83
59
84
58
85
57
86
56
87
55
87
54
88
53
89
52
90
51
91
50
92
49
92
48
93
47
94
46
94
45
95
44
95
43
96
42
97
41
97
40
97
39
98
38
98
37
98
36
98
35
98
34
98
33
98
