-13.3848
-2.88359
-31.3392
11.5285
1.31811
8.46935
-0.215929
-3.4363
-0.964283
2.64151
14.5197
-4.86167
0.672433
-3.92184
0.868873
-1.86813
-0.225107
-0.810242
-3.30764
-2.58474
-0.574301
-2.57129
0.613199
-1.90381
3.93945
0.427862
1.17696
1.41116
-2.98198
1.43637
1.57973
-2.47065
0.0469229
-2.71012
-0.795726
-1.20862
-1.25705
-1.52263
0.537518
1.4161
-0.309643
0.485613
1.07397
0.543702
1.47346
-1.28317
0.336139
-2.79467
0.086437
1.03755
-1.40115
-0.762643
-0.0515955
0.487189
2.10742
0.888614
0.588393
-1.76321
0.3344
0.530877
0.423717
0.143453
1.02298
0.197851
1.51781
-0.982165
2.00008
2.36052
1.65782
-0.193284
-1.09599
-1.7409
2.72458
0.472322
1.22748
-1.84519
2.65727
1.93634
1.75818
1.818
-0.221458
1.46208
0.678474
-0.310616
2.6295
-3.30956
3.78146
-1.02781
2.93925
-0.585044
2.05399
-0.690837
1.1185
4.17713
-0.915219
4.08755
3.36825
-0.983247
4.7228
-2.70911
1.59794
2.74578
-0.17073
-1.16953
0.0456502
0.387402
9.56323
-0.375157
1.61613
4.13784
6.52599
16.063
9.8891
17.2775
12.0655
6.48376
15.2765
12.0524
-4.6102
15.3652
-11.6358
7.23861
-30.8146
-20.1123
-0.467597
-13.6629
13.3284
7.90792
7.72976
-7.02302
8.50365
-4.1199
4.00481
-9.57773
-0.0287426
-8.64939
-3.69285
-4.09697
-8.58753
-4.44206
-4.42311
-0.737759
0.254934
1.02385
-1.86677
-1.0609
0.421766
3.83214
-3.35267
0.438783
-1.85063
-5.15246
3.84803
1.11457
-1.12349
-3.29326
-5.27073
-4.28535
4.4099
4.3834
-0.305318
-2.03885
-6.374
-1.92064
4.21093
2.62076
1.78708
-3.08598
-4.83254
-0.220932
-0.0729844
0.909287
2.6739
0.138344
0.314938
0.792161
-1.26944
-1.82156
1.6939
1.2107
0.609645
4.19055
2.76667
1.05637
2.21379
-1.79084
1.49171
3.42087
1.82158
3.55681
3.19276
-1.70354
2.96345
-1.21635
-1.10349
4.727
7.22384
3.53458
2.0694
-0.0990387
-4.11395
7.68356
6.19041
1.62086
0.415191
-5.44672
1.75981
5.46048
6.92144
0.670868
0.595801
-2.28207
3.38799
9.09083
3.59823
6.33151
1.20971
0.593758
5.98206
3.78459
5.87552
8.38222
-1.45232
3.02217
-3.29492
0.681262
8.06075
11.2062
10.3097
12.2044
0.794207
2.10392
-20.7324
18.2413
8.16469
19.3954
0.0378122
-1.45175
2.82807
15.5027
-8.54283
-4.77338
-16.0778
-14.3491
-7.35686
19.3578
-4.08796
12.0403
2.11607
12.9536
15.4329
-5.13071
-7.86636
17.2279
3.93686
2.37865
11.9309
9.91973
3.50894
1.40918
10.0129
2.07809
6.60501
-1.55495
11.3509
-4.78043
6.91231
4.13756
-2.33614
1.27326
4.73695
-4.59072
0.668981
5.66863
0.261874
-0.80518
4.6423
2.68006
1.03213
6.13996
4.87546
3.24382
6.01087
-0.144131
4.56207
-0.871635
5.76043
-0.569021
2.60464
1.36798
0.892137
-0.906266
3.9712
2.87294
5.00082
-2.54069
4.47713
0.163566
0.97403
-1.01954
-0.591662
1.73896
-1.50091
1.53795
-0.0549875
1.17201
-0.0153169
3.27981
-2.93555
0.488954
-1.14358
-3.8988
-1.2447
3.76389
-1.51671
-4.70113
3.70858
2.00934
-1.78422
4.45122
-1.04475
1.49597
-1.32825
1.56738
-0.602921
-2.17901
-1.17714
3.29372
1.40763
2.30131
0.679183
0.610872
-9.1443
5.40005
-3.6994
-3.48586
3.64381
-2.94856
-3.91644
-9.07917
6.92255
-5.80892
2.51412
-2.87929
0.309328
-6.57206
-0.430195
6.03536
9.67996
8.5409
-0.461353
14.6335
4.86468
19.8603
17.1733
11.9691
8.97699
3.69452
7.0499
6.09682
-16.0715
0.533801
-22.8703
-0.790431
12.2425
6.77163
13.7376
0.156479
6.8801
5.18225
8.36966
-2.91588
8.20679
-6.14169
6.0656
-2.05843
2.27804
0.346214
-0.865101
-0.341344
2.03139
-2.51762
5.2262
-3.63187
5.40248
-0.468484
2.39635
0.491351
0.757215
-0.491373
1.94597
-3.00657
0.842301
-1.47073
-0.399934
-1.47867
2.03733
-2.07784
0.584804
1.78561
1.29024
-0.195835
4.04877
-2.0608
1.55004
-1.22776
0.65972
-2.31475
1.69482
-1.05751
-0.316041
-1.08714
1.0326
0.185085
2.03272
-1.32623
2.74842
-2.38418
0.558929
0.2033
0.0829809
-1.24648
0.852511
1.23598
0.0436274
0.0521804
0.0157397
0.373891
0.516562
0.435243
-1.74715
-2.05038
0.289173
-1.58569
1.98377
-2.65883
2.21284
1.05301
0.512609
2.90655
-1.99766
0.142222
1.3259
-1.16434
1.10792
-1.60147
1.13772
-2.34388
2.72999
-2.07002
1.06533
0.372289
-2.44509
3.28423
-2.53196
-0.0778195
3.98405
-2.64865
2.67249
-2.04575
-2.32524
-4.00176
1.34906
-4.49562
0.447908
-1.46546
6.02853
-2.32182
7.4482
0.432973
3.96414
12.7572
0.283008
20.7024
-0.74219
8.24306
7.61327
0.720405
2.99046
14.933
-11.0469
15.2162
-17.9797
-2.36785
15.646
6.00372
6.90132
-6.65047
6.03282
4.30712
3.36689
-4.15463
1.90334
-6.89975
4.39817
-0.973776
-0.931391
0.847515
-5.76505
0.0593833
1.23386
-1.70184
4.28033
-2.18825
3.7728
2.04699
0.539851
-2.25463
-1.27314
2.35995
-0.414794
-1.63343
0.0571098
-1.71636
-1.96012
0.471164
-0.6047
-1.52541
1.71877
1.92449
-2.26472
2.01574
2.66274
0.0846646
1.0757
0.0276104
-0.104149
-2.74779
0.195392
1.30088
-1.81924
-0.623004
1.02136
1.09591
0.770048
0.708611
0.266116
-0.84356
0.282995
0.224487
0.580054
-1.03858
1.51439
0.108103
-0.258572
0.920194
1.21489
-0.918354
1.12597
1.86793
-2.60764
-3.2595
3.97359
-2.37037
1.61063
-1.63739
3.38674
-0.492109
1.29998
2.71582
-2.34715
0.458096
2.05705
-2.92983
3.32061
-1.43171
1.9027
-4.45886
4.83877
0.169422
-1.54634
-0.353881
3.2881
1.05903
-2.98727
4.41279
1.03181
-4.18906
7.61946
-2.33654
-1.10714
1.08797
3.05662
-6.98836
2.72258
1.13112
8.59441
3.29937
9.35714
9.2173
-1.31855
8.47019
6.02087
12.9335
13.1647
27.8442
6.15818
2.84125
0.633463
2.77655
-12.1171
5.39616
-26.0211
1.05809
-1.16623
5.2664
3.9633
-1.75287
3.21108
1.77169
2.54432
-1.23854
2.11896
-6.81806
1.34075
-1.19133
-2.26027
-0.434861
-4.0222
-0.672144
-1.10713
-1.70666
0.734779
-2.17798
2.69351
0.67586
-0.807766
0.740532
-1.99684
1.22248
-0.00533243
-2.12738
-1.67017
-1.08749
-1.98233
0.225776
-0.58803
-0.970406
-0.47407
1.18471
-0.936204
0.132503
0.474654
0.0158667
0.0677896
-0.302203
-1.2477
-1.43969
-0.924367
0.871498
-1.13251
-0.361339
-0.127149
0.409462
0.0760164
0.578944
0.477568
-0.893118
-0.686358
0.929197
0.0756647
-0.775832
1.32947
1.02483
0.426442
0.00270993
0.986742
0.656256
0.999322
0.818084
-1.31715
-1.77966
1.79156
-1.01575
1.74967
-1.10771
1.51473
1.24676
1.47105
2.03795
-0.132369
0.918632
1.24118
0.371395
1.5886
-0.978925
2.26194
-0.448003
1.96589
-1.21221
1.31956
0.517
0.761595
3.96212
-1.72974
3.38572
2.79769
-0.0656068
3.05695
-1.41246
1.39316
0.316843
-0.171694
-1.18016
2.37925
-0.28735
9.84943
5.80455
2.40399
8.84723
1.31608
15.7012
2.29209
19.1447
-2.44178
16.1507
5.35524
16.2978
3.43944
5.97204
-10.7749
6.89441
-14.051
7.1065
-3.0274
11.501
4.27475
8.25957
9.7578
8.67689
7.33152
2.92549
9.07338
1.26864
9.94357
-5.55379
5.26125
-0.843337
-4.15057
1.57097
-0.539813
-3.70535
7.16211
-1.53001
3.06136
3.33315
1.9483
4.33726
4.17065
0.412007
0.657303
-2.37743
1.67744
-0.995777
-0.250963
-2.65633
0.865665
-0.76264
0.428199
3.85251
-0.327349
2.56507
5.53535
-1.45643
2.45727
-0.669717
-0.573931
0.340053
1.76897
-1.35196
0.00426306
0.672275
1.19905
1.04756
3.07405
-1.29582
2.41427
-0.36252
-0.353161
0.133152
0.195299
-2.25489
0.931109
0.630819
1.51259
0.376876
-1.63487
1.80511
0.626259
-1.18725
0.710897
-2.87554
0.0426602
0.723902
2.16878
-4.17671
1.78279
1.45607
0.16014
4.29569
-2.35079
-1.76405
2.17614
-0.400562
3.05917
-4.18852
1.8747
-0.816435
3.76354
-1.32996
-0.889198
-2.16946
0.694974
7.7068
-5.14742
2.34674
0.807816
-4.31303
6.53589
-4.00569
-0.257854
-5.35599
2.15425
-6.26548
3.86465
-3.26945
6.62493
5.33894
7.04363
14.5416
0.0173935
10.7835
23.3464
20.5888
-6.61425
11.3339
-3.8235
9.4349
10.1613
9.21899
-8.7318
-0.310064
-10.886
6.07096
1.17915
22.5405
12.0218
5.28567
-10.6297
-1.94062
4.51512
0.20632
-0.00232055
1.60279
-1.91215
0.148768
-3.96991
0.316141
0.0577642
4.09649
-0.0526209
-2.46309
0.972399
-2.36898
4.93909
4.05607
2.76516
1.68378
-4.03974
1.7801
0.944657
-2.68616
-1.11694
4.74673
-3.35742
-2.74537
-1.89401
-1.07212
2.94732
7.24035
1.94781
-0.811396
-3.1059
1.2066
3.99478
0.269939
0.200586
1.41797
-1.98632
-2.15154
-1.26485
-0.63844
1.63908
4.22774
2.29033
-0.487744
-3.06159
-1.5134
0.513669
2.70673
2.59286
1.93886
1.86295
-2.85055
-1.83989
-0.147304
0.080471
3.74122
5.65358
-2.24318
-3.70265
-4.06641
1.54674
1.38041
5.64108
0.0230817
1.36612
-3.08873
1.52388
4.08912
-2.09646
1.24863
6.90073
-1.01052
-1.13202
-2.79413
2.73137
-0.470288
5.16632
-0.0380989
-0.25438
-2.55153
-0.424687
5.41729
-1.31257
1.87482
3.03093
0.155267
5.18479
-2.63426
2.18233
0.691492
1.93074
-6.03298
-3.43668
1.31639
13.3201
6.59998
1.64601
4.46263
-6.51247
32.6379
25.7175
29.9162
15.6078
-16.0865
-1.75188
6.42381
1.67479
1.23165
-7.59309
8.56715
-18.7096
29.8565
14.9658
-7.2891
1.5864
-12.7369
19.7095
-2.14764
13.5838
-8.9327
7.9153
-6.71557
13.0274
-1.35133
3.32269
-1.43826
-5.65551
-6.13485
-2.85668
-12.0206
4.22565
-4.90074
11.4975
-0.336606
5.41659
-1.35877
-1.21715
-0.540101
-0.643597
-6.0389
-0.688832
-7.00248
-1.62691
-4.59499
2.61211
-0.96096
3.22769
3.109
-2.55067
-2.86498
2.17921
-4.30195
0.317341
-2.12619
2.29644
-4.57163
-2.01341
-2.40168
-0.1567
-0.101817
3.14779
-2.68714
-3.23764
-3.6997
0.469619
-3.89207
1.63639
0.649333
0.0377538
0.589038
2.82437
-0.149573
-0.789537
-4.02155
-1.24294
1.06785
0.485958
-0.0344873
-3.45391
-5.76378
2.45319
1.19322
2.0494
-3.11511
5.23771
-3.07935
-0.342051
-1.15946
-3.68489
-0.842088
4.6851
-1.17485
1.18408
-1.88918
3.49529
-4.2035
4.04281
-5.17878
-0.704678
-6.10948
-2.16889
-0.289426
-1.43216
7.2385
8.05706
-3.52906
9.15265
-11.2805
3.9462
-4.97989
0.180594
-4.52054
2.06632
-5.72464
13.2316
3.98138
12.0177
5.6621
21.9865
7.15015
4.77725
1.87194
-10.4098
-3.72777
5.7771
19.559
-0.4812
0.291463
-11.8517
9.51327
-21.464
6.98972
4.51364
10.6406
11.5531
3.81446
7.16728
4.94435
9.97881
-1.65719
4.00087
-2.91105
4.18817
0.123943
1.90083
1.45944
-1.38808
-0.629805
1.88651
-2.0883
3.49071
-1.27268
6.0932
0.202957
1.81811
1.49171
-0.453803
1.69929
1.42625
-2.26002
-0.222965
-1.2176
-0.473064
-0.467025
0.452663
-0.933482
0.848162
2.36414
0.722175
1.29076
2.21144
0.587885
2.19259
-0.813956
0.639413
-1.83769
0.636103
0.130165
-0.191491
-0.245325
0.733101
0.337674
1.56322
0.439698
1.28974
-0.983873
0.452524
0.705434
-0.221523
-0.349522
0.319386
0.453103
0.446932
-0.43605
0.614567
1.08212
0.146899
-0.302215
-1.37079
-2.32616
1.37293
-1.38719
1.48766
-2.48363
1.5522
0.630347
1.16884
1.37876
-0.772773
0.733814
1.06742
-0.833493
1.42133
-2.76516
2.1574
-1.14635
2.31219
-1.8497
-0.129249
-0.646577
-0.793155
3.16299
-2.11393
1.55691
2.93318
-1.96102
3.84877
-3.17798
1.19817
-2.05749
0.741653
-4.00352
0.998757
-2.03424
9.08253
1.65729
5.026
7.12168
3.13746
13.1103
3.29717
21.7863
2.19731
14.0768
4.30913
9.52812
4.84167
12.7825
-12.3092
6.15701
-19.847
6.16812
0.739721
20.4104
16.924
-3.57527
-2.45391
6.52642
9.59906
1.33621
6.57834
-4.18225
2.37446
0.545685
1.16304
2.00083
-2.72115
1.77521
1.28331
-1.3118
5.20243
-2.66951
5.31124
0.859056
1.18114
0.804967
-0.528239
0.672126
0.498516
0.905297
-1.06723
-2.0316
0.539347
0.402704
0.266262
0.714117
1.64622
0.0245871
1.5771
0.636588
0.68581
1.81974
3.32464
-1.4921
-0.100776
-0.693248
0.103891
0.250499
1.00014
-0.721097
-0.242377
0.588094
1.95632
0.148171
1.41901
-0.450439
-0.0162528
0.400704
-0.954407
0.966204
-0.0641575
-0.137561
0.697003
0.131144
1.0862
1.49793
0.312178
-1.28479
-1.20605
-0.449575
1.08815
-2.39312
2.2602
-1.33702
0.767304
3.31174
0.59395
0.528215
0.329561
0.591139
-0.48291
0.252035
2.30221
-1.79173
1.73341
0.347531
-0.553433
-3.1062
2.79596
-1.27688
2.07936
4.34937
-2.67731
4.17616
2.30809
0.724425
-0.81047
-3.05659
2.09642
-3.82004
2.02171
-4.64264
2.43712
1.06355
9.49992
1.19177
0.939782
16.4357
-2.2682
6.61677
4.89106
11.6273
10.4509
29.8311
5.20026
3.32679
7.01533
11.7213
-9.5185
22.6487
-9.73735
15.341
10.0493
8.83373
11.3374
-1.09893
18.5177
3.10542
11.2849
-3.48929
5.23978
-7.68155
10.2062
-4.83981
1.78549
3.84703
1.13045
-1.97636
3.06245
-6.07671
5.63226
-3.56006
7.56617
-2.18188
2.49288
0.812927
-2.12128
-0.190859
2.45525
-2.89544
-0.762777
-1.64325
0.645668
-4.97525
0.428621
-1.14272
0.58832
0.541707
3.09502
0.987491
-1.65732
-1.82385
4.54909
-3.93273
-0.430612
-1.1345
1.83385
-2.61743
-1.48509
-3.07754
1.18992
-1.2329
1.93692
0.458574
0.321039
-0.565583
-0.742021
-3.42253
-0.65861
-0.861931
-1.05018
-0.823481
-1.40214
0.663299
0.639709
1.75643
0.773613
-1.92069
-2.47883
-1.0631
-0.353194
-3.09407
5.02658
-0.652409
-1.00267
-1.91737
2.02095
1.26407
-3.774
2.90391
2.22635
-2.60151
1.63605
-2.58377
1.39099
-2.40674
3.31813
-0.477884
-1.53874
-1.80815
0.141654
1.72641
-3.43472
1.96019
5.4793
-2.57177
5.22603
-7.23269
-0.247758
0.898473
0.159527
-6.17387
4.89101
-1.62518
12.0503
-0.863983
1.57271
9.06324
10.4031
11.834
8.59407
23.8986
11.2399
9.21821
-7.11314
6.58489
7.28844
3.75933
-12.0842
13.5281
-15.3902
4.97257
-0.734405
11.5485
6.59469
7.01726
9.60972
4.11077
17.485
-5.33278
7.1522
-2.22368
1.36315
1.91136
1.71093
0.718146
-0.995381
-1.88824
2.16977
-2.70481
4.83726
-1.31398
7.38104
-0.581128
1.26297
2.17356
-1.06381
1.71767
2.23919
-3.17949
0.560758
-1.34393
-1.66451
-0.326217
0.372863
-1.49356
1.38924
1.91816
0.777776
1.94018
2.31407
1.0159
2.22651
-1.287
0.431113
-2.94326
0.756088
-0.266163
-0.618045
0.485928
0.680495
1.13396
1.42479
0.0648562
1.52637
-1.88266
0.369181
0.372326
0.124738
-0.420541
0.241622
-0.41302
0.576854
-1.3458
0.0391567
1.41392
-0.692187
-0.0778032
-1.75961
-3.00749
1.60506
-3.07195
2.19747
-3.19638
0.764293
0.696632
0.729304
1.33729
-0.429682
0.436902
0.955171
-1.07246
0.902338
-3.87903
1.8579
-2.22336
3.31627
-2.49206
0.27413
-0.889499
-1.79414
2.94255
-3.22093
0.87446
3.06114
-1.98013
4.38422
-3.81763
3.38631
-4.35516
1.77845
-4.5497
-1.77515
-2.21771
4.1207
0.106771
7.89857
4.16231
12.4644
16.9731
0.723138
25.8366
-5.59034
3.36785
-1.20615
6.77783
7.31912
9.102
-11.2934
11.926
-13.2203
16.6303
6.07686
-1.34922
11.6132
-4.76704
6.90263
9.24451
2.57431
0.0892672
8.52638
1.77334
-5.60342
5.49173
3.80014
-1.40833
0.979466
-2.8622
-0.182717
1.03176
3.26329
-2.56151
3.40297
4.36107
1.95062
-0.445504
3.99857
-0.622712
-0.448364
-0.229067
-3.7186
0.852228
0.501898
-0.522757
-0.908139
1.20241
2.34243
-0.151941
1.72445
0.971457
0.624527
2.29318
1.33869
-0.215494
2.31728
-0.61517
-0.563206
-0.438658
1.27336
-1.27081
-0.30446
-0.253938
1.18613
1.09302
1.35353
-0.954358
0.419226
2.5496
0.402844
1.53915
0.770358
1.98976
-0.761561
2.44526
0.00671151
-1.70407
2.93405
0.488287
-0.643647
-0.635229
-0.180469
0.473206
0.316913
-1.55178
0.506362
0.538081
2.99085
0.250526
1.38522
3.17347
1.38801
1.4388
0.575724
-1.36441
2.53629
0.461062
-1.90505
0.368661
0.29949
-0.206568
-2.68838
3.30676
0.299755
-0.336161
6.71781
1.3494
1.42721
5.29844
-0.992818
-5.75724
3.7901
-0.931237
-1.73267
-4.75345
8.88282
6.11644
3.10173
19.609
-6.95449
18.1579
14.6096
2.91577
9.31038
12.0175
1.26428
13.4572
7.05181
8.12501
0.944571
9.70124
-32.5295
12.8178
1.2779
19.3254
10.8292
7.15897
1.86632
2.22507
10.9169
-0.457615
3.84539
-3.1989
4.58162
5.53726
1.10431
3.92845
-0.386259
4.1063
1.09454
-0.750285
1.83078
-1.78883
7.60088
2.87825
4.35074
2.38303
-0.297018
3.63529
1.58767
-2.33462
1.232
-1.31838
-0.647889
2.57738
0.0297574
0.37326
1.00115
2.40567
0.274132
2.05595
1.48939
0.867019
2.10567
-0.674424
2.33415
0.20954
-0.695142
1.57832
-1.17965
-0.633339
2.4697
0.766254
2.2004
2.70039
1.66763
-1.36747
0.270326
-0.207927
-0.522691
-2.18066
-1.06581
-0.704759
-0.490136
0.794032
1.28795
1.43223
-0.117213
-0.320283
-2.99742
-3.77703
0.000590283
-0.635372
0.978463
-1.08964
1.75973
-2.50179
0.43725
1.11947
-2.59951
0.922214
-1.85456
-1.92079
0.66821
-2.1998
2.44027
-1.59967
2.18234
-2.40806
-2.17756
-2.87905
-2.22001
4.2113
-3.67469
3.82576
3.33932
-4.51131
1.21157
-4.03125
-3.20298
-4.15784
-4.50147
-1.77428
-3.81346
-5.46439
8.90957
-0.915561
4.10245
13.5037
-2.4497
7.05384
-4.3877
21.0446
12.804
15.8228
2.65971
24.1794
11.1842
19.3795
-11.7855
4.40869
-12.5224
8.976
9.36024
0.508367
17.4764
-2.83967
20.7191
1.30884
22.147
-0.467343
10.8108
-5.6212
6.84608
-4.75176
3.12421
-1.86965
0.470738
-1.1005
4.71597
-5.17861
5.46939
-6.96527
9.35571
-0.481997
4.88966
-0.57353
0.0319817
-2.33614
2.4267
-6.79418
2.58069
-3.33794
-0.399224
-2.43422
0.379378
-5.17461
3.05837
-0.197146
1.08881
-0.733906
4.64576
-4.21136
1.25672
-4.7922
1.1153
-3.94604
0.326442
-2.20202
-1.33343
-3.73138
1.25819
-2.25884
2.6835
-1.24444
2.17702
-4.82708
-1.10388
-3.2148
-1.04579
-0.981801
-2.23585
2.25787
-0.853233
1.69678
-0.513727
2.94252
-2.26025
-0.0736007
-4.6114
-1.77462
0.0318151
1.19965
0.34166
-4.71882
0.368252
1.07703
-2.06983
4.20107
-3.87198
1.13428
-0.913696
-1.87758
-2.71593
-2.11583
0.754607
-1.00225
0.835079
-3.55356
-1.16769
-2.66125
-5.30384
5.96632
-4.14055
2.62163
1.04687
-5.5247
-0.6389
-3.36919
0.14098
-1.68218
-1.21179
-3.53175
-3.41972
-11.3246
5.12835
2.25584
-1.81155
12.3644
2.02559
12.3634
-1.08118
25.5298
1.97627
6.419
-2.2553
14.3871
6.92669
-1.69284
-10.9462
8.68797
-24.1374
4.43628
13.0694
6.62029
7.96607
9.03345
13.6449
6.77617
7.70027
-1.21192
8.35328
-2.07829
3.02675
0.0376593
2.2424
0.758793
-1.03451
0.900156
1.30137
-1.6902
5.94701
-1.25973
5.67458
0.242864
1.13806
2.73494
0.287356
0.733406
3.17018
-1.44673
0.33082
-1.25573
-0.99613
1.39337
2.13214
-1.79312
1.07086
3.19928
0.451457
1.13245
4.25926
-0.784119
1.10632
-1.10126
0.711091
-1.91589
1.05109
0.943273
-0.703672
1.13336
1.3671
0.441636
1.61701
0.0352186
1.6091
-1.5986
0.568821
1.68934
-1.51379
-0.588569
-0.744653
0.43198
-0.214062
-1.2361
-0.918936
0.428836
-0.825842
1.01111
-2.98246
-3.39638
0.96445
-1.58456
0.772181
-3.90375
1.62965
0.627632
-1.08642
3.23987
-3.02439
-0.965737
-0.12232
-2.92101
0.950537
-3.96869
0.911431
-2.77888
1.91924
-1.20238
-1.11937
-2.23344
-1.17781
3.47587
-4.8294
0.458762
3.16062
-3.67936
1.09431
-1.73376
-0.774877
-4.46496
-0.0579158
-5.17691
-0.424894
-2.52323
7.14134
-0.972839
5.61146
4.03001
-2.27037
10.3286
1.09123
17.0118
-2.34175
3.44228
0.934128
6.02829
7.23578
4.08102
-8.40152
-9.6013
-21.5137
-12.0989
22.6379
-4.47526
23.455
-6.93874
13.2489
-9.31831
13.3275
-10.0895
9.20759
-14.9341
8.64296
-7.57313
0.473001
-4.04127
0.865621
-2.91281
-1.06402
-9.59268
1.45024
-7.46915
9.52233
-2.97986
3.71777
0.050296
-1.88682
-1.78843
-0.128747
-7.25012
0.830144
-1.9832
0.245044
-4.39088
2.5102
-1.92875
1.51504
0.160423
-1.5735
-2.3823
0.520424
-2.52358
0.634041
-2.48758
-0.0778562
-1.73219
-1.33345
-1.82843
-4.94397
-4.26781
0.512487
-0.40475
2.7479
0.647203
-0.53318
-3.7599
-3.59499
-3.00914
-0.10161
-4.90769
-0.93661
-3.64297
-2.71183
-1.85263
2.41599
0.357494
1.95647
-4.59645
-3.89143
-7.23235
-0.0991914
-3.02535
1.47807
-5.24515
1.86957
-3.3886
0.426805
-2.51892
-0.868552
-3.50225
-2.06603
-3.8276
2.29868
-2.82242
2.48404
-5.38917
3.25295
-6.24119
1.44754
-6.68705
-2.86942
0.134818
-0.801113
3.28598
6.27473
-9.41908
2.91367
-9.64991
1.82383
-6.30331
1.34893
-6.57998
0.636959
-8.08882
13.9783
1.16069
1.10339
2.88029
0.750188
-1.17407
-6.84344
8.77139
-1.23024
11.1548
-3.73049
26.8261
-8.35132
9.48279
-10.0901
18.0703
-18.2098
4.59006
2.43514
8.4198
10.8649
9.80073
7.63647
1.63461
13.1367
6.08905
12.0653
-12.5066
4.37655
-2.37709
5.22244
1.15762
-6.86923
-0.533526
-0.454509
3.98279
5.86178
-2.3754
5.03899
-2.12568
7.73952
-0.83012
-1.62703
-1.15549
1.21017
-2.32455
-1.57041
1.1518
-1.68611
0.582602
3.63368
-0.00307681
2.20318
0.431251
1.63841
-0.914696
2.47723
-0.364624
0.12943
-1.40948
-0.849877
1.07703
1.45606
-0.555585
0.279897
-1.11123
3.41104
-0.694653
1.27336
-2.19294
0.647002
0.117303
-0.429372
1.48427
1.13956
-0.529792
-0.305411
0.27743
-0.469969
2.23998
-1.09367
0.0420588
-2.59512
-0.923877
-1.22908
-4.20819
2.24538
-4.39933
1.79601
-0.40037
3.78683
-0.325639
-1.89974
3.69602
-4.36071
-0.108875
-0.967682
-4.80114
1.07055
-3.85558
3.70529
-2.08064
2.16926
-0.919743
-0.927824
0.78753
-2.51774
4.96073
-5.33736
-3.37183
1.55933
-2.71697
7.09874
-10.6371
-0.787778
2.3771
3.17623
-0.594521
-6.40656
-5.40576
3.51464
5.03178
8.79082
-6.44693
-7.19996
16.8265
20.3673
18.9187
-3.34019
7.26322
1.00768
9.46325
7.35503
5.25694
-9.58098
3.81176
-9.72698
8.5475
-20.1253
-11.1595
-2.88843
-9.80135
18.8878
-2.70943
2.20228
-18.0962
13.8237
10.2196
-2.98818
-3.89093
-4.49604
-7.63159
2.59763
0.32603
6.49803
4.00579
4.10164
1.93698
3.62014
-7.61996
2.96584
7.17017
2.74772
-3.34102
1.99386
1.21746
5.83771
2.9304
-5.20003
-4.49894
2.38912
-2.50265
0.678722
-0.450363
-0.554585
4.61068
6.08025
-4.93097
1.7939
2.99547
0.878904
-4.6791
1.83598
-0.844061
-2.72697
3.08388
4.22674
-0.681223
4.86089
5.39793
0.812534
-9.52814
-2.84679
0.455906
2.61353
-2.30218
2.52515
1.68092
2.79441
-4.03835
-0.610668
6.2267
2.15812
-0.656617
-0.843978
-6.17446
0.846741
3.19531
7.22511
-8.63018
-0.73021
7.55803
4.94555
1.10951
-5.70146
3.00882
7.52388
-0.942923
2.59712
-7.26761
3.57471
4.25244
7.47007
-11.2057
0.189611
5.87453
0.0674913
2.58446
-2.10758
4.27939
2.24698
-7.6148
-1.86599
-6.04093
6.06548
4.14591
14.9412
-8.76394
-16.7911
-5.90125
12.8221
3.25966
-4.86459
1.90795
10.951
20.774
5.18675
22.0386
-2.48916
-1.5151
2.51997
10.2498
-2.2263
-2.55109
-10.513
15.5398
-17.0296
5.11885
-6.29761
12.0928
15.1046
4.02737
8.15736
5.01845
15.2931
-3.55186
3.69153
-4.82571
3.81258
1.14347
-0.194794
1.16338
-1.49693
0.684111
3.07618
-3.84536
2.17729
-2.19029
6.61629
0.307878
0.86807
1.57189
-1.6382
2.57946
0.997947
-3.14442
1.15175
-1.24584
-0.979237
-1.85864
0.77357
-1.169
0.332014
2.29995
-0.467458
1.92864
3.32153
-0.265514
1.31994
-1.29483
1.1638
-2.2676
0.351653
-0.553437
-0.785805
-0.445462
0.407795
0.0817026
1.26446
0.733168
2.00403
-1.88077
-0.110799
0.614251
0.747482
-1.08384
0.0695422
0.0823153
0.620787
-0.690219
1.18277
1.17831
0.0346761
0.174114
-1.72329
-2.73145
1.35262
-1.37508
2.06345
-3.24614
1.88166
0.845505
1.35481
1.39107
-1.12962
0.894195
1.07491
-0.60763
0.0968984
-3.44129
3.79745
-1.60391
2.16754
-1.83535
0.882821
-0.308755
-0.954437
2.49681
-2.83613
2.64591
4.18898
-4.4442
4.44361
-2.87573
1.42957
-1.04177
1.76413
-4.37731
2.03611
-1.25799
8.24956
-0.744687
5.77051
4.22041
6.43615
7.07205
1.30639
23.4515
8.38693
7.83947
-4.53252
8.70985
7.91869
5.81731
-11.3089
11.2257
-20.7856
8.25871
-0.370128
1.22246
15.345
10.3095
7.02801
5.59133
12.2027
2.88484
6.0263
-5.87022
3.30281
1.13937
2.92831
2.56605
0.472691
0.659983
0.00223884
-3.83557
3.90831
-1.25328
9.56406
1.56418
0.30729
1.4019
-0.210085
1.34018
2.17472
-1.69006
1.10648
-1.74751
0.169417
-0.840689
-0.937276
-0.276657
1.46824
1.26819
2.62488
2.83221
2.29561
-0.502754
1.25504
-1.29543
1.30631
-1.27632
0.974243
0.797452
1.152
-1.52124
0.12271
-0.41435
2.4988
0.417055
0.52439
0.956633
0.936809
-0.316424
-0.0313808
0.820229
-1.65085
-0.660364
0.706819
0.740736
0.554483
0.144307
1.47828
-0.171514
-2.53786
-2.25862
0.612489
0.106718
1.43758
-2.65055
1.04206
-0.530832
1.16892
0.566556
-0.247078
3.5807
0.879777
-2.10036
1.43522
-2.66552
1.20939
-1.13967
1.56795
-1.8715
-0.441768
0.818748
-1.86065
-0.0863499
-1.93931
1.06689
3.20643
0.379771
5.93579
-3.46019
0.429015
-2.74589
-4.03751
-2.44446
3.40102
-7.15566
8.73182
2.80836
6.50622
4.49764
1.09037
15.4811
-0.224337
24.8775
3.24485
0.26494
11.1971
12.1182
3.21492
8.84303
-5.78514
14.0832
-15.6624
-4.45176
14.6405
19.1968
22.3035
4.07606
14.5238
-4.85668
12.8636
-3.97014
4.54927
-15.3413
8.97884
-4.5147
1.60697
-1.9322
-1.34868
-1.82361
9.27326
-1.5195
6.30165
-4.46977
7.10421
0.703433
1.77393
-1.09557
0.0402107
0.603374
2.73389
-2.71494
0.00624805
-4.30168
0.343219
0.133405
0.00879509
-3.07947
3.5804
2.01261
0.510374
-0.304154
4.09349
-0.229738
4.25579
-2.48747
0.631795
-2.57433
0.426196
1.19918
-1.03474
-2.24495
0.785304
-0.730296
1.68723
-1.71525
2.34006
-3.66253
1.45353
0.742914
1.75476
-1.01651
1.52909
-1.93731
0.424283
0.406821
2.20296
-3.7395
-0.314761
-0.0163645
-2.12454
-4.4906
0.871099
-3.59224
2.48919
-2.92365
4.10299
-1.36073
1.09023
2.85903
1.63904
-2.52793
0.635688
-1.24138
2.37378
-6.35594
3.52969
-5.92949
1.27808
-1.68263
4.07082
-5.70445
-1.13882
5.58346
-3.23165
-1.05014
1.03498
-4.05811
5.29675
-2.79146
4.97023
-4.75818
2.91544
1.11778
6.74251
-16.4396
11.3846
0.333623
10.0481
-2.95765
-3.21853
3.0245
-3.04705
20.7555
-3.67482
8.61993
-4.62236
23.2583
9.13991
2.69245
-13.1814
5.75332
-12.6507
6.63042
8.90222
7.84339
8.09089
16.1843
6.76144
5.68754
7.61785
4.94759
3.60731
-3.61942
0.159559
1.55506
-3.88431
1.33223
-1.20679
0.509469
-3.71914
-1.21168
3.13991
-2.59387
5.66603
0.503905
-2.95682
2.66276
0.783355
0.815602
-2.24437
-2.15314
1.00833
-0.514349
-4.30676
0.148709
0.823077
-0.872226
-1.01723
3.73933
-2.19119
2.39902
3.97613
-0.138646
-2.37593
0.854129
0.767527
-2.84901
-0.00302053
1.07597
-3.61545
-0.832732
2.69094
1.76557
-0.858138
0.9188
0.363449
0.910436
-0.745337
0.244382
0.392279
-1.36664
-1.29274
-1.53482
0.542941
0.373719
-0.240851
0.641153
-2.48587
-0.407124
0.834927
-3.36353
-0.787879
-0.721151
1.69498
-4.41023
4.87734
-0.648195
-4.06346
2.843
1.86343
-0.655435
-0.940437
-2.10931
-0.0522218
-2.38372
2.70236
-3.11894
-1.00396
0.229631
0.534791
-0.350897
-4.09281
3.62688
1.33953
2.06708
3.09948
0.891156
5.95662
-6.73974
1.65742
1.19108
1.63796
-3.45619
0.742141
-6.95279
11.0534
3.57245
5.97203
5.35249
0.70405
6.33065
2.88375
16.0463
-2.65238
25.933
-9.27676
-3.75933
8.43905
14.5403
-10.72
6.649
-10.0795
9.40231
-0.28168
12.9973
19.2889
-1.43576
2.16012
-2.04807
11.3434
-0.758862
9.48788
-15.1676
1.1472
3.3208
7.83089
0.922432
-2.29715
-1.23621
4.27251
-1.13556
1.12886
-1.78351
6.90917
-3.09815
0.654855
-0.353533
-2.45748
0.940303
5.77943
-4.88564
-0.272405
-0.252252
-0.512958
1.83194
4.06303
-4.27642
-1.28197
7.6267
-0.155981
-2.26155
3.77463
-2.57603
-0.681621
2.29146
0.902847
-8.77144
3.92328
3.04704
-4.11659
0.660595
7.13321
-3.1696
0.704904
5.61591
-1.79107
-3.80962
4.99313
-1.8627
0.572251
-6.75215
4.76101
3.96727
-6.23377
-1.67385
5.66029
-1.15609
-0.49723
4.4112
-4.09292
-4.98506
7.48492
-2.84639
-0.690043
1.35509
4.36968
-4.81874
2.92525
3.25542
-2.83748
0.0656804
1.18157
-4.3529
3.47491
0.690104
-1.29373
-1.78287
6.75058
-2.06438
2.89401
1.28362
-0.944504
0.49377
1.18427
1.65403
1.45171
-5.52043
4.02523
-2.42164
2.79296
-0.733347
-4.74298
-2.62565
10.1308
-0.770541
1.75091
1.85495
27.7518
5.65109
-8.2486
12.1605
7.20964
16.3667
-2.08938
5.4597
-11.1457
19.6012
10.3029
2.7508
-11.2304
6.55633
-10.4238
11.5749
2.00054
4.27791
17.7601
-2.94886
6.87514
8.8876
12.8556
-14.3051
5.78216
-2.36251
8.19234
-4.77263
0.618049
-0.456082
0.744349
0.850466
0.293703
-4.32016
7.93088
-4.34531
7.3957
-2.31291
3.69573
1.10527
1.86223
0.0114151
1.01795
-2.53907
0.153643
-1.53944
-2.78293
-1.88029
-0.965213
-0.205972
0.999976
-2.53904
1.85514
0.521492
3.70095
0.924507
4.97149
-3.99572
1.42549
2.36687
-1.92428
-1.69103
1.02541
-1.40783
-3.05241
0.476907
1.467
-5.05967
4.76404
-1.03146
-2.82474
2.60406
-0.485714
2.14039
-0.108095
-0.395728
5.55002
-1.0834
-1.40823
0.651765
1.49482
-3.44208
-2.59592
-3.87204
-1.5163
-2.37202
4.09532
-5.16607
1.8141
4.23579
2.94114
0.988837
1.86791
-2.06029
3.27783
-0.214472
-0.509485
-7.30975
3.43861
-2.45946
0.694514
-4.01372
-1.67331
-2.03691
4.43736
5.33008
-5.52295
0.147603
7.99
-4.02065
6.0396
-5.8122
0.503228
-3.13192
7.21543
-4.93981
-4.72931
-2.00453
22.8357
-4.81233
5.40018
2.0422
8.12222
14.0537
0.184564
7.37397
-5.97373
25.6744
-7.9184
12.492
9.67288
5.99463
-16.1814
6.30859
-16.0492
14.2968
-6.2608
2.79213
1.83209
-10.0314
0.229429
3.51777
17.2385
-10.5566
-3.24445
0.703696
11.9014
0.0712527
0.924637
0.62605
2.09348
-2.32967
1.3038
-2.34179
-0.0824271
-7.57373
8.77516
3.27548
4.49465
0.813555
-3.76966
2.56275
4.4894
-1.47865
-3.03168
-4.47952
0.237949
0.962265
1.02028
-3.74371
-2.96037
4.08183
4.03969
1.41075
-1.93949
-1.85954
3.49912
-0.8598
1.46625
-0.576953
-0.250671
-1.0492
1.99378
2.34379
-1.36697
-2.32539
1.11947
2.89567
1.98796
-3.71868
-0.737177
2.34841
-3.22098
-0.966681
3.1184
2.15893
-0.881404
-4.49699
1.78566
4.07151
2.24396
-4.66781
-3.02217
-2.73885
0.58669
1.9142
1.82191
-5.88492
0.741854
2.8138
5.22409
-0.48738
-3.96141
-0.295841
5.43582
0.72628
0.0557656
-8.09302
2.54482
2.49763
6
-2.40245
-0.969097
-2.99942
-1.04013
3.41003
-1.08345
-3.95879
3.72792
0.492537
0.40216
-1.73615
5.66793
-7.0999
-2.27513
-2.44126
6.58845
-4.21108
0.250678
-3.23163
6.47523
12.6945
6.23723
13.3277
7.38383
22.3896
3.61849
28.066
7.49224
-2.2423
0.541025
16.0236
-1.08439
2.17619
-5.77103
8.76404
10.1504
14.5017
25.7835
-4.00389
32.3329
14.0069
16.0042
-11.7418
-4.38063
-2.74332
14.4455
-6.2841
-3.70576
0.889882
-8.02239
-1.165
0.465464
-1.67543
5.55523
-4.19839
3.5149
-4.2748
4.63802
2.81352
-2.89778
0.813287
0.17913
-7.89995
0.420773
-0.208035
-1.20755
1.92664
1.4206
-1.00678
-0.0340171
2.66513
0.545953
2.70466
4.10529
-1.81759
0.283766
0.791946
0.903859
-0.788456
-1.18331
3.33343
-4.42975
-1.18592
0.661946
2.10602
4.63804
1.69725
-0.604822
-1.42551
0.852973
1.48228
3.54036
-4.05751
-3.86364
0.797445
3.41032
0.143242
0.638466
1.10496
-0.964804
-1.63964
-4.43319
-5.17348
4.04702
-2.53548
-1.59264
-6.66131
2.44588
4.38531
1.5323
0.342851
-4.31131
-2.38872
-1.32397
-2.09067
1.03959
-0.517483
3.03258
-5.94953
0.356733
-5.81196
4.32202
0.742836
1.90294
0.10019
-4.99659
3.45073
3.9007
-7.11921
4.15642
-10.0687
5.90126
-4.60413
-6.24453
-4.73335
10.7955
-14.3248
-1.4144
-13.4057
7.72046
12.7005
-5.35767
6.76051
-7.54104
20.7454
5.28178
9.15296
7.34542
29.5308
3.73136
-2.90398
-7.96893
1.3274
-19.2891
16.615
-13.6053
3.04851
10.7553
-5.62477
17.126
5.97847
18.0194
-2.53551
1.75778
-4.86375
1.7947
-2.3433
6.06925
-2.14925
-2.049
-5.18323
4.38177
1.04939
6.53315
0.0866668
3.36302
-3.93833
-0.0506791
-1.75391
2.17705
2.1427
2.31769
-2.45742
-0.619207
-1.98705
0.702153
0.106381
-0.4898
-3.72189
-1.50128
-1.38088
1.98518
2.95054
4.68719
4.38659
0.147524
-4.32466
-3.73044
-7.66906
4.17025
3.8966
3.99419
2.13774
-2.52818
-2.83253
-1.47065
-1.96786
2.89947
0.982556
2.77833
2.17539
-3.87821
0.726111
1.3337
3.56725
4.01115
-3.01121
-1.25393
-2.98012
-4.72795
0.470339
-1.07297
2.35211
7.39735
-2.13536
-1.42015
-7.68302
-3.55227
2.19926
3.12447
3.39811
1.19949
-0.257567
1.25132
-2.1656
0.737581
-4.35975
1.26829
-1.42276
0.909372
-2.00647
0.616092
0.798126
3.83227
0.295755
-1.83308
-4.19804
-1.04873
-1.95125
3.36857
0.0893842
5.82536
-0.733583
-0.644261
-6.21415
1.11095
-2.62911
12.4093
-5.94543
-1.25808
4.30688
10.5803
25.0454
22.9305
15.0875
1.00658
-4.88595
-8.43905
22.8367
2.86973
14.7465
-10.12
2.1677
-20.2964
13.2955
2.76158
17.6838
3.54635
11.4778
15.2285
2.92192
19.335
-0.343348
2.63898
-4.59188
7.22155
3.90926
4.33848
-1.00979
1.09366
0.567297
3.547
-1.22392
1.37879
2.5845
9.09871
-0.69491
5.16017
1.46076
2.0172
0.570931
1.75743
-1.53897
-0.197752
-0.438248
-0.407447
1.1458
2.55986
-2.87011
0.727242
3.18741
2.90338
-0.636425
1.80307
-0.592837
4.41754
0.911681
-0.57818
-2.25834
2.48337
1.93001
1.72034
-2.35124
2.18021
-1.99336
2.20322
1.62819
0.0612637
-0.590793
-0.270146
2.28888
-1.54296
-3.76298
2.40955
1.45326
0.877209
0.189489
-1.18323
2.07441
-0.900527
0.356415
-2.32387
-5.18212
0.827612
-0.146631
2.42358
-2.22639
0.158653
-0.177322
3.09685
2.87279
-2.96292
0.0968642
1.50637
-0.924586
-0.216337
-3.77095
2.39074
-1.39479
2.67374
-3.87655
0.129321
1.23931
-1.91378
0.335539
-0.286646
1.73434
3.09421
-3.34613
3.02681
-2.99558
1.25835
-4.82338
-0.52965
-4.82165
3.68208
-4.89403
7.12024
5.60139
0.490865
1.93502
8.03439
6.18484
9.59487
5.69803
23.8423
20.7733
12.1002
12.7411
-0.798345
11.9608
-10.9194
4.61027
-17.4043
14.2923
11.0537
7.98171
8.97978
11.7662
1.69838
5.85542
6.29731
-3.50684
-0.697979
-1.53491
1.44775
5.95398
4.46723
0.864303
5.89332
-1.52243
1.26911
0.506233
0.439898
1.60057
1.93821
1.85178
0.729026
1.7806
-0.334512
4.63859
2.70963
-0.483366
3.45193
-1.70133
1.70893
0.100203
1.1537
-0.674074
-0.649361
3.79674
-0.760797
1.3459
2.8575
0.172917
1.34672
0.532873
1.01547
-0.0405453
1.54915
1.0287
1.3081
0.306201
1.70678
0.807339
0.269641
1.58324
1.07694
-0.418625
1.04585
1.18444
-1.61624
-0.481746
0.804066
-0.376763
0.909528
-1.01527
0.967899
1.06249
0.292575
1.29265
-0.708019
-0.259805
1.00573
2.34294
-0.480958
-1.09422
0.995598
-0.123612
1.25363
0.823081
-1.83658
-0.463632
-0.626929
-0.146405
0.191684
-1.75912
3.27676
-0.202425
2.37419
1.93652
-1.56771
0.299327
-0.863897
-0.417081
-0.322586
-1.36713
2.46922
1.34826
-1.07711
1.35468
-0.956182
-0.194687
3.40266
2.21534
-3.99669
3.3204
3.07369
-2.1824
0.0167439
-7.57155
6.47772
0.126769
2.02479
24.514
-1.29278
14.0468
8.65493
18.3062
9.28576
11.5281
-11.2022
17.5038
-16.0893
5.46015
4.90424
18.7979
6.56451
5.47514
15.0022
4.88936
12.904
-5.43043
4.04561
-0.691828
3.37512
1.41934
4.43805
0.414767
-0.185323
-0.417264
2.19117
-0.809007
4.57327
-2.75181
6.75616
-0.227168
1.37721
3.19164
-0.373517
1.38532
2.7077
-3.23051
0.526486
-0.73247
-1.24938
-0.631821
0.92894
-0.491984
1.06244
1.85469
1.0855
1.5556
1.35109
1.28538
2.07617
-1.03467
2.03216
-2.35476
0.277926
0.232128
-1.10212
0.585459
1.03684
1.09275
1.8209
-0.199532
2.12127
-0.811956
-0.200625
1.1616
-1.06922
-2.20003
0.884641
-1.40256
1.31242
-1.21501
0.381393
1.41303
-1.76889
-1.54078
-0.247859
-4.69722
1.93081
-1.72353
1.5133
-3.26498
1.60576
-0.705817
0.879954
0.639645
-0.461937
-0.417798
0.468859
-1.48358
1.34606
-5.00903
3.16286
-1.80727
2.28943
-2.779
1.02589
-2.05323
-2.47542
3.2907
-0.867015
-0.517891
4.06897
-3.16308
2.58385
-5.92748
3.30256
-4.82089
3.23805
-1.20446
-1.74708
-4.05627
9.13981
-3.55087
10.3693
1.60668
6.0181
15.6067
-1.73809
26.0785
9.21888
14.0665
5.24075
-1.43963
4.16125
8.87261
