0.019539
0.028047
0.010946
0.019103
0.030231
0.024115
0.000839
0.025858
0.020829
0.002645
0.003394
0.017199
0.019645
0.014272
0.000675
0.021862
0.032072
0.013773
0.00248
0.011238
0.026897
0.003542
0.029608
0.019203
0.023277
0.006125
0.020134
0.001401
0.009078
0.018382
0.020169
0.020736
0.027478
0.017939
0.021138
0.018721
0.031426
0.010663
0.001677
0.021575
0.006724
0.025981
0.0277
0.007961
0.028862
0.016002
0.018448
0.025095
0.000684
0.024016
0.015137
0.009507
0.013993
0.021284
0.002944
0.030259
0.000821
0.007058
0.024643
0.017668
0.010677
0.000119
0.029857
0.023041
0.008891
0.025264
0.001623
0.006915
0.008072
0.017929
0.000841
0.004715
0.017615
0.012536
0.014957
0.027759
0.0007
0.013452
0.005093
0.024241
0.011829
0.012448
0.005227
0.011798
0.016224
0.010324
0.012274
0.018133
0.022885
0.015038
0.01217
0.006862
0.032629
0.005084
0.011909
0.014878
0.006923
0.027085
0.0294
0.023024
0.014193
0.023105
0.009412
0.015765
0.005767
0.015407
0.010677
0.013784
0.000704
0.01479
0.009834
0.010891
0.000621
0.018085
0.027734
0.02519
0.020542
0.017998
0.022086
0.032018
0.015621
0.030424
0.022597
0.021376
0.024254
0.029669
0.018108
0.012927
0.012493
0.026068
0.006366
0.009102
0.002438
0.0126
0.010819
0.014318
0.00229
0.014984
0.016339
0.002556
0.025808
0.004632
0.021478
0.026814
0.013787
0.007239
0.028074
0.02502
0.010827
0.002554
0.001988
0.007441
0.016798
0.013642
0.019002
0.016321
0.030104
0.013946
0.007056
0.018509
0.029833
0.017708
0.019761
0.006533
0.020686
0.014804
0.026385
0.010142
0.018842
0.01726
0.022161
0.03162
0.004343
0.009578
0.001187
0.000113
0.013063
0.004591
0.005934
0.020415
0.000656
0.029761
0.025012
0.028411
0.011959
0.016251
0.018738
0.01337
0.026124
0.005507
0.008007
0.017584
0.010951
0.023101
0.014489
0.024958
0.015441
0.00179
0.017013
0.030412
0.014855
0.02106
0.007093
0.008472
0.025402
0.032676
0.013543
0.007373
0.006266
0.027651
0.015275
0.021528
0.000532
0.010761
0.005469
0.032503
0.032729
0.017107
0.027892
0.002451
0.017953
0.028392
0.02257
0.013519
0.019472
0.023407
0.022494
0.009505
0.02844
0.020383
0.014262
0.021409
0.028607
0.018038
0.00436
0.005471
0.011171
0.020654
0.029947
0.011514
0.014523
0.021229
0.000489
0.006766
0.017887
0.029756
0.026632
0.00747
0.025739
0.020666
0.008522
0.007283
0.00816
0.017553
0.024705
0.027091
0.001259
0.025386
0.031687
0.004629
4.2e-005
0.028317
0.022045
0.012356
0.013388
0.025452
0.003154
0.030466
0.011833
0.02776
0.026919
0.025631
0.006738
0.021267
0.025776
0.021098
0.024314
0.01632
0.013053
0.024007
0.016469
0.024216
0.009722
0.019842
0.029007
0.015463
0.02626
0.030947
0.013793
0.02863
0.018717
0.023043
0.031376
0.025314
0.016626
0.017117
0.001334
0.02062
0.014171
0.026792
0.008964
0.019154
0.018866
0.014693
0.030664
0.023775
0.013
0.012212
0.0211
0.007551
0.025476
0.006379
0.010943
0.017877
0.003789
0.000361
0.011385
0.008272
0.011434
0.015144
0.029561
0.025563
0.014504
0.012946
0.023888
0.020308
0.012157
0.00143
0.005123
0.006464
0.004074
0.004346
0.013837
0.001981
0.025318
0.026611
0.016292
0.017591
0.003832
0.027123
0.006461
0.016991
0.031461
0.02733
0.028498
0.017369
0.017291
0.0084
0.014179
0.024117
0.002317
0.019914
0.001595
0.001441
0.005936
0.021867
0.007028
0.031453
0.027909
0.013973
0.017981
0.011503
0.026569
0.006816
0.001883
0.025367
0.005385
0.028402
0.00523
0.017157
0.028681
0.015567
0.00831
0.001866
0.003687
0.013171
0.003477
0.031245
0.032764
0.006238
0.027671
0.002047
0.026115
0.004592
0.027311
0.032657
0.001405
5.3e-005
0.007171
0.02058
0.02274
0.02253
0.013675
0.02432
0.02579
0.013377
0.010998
0.016586
0.021604
0.004489
0.019631
0.029744
0.008388
0.02661
0.018718
0.026919
0.018259
0.005927
0.014609
0.028119
0.021479
0.022716
0.0063
0.021396
0.016853
0.011458
0.02083
0.024593
0.030806
0.029849
0.014854
0.024272
0.02616
0.012294
0.012054
0.026333
0.000146
0.004229
0.010471
0.010428
0.010559
0.022241
0.029421
0.022688
0.016366
0.012033
0.026685
0.00227
0.025329
0.032261
0.02286
0.002208
0.008982
0.022162
0.032506
0.006878
0.011979
0.001897
0.007887
0.006538
0.014469
0.030783
0.01754
0.022795
0.007266
0.018633
0.013509
0.024557
0.002317
0.026134
0.032053
0.018135
0.012258
0.002593
0.017843
0.021693
0.016466
0.022951
0.01814
0.011094
0.012937
0.005174
0.002512
0.006097
0.009551
0.002695
0.021817
0.023492
0.021292
0.020237
0.02753
0.000613
0.025296
0.02171
0.032389
0.005628
0.005809
0.028786
0.031744
0.01884
0.008182
0.028569
0.00612
0.027393
0.006292
0.014962
0.014214
0.012527
0.026807
0.013194
0.008705
0.014713
0.007011
0.018913
0.006693
0.019664
0.026203
0.028995
0.017762
0.014381
0.026946
0.029909
0.001048
0.021768
0.026624
0.022511
0.007954
0.004235
0.001127
0.014633
0.02824
0.001862
0.015127
0.027577
0.023817
0.00234
0.010142
0.0151
0.0284
0.006558
0.021476
0.003154
0.010935
0.01643
0.005831
0.021295
0.003537
0.015623
0.017922
0.002927
0.028029
0.030211
0.016211
0.011754
0.02688
0.012253
0.003293
0.021321
0.020785
0.026528
0.010443
0.031
0.010555
0.024671
0.00927
0.007452
0.009375
0.014631
0.01364
0.008934
0.01804
0.007986
0.028834
0.014248
0.001539
0.028765
0.012796
0.010312
0.007262
0.025052
0.030731
0.023987
0.024464
0.032557
0.014248
0.029556
0.02017
0.00545
0.027182
0.007301
0.013293
0.024099
0.023332
0.019044
0.032331
7.5e-005
0.031004
0.01905
0.015026
0.014066
0.011738
0.019801
0.019623
0.013843
0.000441
0.00338
0.019695
0.007918
0.003659
0.001363
0.012628
0.006329
0.001088
0.028854
0.008613
0.024979
0.018569
0.000666
0.007679
0.027577
0.027837
0.003402
0.023115
0.023292
0.001723
0.002872
0.029448
0.030323
0.011153
0.015948
0.024395
0.025197
0.004508
0.022908
0.017411
0.013993
0.007665
0.026781
0.003202
0.01761
0.024828
0.027256
0.027705
0.008965
0.018023
0.020769
0.011715
0.020253
0.031805
0.023684
0.029478
0.032145
0.02184
0.000833
0.019285
0.0269
0.010968
0.023994
0.016633
0.013885
0.000348
0.018281
0.018032
0.016256
0.02991
0.010872
0.008982
0.023901
0.012306
0.010635
0.01786
0.032471
0.029527
0.007137
0.008343
0.009768
0.028233
0.003995
0.029171
0.007603
0.028942
0.018011
0.007879
0.031034
0.014512
0.024593
0.00053
0.014161
0.023234
0.010258
0.021926
0.005906
0.005191
0.014443
0.006188
0.030227
0.032719
0.026484
0.005224
0.019093
0.030435
0.013224
0.028094
0.003582
0.008867
0.008627
0.022005
0.011146
0.032686
0.016589
0.02054
0.018237
0.02285
0.018759
0.009578
0.028956
0.032677
0.002403
0.028042
0.0063
0.015811
0.005225
0.021143
0.021595
0.021016
0.026615
0.028804
0.021006
0.028368
0.031641
0.030335
0.000698
0.001325
0.028313
0.028023
0.022312
0.024618
0.018457
0.018396
0.008339
0.021086
0.032094
0.007846
0.027043
0.031522
0.012911
0.01628
0.023455
0.026358
0.026847
0.02887
0.00099
0.003873
0.004327
0.003413
0.003454
0.031896
0.012472
0.02445
0.017241
0.004641
0.005646
0.023525
0.028213
0.016824
0.017929
0.008695
0.025403
0.012594
0.007993
0.026067
0.022187
0.00464
0.025079
0.010041
0.018125
0.012534
0.00486
0.023
0.004907
0.032621
0.027692
0.025293
0.005117
0.007717
0.020403
0.003943
0.017893
0.010639
0.029011
0.026925
0.024028
0.019978
0.010748
0.00285
0.022892
0.026444
0.010654
0.023623
0.024353
0.012036
0.031547
0.021346
0.000826
0.016061
0.003904
0.010238
0.017571
0.026886
0.016405
0.005299
0.022056
0.011728
0.001267
0.003751
0.002019
0.019991
0.018166
0.005717
0.025846
0.017093
0.003187
0.001421
0.022912
0.006867
0.028299
0.032444
0.029897
0.001201
0.003328
0.024942
0.007104
0.001768
0.029768
0.026641
0.016296
0.011262
0.01072
0.021244
0.027918
0.009625
0.021219
0.017584
0.018174
0.010984
0.010459
0.013149
0.017014
0.005695
0.012503
0.005032
0.013851
0.001537
0.026814
0.008363
0.004651
0.001219
0.02429
0.025917
0.021683
0.031918
0.026584
0.027252
0.003586
0.031269
0.026248
0.012137
0.002397
0.000424
0.023168
0.020027
0.028148
0.031993
0.010382
0.029271
0.027669
0.000893
0.020877
0.001014
0.019104
0.000484
0.002943
0.011495
0.026811
0.001293
0.028892
0.006798
0.00199
0.011299
0.01489
0.008493
0.029074
0.001549
0.013774
0.009314
0.020173
0.024069
0.029218
0.026865
0.016833
0.015238
0.019911
0.013252
0.006463
0.006508
0.025149
0.023088
0.012245
0.006231
0.03192
0.010106
0.019271
0.012368
0.006421
0.015258
0.004157
0.009647
0.004982
0.018238
0.024122
0.017723
0.000906
0.018706
0.010189
0.011156
0.030345
0.012351
0.006923
0.007118
0.03155
0.002097
0.011836
0.010591
0.013406
0.00451
0.025813
0.014651
0.02588
0.027844
0.024743
0.007741
0.011245
0.014578
0.004949
0.021705
0.024514
0.019785
0.009227
0.008624
0.017204
0.028356
0.023917
0.006227
0.000555
0.010102
0.014286
0.019468
0.011698
0.008979
0.021411
0.012489
0.010758
0.01349
0.030775
0.02841
0.017132
0.027089
0.027296
0.01195
0.023112
0.020122
0.012529
0.007672
0.025836
0.018277
0.005553
0.013976
0.01067
0.009085
0.032652
0.001751
0.030397
0.019751
0.029001
0.000435
0.016693
0.015072
0.017916
0.006716
0.025328
0.001511
0.032125
0.011838
0.027296
0.018939
0.011544
0.001056
0.012826
0.012902
0.026758
0.024588
0.012021
0.022586
0.014108
0.029777
0.012628
0.021979
0.026947
0.012549
0.00128
0.013245
0.025128
0.014062
0.010426
0.004719
0.010677
0.029091
0.004047
0.013785
0.023231
0.007406
0.008684
0.021954
0.016769
0.014709
0.027956
0.022421
0.015945
0.013465
0.016016
0.02186
0.016497
0.018335
0.00519
0.005677
0.028049
0.021005
0.007886
0.023388
0.018675
0.013143
0.017377
0.01013
0.028487
0.026555
0.022482
0.025253
0.015
0.027754
0.000289
0.032488
0.025215
0.012008
0.03131
0.00094
0.027799
0.002997
0.009707
0.008454
0.000304
0.008237
0.010485
0.012499
0.030792
0.029613
0.032612
0.018682
0.012983
0.015351
0.016129
0.017137
0.005033
0.0166
0.031864
0.023683
0.011857
0.008968
0.00171
0.021968
0.031708
0.002641
0.027732
0.012437
0.011684
0.032499
0.032701
0.029869
0.028583
0.029256
0.019692
0.00764
0.012087
0.015012
0.01381
0.00582
0.014835
0.001663
0.010615
0.025897
0.018677
0.002774
0.010134
0.027553
0.019533
0.028878
0.002286
0.025624
0.002734
0.018075
0.015349
0.030712
0.026984
0.030624
0.027792
0.006504
0.028822
0.004055
0.018913
0.000462
0.024473
0.020084
0.02416
0.031122
0.026053
0.019397
0.011822
0.01975
0.021337
0.013917
0.004006
0.004931
0.022197
0.027505
0.029236
0.010357
0.006599
0.02829
0.001898
0.000985
0.021447
0.001084
0.000592
0.018725
0.008996
0.029855
0.024828
0.015338
0.017342
0.014428
0.029795
0.030742
0.030037
0.005506
0.006767
0.005053
0.009793
0.028505
0.024146
0.003609
0.013924
0.019854
0.029465
0.012239
0.026206
0.024209
0.015492
0.016499
0.018175
0.031036
0.023061
0.013647
0.015618
0.025013
0.026727
0.015712
0.027896
0.021909
0.027841
0.02013
0.00909
0.009034
0.007915
0.006286
0.003523
0.020666
0.001344
0.032736
0.022037
0.005416
0.005893
0.001949
0.030971
0.010844
0.022777
0.019285
0.0262
0.01459
0.010285
0.028325
0.017118
0.025668
0.010006
0.009729
0.024008
0.014541
0.000225
0.015536
0.01198
0.000716
0.03047
0.015384
0.028747
0.020328
0.027936
0.006204
0.0107
0.007523
0.026364
0.001411
0.01604
0.00025
0.011504
0.023483
0.021766
0.016141
0.00267
0.010845
0.010506
0.009088
0.023256
0.025107
0.008266
0.005857
0.022678
0.014199
0.012674
0.014155
0.025191
0.00899
0.029832
0.030858
0.010996
0.008917
0.02829
0.003967
0.001707
0.008234
0.028246
0.011462
0.019402
0.008239
0.003426
0.019095
0.030906
0.008314
0.01035
0.004586
0.005279
0.017776
0.025822
0.006879
0.032301
0.015812
0.005676
0.003164
0.007357
0.03257
0.006038
0.024312
0.010144
0.016561
0.02818
0.0182
0.030643
0.021856
0.018061
0.002647
0.005939
0.019808
0.00929
0.017452
0.000979
0.032618
0.021419
0.024007
0.022284
0.024547
0.029977
0.015675
0.018613
0.018709
0.013371
0.028642
0.016339
0.006336
0.032621
0.021501
0.026034
0.018129
0.021358
0.001436
0.028469
0.022897
0.028504
0.004798
0.004202
0.023105
0.001238
0.015032
0.020065
0.012516
0.014481
0.015579
0.009023
0.001727
0.001771
0.031313
0.010382
0.00614
0.024816
0.028488
0.015319
0.005589
0.005513
0.018259
0.020851
0.032271
0.023283
0.004364
0.027038
0.003012
0.003184
0.021759
0.023501
0.009574
0.028733
0.005059
0.027714
0.027649
0.006595
0.028522
0.024541
0.020416
0.015377
0.001052
0.000565
0.019891
0.000138
0.01331
0.020967
0.015055
0.013787
0.027224
0.018222
0.016439
0.027441
0.006648
0.026804
0.027834
0.019368
0.031441
0.008872
0.032668
0.019974
0.019176
0.005137
0.020633
0.003241
0.005745
0.018018
0.031015
0.022974
0.019252
0.000846
0.008956
0.025524
0.006966
0.015581
0.008144
0.03224
0.029334
0.015296
0.011876
0.025027
0.001205
0.002018
0.004291
0.031641
0.013465
0.016191
0.022471
0.006259
0.0237
0.020217
0.002016
0.001943
0.014624
0.017064
0.031505
0.001157
0.031502
0.007666
0.009275
0.032046
0.017632
0.029789
0.006046
0.002145
0.006003
0.013152
0.031901
0.008326
0.029153
0.021184
0.019649
0.03035
0.010405
0.024346
0.001025
0.02897
0.014336
0.004795
0.009793
0.011323
0.005532
0.028856
0.015896
0.00321
0.017776
0.005692
0.01455
0.01529
0.013795
0.013852
0.01735
0.008315
0.010036
0.029361
0.00376
0.009984
0.008729
0.002534
0.00605
0.028082
0.016806
0.001936
0.025584
0.01079
0.021617
0.029182
0.019066
0.023116
0.006388
0.009425
0.013101
0.00561
0.00645
0.019982
0.028621
0.005193
0.027038
0.016754
0.004593
0.014895
0.02028
0.005638
0.025167
0.01742
0.004345
0.016883
0.023865
0.024696
0.030833
0.01039
0.022632
0.020189
0.017839
0.020183
0.013817
0.022129
0.006753
0.010679
0.018613
0.0106
0.008252
0.015145
0.019861
0.002151
0.028318
0.028963
0.007813
0.014907
0.029554
0.031476
0.000617
0.011211
0.025429
0.002264
0.015966
0.019531
0.029942
0.010698
0.019522
0.031155
0.027587
0.015257
0.023158
0.004464
0.013762
0.00851
0.030946
0.031065
0.00838
0.013165
0.005946
0.01354
0.027297
0.008042
0.014464
0.023194
0.012584
0.01027
0.032715
0.0322
0.001206
0.032106
0.031302
0.024696
0.008833
0.007611
0.019067
0.000415
0.006645
0.030175
0.006354
0.023448
0.024919
0.013079
0.027988
0.026321
0.007592
0.031597
0.022197
0.013509
0.008652
7.1e-005
0.000658
0.014122
0.026859
0.007997
0.010999
0.001899
0.00412
0.00132
0.032036
0.016984
0.004912
0.001915
0.023953
0.019485
0.020741
0.010199
0.011567
0.004208
0.006844
0.030169
0.029681
0.004879
0.021108
0.017207
0.005259
0.025706
0.023849
0.024075
0.028026
0.020124
0.027607
0.017774
0.002884
0.020128
0.024546
0.003145
0.020481
0.011714
0.020149
0.024168
0.013338
0.020307
0.026793
0.023504
0.001105
0.001697
0.018217
0.015955
0.016641
0.002343
0.026133
0.032097
0.000679
0.020736
0.019555
0.025633
0.001954
0.00093
0.010252
0.019904
0.020279
0.012488
0.02487
0.031754
0.026072
0.032176
0.026701
0.015415
0.018086
0.004231
0.01748
0.019975
0.03026
0.020514
0.008938
0.016657
0.01499
0.019438
0.028981
0.015447
0.005242
0.024618
0.01607
0.025631
0.024061
0.027219
0.028781
0.02099
0.012833
0.008672
0.001563
0.021302
0.000502
0.026928
0.030721
0.024898
0.031447
0.010945
0.028406
0.002222
0.008686
0.005794
0.023577
0.012844
0.018683
0.021547
0.01324
0.000485
0.016464
0.031723
0.020337
0.016653
0.027168
0.02813
0.015255
0.001466
0.004858
0.022512
0.029656
0.003318
0.013201
0.000142
0.021276
0.031506
0.032702
0.010684
0.015023
0.03027
0.026312
0.00825
0.013475
0.020311
0.02685
0.019195
0.005488
0.01152
0.026101
0.020183
0.024798
0.027892
0.018848
0.006784
0.030245
0.012187
0.014462
0.028343
0.018258
0.016859
0.008871
0.014016
0.008172
0.022832
0.024441
0.017683
0.016088
0.022015
0.013976
0.018516
0.018298
3.9e-005
0.031283
0.003205
0.019997
0.029146
0.005769
0.023675
0.000917
0.009387
0.01502
0.00603
0.017442
0.021735
0.032389
0.020373
0.00348
0.012073
0.010777
0.000786
0.008381
0.031785
0.000522
0.018345
0.020979
0.016085
0.015713
0.030935
0.019735
0.030883
0.002186
0.016096
0.020648
0.002085
0.014752
0.000521
0.00926
0.021982
0.006636
0.007688
0.019919
0.017236
0.026792
0.027065
0.019278
0.004198
0.031496
0.026386
0.021011
0.010976
0.007547
0.012121
0.023202
0.007245
0.006702
0.028564
0.031539
0.002572
0.002257
0.00237
0.02192
0.031654
0.019359
0.01108
0.007298
0.023391
0.02396
0.03051
0.029591
0.025867
0.022033
0.001675
0.012136
0.030499
0.017775
0.02579
0.014376
0.031256
0.020272
0.020703
0.005086
0.020967
0.009515
0.023542
0.023495
0.003566
0.018456
0.014186
0.008437
0.019198
0.012626
0.018364
0.001085
0.031665
0.018908
0.02034
0.00136
0.002814
0.021154
0.018012
0.019752
0.003338
0.008706
0.012525
0.03063
0.029249
0.023179
0.003079
0.008313
0.028838
0.032517
0.008421
0.014145
0.005991
0.001969
0.021839
0.024308
0.016565
0.023762
0.019473
0.023681
0.02197
0.023147
0.027053
0.022708
0.006508
0.016715
0.004429
0.031066
0.027689
0.014663
0.011771
0.005541
0.016259
0.018631
0.023572
0.002514
0.010966
0.025988
0.01817
0.028168
0.022199
0.000655
0.00385
0.013444
0.012936
0.016278
0.019406
0.029427
0.010313
0.007523
0.032371
0.023327
0.017073
0.023461
0.002173
0.009934
0.031102
0.025587
0.031417
0.031463
0.006153
0.026126
0.020595
0.001495
0.029213
0.002406
0.02737
0.023859
0.023305
0.022496
0.024833
0.024223
0.004852
0.017879
0.030519
0.006126
0.007793
0.031585
0.021465
0.031371
0.015444
0.017107
0.017271
0.024087
0.028099
0.016519
0.008596
0.005715
0.017552
0.022492
0.014753
0.008257
0.02759
0.024959
0.013357
0.010886
0.007809
0.005865
0.025686
0.032019
0.000259
0.022313
0.002435
0.001028
0.004101
0.010468
0.022869
0.000456
0.006731
0.007578
0.026074
0.011395
0.030843
0.031274
0.013316
0.015024
0.030511
0.018585
0.005722
0.008971
0.010057
0.014095
0.008174
0.005038
0.002183
0.026658
0.017295
0.025722
0.016983
0.006231
0.029503
0.002232
0.0243
0.01559
0.02148
0.017408
0.015505
0.032702
0.022858
0.009818
0.010557
0.015561
0.02412
0.005028
0.023656
0.025713
0.003332
0.023092
0.017182
0.026467
0.01132
0.007358
0.021074
0.003987
0.009094
0.004983
0.021364
0.027264
0.019714
0.026746
0.02439
0.010425
0.026255
0.013163
0.031467
0.005792
0.014231
0.022619
0.00288
0.004718
0.016128
0.019948
0.00472
0.009079
0.032091
0.003766
0.027587
0.005808
0.012126
0.014825
0.031159
0.017518
0.00322
0.010035
0.031314
0.025456
0.024147
0.029156
0.030134
0.00336
0.000751
0.016208
0.031478
0.022294
0.012589
0.017524
0.007976
0.009694
0.00409
0.020189
0.029372
0.007419
0.030301
0.021702
0.024844
0.020523
0.026539
0.020609
0.011827
0.006637
0.008186
0.027416
0.001827
0.015169
0.017623
0.014899
0.022514
0.010415
0.003644
0.005436
0.023669
0.010378
0.031676
0.017858
0.007952
0.009846
0.027137
0.005915
0.022988
0.024616
0.007288
0.002382
0.028074
0.020333
0.003915
0.011056
0.025656
0.030062
0.009616
0.024524
0.012129
0.027442
0.001984
0.004872
0.007049
0.023396
0.018026
0.008582
0.010202
0.018775
0.005416
0.030665
0.014552
0.018759
0.012755
0.011417
0.022844
0.003554
0.019443
0.006824
0.031999
0.028422
0.000121
0.015733
0.031413
0.019917
0.015793
0.021873
0.01206
0.031175
0.009074
0.005985
0.032501
0.031622
0.013208
0.027395
0.011026
0.02672
0.026291
0.031988
0.010929
0.009072
0.030977
0.010193
8e-006
0.012254
0.000922
0.030876
0.015137
0.030816
0.013803
0.02109
0.007912
0.012289
0.017253
0.029979
0.007299
0.012322
0.022902
0.027602
0.006369
0.030654
0.012729
0.009734
0.012438
0.012274
0.005226
0.016463
0.028134
0.022972
0.024348
0.016453
0.009503
0.002307
0.025518
0.018333
0.027437
0.020695
0.013179
0.000661
0.023144
0.017659
0.010961
0.021907
0.006576
0.013472
0.020645
0.003592
0.022972
0.000628
0.024196
0.006811
0.015535
0.015835
0.001229
0.003716
0.023532
0.024956
0.016158
0.029749
0.02462
0.023296
0.019724
0.01312
0.024526
0.016406
0.008983
0.003445
0.030574
0.021691
0.026588
0.030538
0.020664
0.018104
0.020877
0.020353
0.002942
0.017004
0.030623
0.014852
0.015625
0.017611
0.027842
0.008724
0.031149
0.020135
0.01359
0.010146
0.007328
0.023855
0.027804
0.031741
0.016909
0.019381
0.012779
0.029102
0.010083
0.000692
0.010532
0.017312
0.026099
0.006161
0.011047
0.022405
0.01529
0.017569
0.029959
0.032628
0.022139
0.021228
0.02758
0.032471
0.021778
0.02744
0.018456
0.022148
0.029444
0.024745
0.016125
0.00721
0.004698
0.025616
0.03118
0.024815
0.006064
0.016226
0.029472
0.027479
0.019593
0.032482
0.003005
0.018536
0.015333
0.011105
0.027587
0.030732
0.015638
0.031165
0.001064
0.014518
0.008399
0.005032
0.017508
0.013896
0.013438
0.023978
0.022638
0.008245
0.004059
0.024169
0.000744
0.027362
0.024769
0.011049
0.026518
0.016467
0.010558
0.032143
0.023061
0.025603
0.00919
0.022186
0.001226
0.003603
0.017004
0.0213
0.031768
0.000423
0.031347
0.005396
0.004566
0.02523
0.021665
0.026152
0.032
0.003617
0.029173
0.030786
0.010668
0.031597
0.031579
0.026224
0.017728
0.02626
0.012158
0.023425
0.023267
0.019312
0.000734
0.000452
0.005169
0.029562
0.00157
0.008211
0.029235
0.00689
0.001711
0.002064
0.00475
0.02896
0.007545
0.014767
0.021754
0.030787
0.008217
0.024565
0.029942
0.002088
0.010273
0.002815
0.027579
0.030837
0.009388
0.019269
0.011886
0.01383
0.010809
0.00464
0.007321
0.018319
0.029881
0.031626
0.01302
0.001411
0.020454
0.025893
0.021984
0.002357
0.022999
0.030336
0.018829
0.00595
0.021457
0.032405
0.010365
0.002334
0.030049
0.019094
0.028592
0.03127
0.030119
0.023017
0.029313
0.015253
0.016117
0.004977
0.01916
0.021505
0.000153
0.024591
0.006562
0.003576
0.004854
0.020072
0.011134
0.023016
0.02505
0.009193
0.021945
0.001852
0.020747
0.032521
0.008061
0.006344
0.020259
0.028366
0.002885
0.014439
0.002718
0.009107
0.005268
0.003554
0.03205
0.007432
0.013799
0.03202
0.016735
0.031098
0.002792
0.003916
0.026182
0.019029
0.025316
0.003059
0.013758
0.004583
0.022399
0.001135
0.008357
0.02007
0.015271
0.022342
0.01778
0.013877
0.030406
0.028295
0.017686
0.002403
0.008252
0.015718
0.023035
0.007285
0.028428
0.016678
0.02596
0.000101
0.020949
0.002364
0.026385
0.027626
0.017157
0.002737
0.004841
0.018938
0.011593
0.017096
0.031033
0.004493
0.029768
0.027873
0.029935
0.019109
0.030096
0.020381
0.021561
0.025739
0.005584
0.025923
0.028499
0.016731
0.011849
0.025442
0.008606
0.00685
0.028287
0.02604
0.022769
0.009223
0.001588
0.016467
0.012083
0.0034
0.011158
0.015606
0.016938
0.019463
0.02092
0.018366
0.015758
0.019685
0.009023
0.020229
0.019298
0.029356
0.00547
0.023175
0.024196
0.001683
0.009988
0.007619
0.002946
0.03219
0.008275
0.002469
0.025519
0.014341
0.026197
0.008545
0.001654
0.007158
0.014058
0.005794
0.023791
0.013341
0.024837
0.0289
0.013232
0.012675
0.019736
0.017438
0.009958
0.03058
0.027085
0.015013
0.005284
0.005253
0.020727
0.030285
0.002426
0.01967
0.014536
0.003281
0.02337
0.006549
0.001348
0.009077
0.026199
0.016835
0.003573
0.028137
0.008351
0.028731
0.027617
0.005233
0.030571
0.027376
0.025529
0.017731
0.011044
0.020342
0.016467
0.03
0.007528
0.030916
0.012634
0.004999
0.017757
0.02924
0.000581
0.013623
0.015941
0.007131
0.015749
0.031539
0.009299
0.025575
0.004099
0.014363
0.013245
0.014726
0.000201
0.006424
0.024083
0.007389
0.020735
0.022024
0.018895
0.028745
0.00617
0.011483
0.028717
0.028392
0.028752
0.011324
0.019773
0.02774
0.018255
0.004468
0.02207
0.016843
0.01003
0.015756
0.010765
0.003114
0.00298
0.001458
0.012358
0.008124
0.006008
0.025311
0.006667
0.021717
0.015928
0.01759
0.031099
0.00458
0.01387
0.00299
0.025412
0.014
0.018064
0.028275
0.020084
0.019682
0.017911
0.020106
0.009868
0.008644
0.023826
0.016436
0.017366
0.011592
0.024988
0.018838
0.015865
