0.022685
0.009711
0.025066
0.007254
0.021354
0.009942
0.032643
0.0015
0.02615
0.015866
0.005209
0.024534
0.006398
0.0175
0.000182
0.001916
0.006685
0.007693
0.003253
0.001924
0.024621
0.025248
0.016111
0.009275
0.022043
0.027103
0.001623
0.028116
0.029723
0.004285
0.015203
0.019712
0.027117
0.019084
0.015469
0.015807
0.015966
0.021104
0.010584
0.011381
0.002065
0.004372
0.00063
0.01056
0.009087
0.002715
0.011945
0.025993
0.002621
0.026842
0.011465
0.012249
0.012158
0.030148
0.029766
0.02507
0.001496
0.006693
0.018703
0.029967
0.004683
0.01346
0.001714
0.012444
0.012415
0.023714
0.009924
0.009961
0.027725
0.0262
0.001667
0.029772
0.005249
0.014817
0.012218
0.029813
0.027358
0.021379
0.010469
0.025086
0.005475
0.032724
0.004246
0.005187
0.013517
0.010282
0.002071
0.02034
0.017501
0.017235
0.012625
0.023273
0.009947
0.016006
0.017388
0.020917
0.001243
0.029338
0.032184
0.024957
0.024639
0.031094
0.02926
0.027531
0.000253
0.030665
0.032237
0.01539
0.007971
0.012027
0.024497
0.01946
0.028184
0.027491
0.016099
0.016491
0.02794
0.00889
0.008106
0.007413
0.008498
0.022223
0.00279
0.023562
0.007125
0.004221
0.027995
0.024946
0.029578
0.001754
0.029201
0.031523
0.004413
0.018098
0.023546
0.025687
0.030478
0.028212
0.008918
0.032482
0.025684
0.020714
0.022356
0.014019
0.031458
0.006127
0.00473
0.017401
0.018826
0.012892
0.029766
0.016024
0.024544
0.010755
0.030102
0.014619
0.020288
0.012384
0.004421
0.021756
0.015635
0.030668
0.002199
0.00141
0.027213
0.011508
0.018135
0.029915
0.021562
0.009354
0.010302
0.016234
0.021115
0.00441
0.010263
0.031074
0.022092
0.021984
0.014881
0.012948
0.01204
0.018424
0.021301
0.027781
0.030702
0.030293
0.025896
0.01402
0.004901
0.018455
0.020979
0.025978
0.022014
0.002007
0.006673
0.005699
0.019066
0.012068
0.018985
0.030524
0.010764
0.001587
0.027629
0.001118
0.030111
0.027602
0.032322
0.012042
0.020187
0.022942
0.014497
0.009188
0.030372
0.030838
0.007613
0.008933
0.005348
0.022831
0.00855
0.007596
0.011659
0.009609
0.026029
0.004117
0.026324
0.023906
0.021321
0.018189
0.001225
0.029738
0.004409
0.002469
0.015881
0.025239
0.008107
0.022629
0.019913
0.000154
0.006685
0.01405
0.026393
0.015249
0.025794
0.013202
0.028008
0.031934
0.018727
0.008672
0.005707
0.021496
0.017942
0.014972
0.02265
0.015008
0.005819
0.005621
0.019483
0.000727
0.013573
0.013705
0.024644
0.018158
0.023375
0.003644
0.002491
0.027934
0.018752
0.018983
0.020224
0.004986
0.020463
0.013331
0.021901
0.030753
0.026955
0.000326
0.021596
0.012728
0.024251
0.028061
0.00401
0.01948
0.017153
0.024027
0.016891
0.007491
0.017252
0.031809
0.005726
0.026269
0.005134
0.000863
0.00613
0.005721
0.031667
0.011049
0.015017
0.015665
0.017011
0.027725
0.024908
0.003162
0.00205
0.003524
0.001215
0.028599
0.01767
0.012455
0.024711
0.006221
0.03168
0.020037
0.018569
0.002807
0.023535
0.023666
0.003092
0.001882
0.024049
0.003106
0.002594
0.023324
0.006444
0.02207
0.023259
0.030033
0.022956
0.019093
0.012891
0.020022
0.014605
0.021887
0.024757
0.030498
0.016028
0.028446
0.00492
0.026297
0.019129
0.026974
0.015089
0.021859
0.020864
0.020479
0.015472
0.015869
0.010408
0.003817
0.019663
0.022222
0.027818
0.021183
0.008177
0.00582
0.016678
0.022454
0.019464
0.006847
0.028803
0.006824
0.001626
0.032663
0.011991
0.008292
0.007492
0.000954
0.00103
0.018249
0.021375
0.001425
0.008493
0.022291
0.000162
0.012771
0.009537
0.01714
0.006888
0.030354
0.005363
0.020967
0.003636
0.003461
0.002519
0.008513
0.001106
0.013285
0.02375
0.013704
0.00064
0.024972
0.020353
0.003465
4.5e-005
0.005306
0.031126
0.027557
0.023296
0.001546
0.03188
0.018796
0.019484
0.022693
0.017194
0.010605
0.017059
0.006838
0.020556
0.015179
0.018296
0.010782
0.024729
0.001556
0.020042
0.02084
0.025536
0.003279
0.006094
0.012543
0.004306
0.008532
0.002379
0.01859
0.006635
0.022881
0.007516
0.013577
0.017173
0.023017
0.020978
0.030203
0.024681
0.027823
0.014232
0.020575
0.032632
0.00514
0.001531
0.008386
0.016361
0.004397
0.022953
0.012809
0.008035
0.004121
0.032537
0.027743
0.015533
0.028306
0.028396
0.028786
0.022035
0.020673
0.024434
0.029407
0.001804
0.030807
0.003952
0.027626
0.002331
0.004569
0.011808
0.028531
0.031731
0.027707
0.001146
0.016678
0.030942
0.020145
0.01733
0.030961
0.030047
0.02477
0.007426
0.019387
0.014614
0.022686
0.001705
0.019539
0.027365
0.025521
0.021044
0.014502
0.031057
0.03212
0.030716
0.010038
0.025131
0.010388
0.015344
0.010439
0.007535
0.015901
0.003988
0.012891
0.01214
0.018232
0.021834
0.025441
0.009765
0.005356
0.026833
0.031786
0.001528
0.002609
0.004363
0.0063
0.027005
0.01953
0.016131
0.00081
0.022705
0.019797
0.015918
0.013316
0.006996
0.025889
0.014833
0.020618
0.002703
0.027711
0.01546
0.016135
0.00969
0.00342
0.002646
0.00886
0.028445
0.01659
0.000145
0.02137
0.021013
0.009836
0.02211
0.010068
0.006906
0.012707
0.026956
0.007701
0.016479
0.023494
0.030254
0.018126
0.001113
0.020646
0.025443
0.028914
0.012515
0.018787
9e-005
0.032197
0.029569
0.002433
0.024148
0.02613
0.007204
0.012862
0.009836
0.01846
0.01723
0.024611
0.004309
0.004568
0.00703
0.018138
0.024932
0.007001
0.029102
0.016191
0.003406
0.017804
0.008579
0.031673
0.02821
0.028965
3.7e-005
0.022219
0.009818
0.025049
0.000712
0.028646
0.006718
0.025038
0.009289
0.00269
0.009033
0.014672
0.019989
0.025453
0.024544
0.020165
0.018503
0.02877
0.017569
0.000739
0.029968
0.015837
0.021224
0.007456
0.023388
0.024366
0.006296
0.023658
0.017586
0.00942
0.023832
2.5e-005
0.029276
0.003309
0.008091
0.023842
0.011721
0.008787
0.019109
0.021389
0.014383
0.015721
0.016587
0.014377
0.023924
0.023438
0.009914
0.001662
0.011855
0.000177
0.003706
0.028419
0.009643
0.022302
0.026612
0.005521
0.015692
0.000407
0.023218
0.005144
0.013748
0.021415
0.027879
0.005521
0.005448
0.025651
0.007087
0.007475
0.008879
0.011858
0.018583
0.019946
0.024187
0.013407
0.008288
0.017925
0.016395
0.02286
0.02432
0.02539
0.014767
0.025656
0.005354
0.000672
0.018446
0.025156
0.020879
0.0045
0.004293
0.023203
0.022309
0.000508
0.021585
0.002289
0.015271
0.03058
0.014127
0.00455
0.006941
0.016502
0.009793
0.025994
0.016157
0.028621
0.023156
0.017803
0.024466
0.010828
0.016288
0.008012
0.024764
0.031935
0.017072
0.012833
0.01292
0.020002
0.019202
0.013048
0.013506
0.016913
0.025361
0.02521
0.017784
0.008064
0.021585
0.018771
0.023392
0.004012
0.014938
0.003789
0.021101
0.018769
0.020809
0.007588
0.019774
0.031774
0.000867
0.002838
0.020456
0.004198
0.031228
0.029753
0.030709
0.003864
0.01372
0.017809
0.030125
0.017905
0.029007
0.008418
0.0109
0.031728
0.021878
0.021827
0.004403
0.018955
0.015739
0.00754
0.021019
0.02768
0.005393
0.006257
0.010792
0.007726
0.004237
0.012359
0.001539
0.022981
0.017552
0.025383
0.030442
0.001979
0.024807
0.008889
0.02578
0.031265
0.004783
0.015794
0.008463
0.017013
0.020925
0.001961
0.016397
0.014361
0.007485
0.013095
0.023007
0.017156
0.027544
0.004605
0.006624
0.016056
0.020892
0.01225
0.016085
0.00242
0.009431
0.031516
0.028786
0.005034
0.007491
0.028647
0.003617
0.000947
0.014889
0.031092
0.023296
0.016834
0.028223
0.032172
0.011048
2.3e-005
0.022291
0.018166
0.030261
0.004981
0.000941
0.016461
0.029443
0.012245
0.003696
0.014229
0.008373
0.0239
0.00365
0.006703
0.024828
0.014731
0.008941
0.024523
0.001942
0.02271
0.008388
0.006013
0.000788
0.023479
0.008073
0.01922
0.000737
0.003555
0.028814
0.011431
0.016
0.007997
0.016411
0.017008
0.016917
0.020202
0.026128
0.001245
0.025639
0.006629
0.010699
0.008933
0.018596
0.016884
0.032076
0.024729
0.005413
0.016603
0.029591
0.017403
0.014964
0.031695
0.030298
0.001042
0.03054
0.019245
0.032464
0.028222
0.030815
0.01086
0.021989
0.01377
0.014749
0.009297
0.008091
0.025024
0.003252
0.020321
0.01374
0.019713
0.026835
0.028316
0.005489
0.027796
0.026548
0.002664
0.025858
0.020543
0.005081
0.00558
0.021407
0.004436
0.02767
0.029662
0.022863
0.009166
0.016463
0.029055
0.006598
0.015772
0.019331
0.001861
0.0283
0.018493
0.012041
0.030649
0.023644
0.004237
0.013082
0.007619
0.030667
0.010463
0.028816
0.03261
0.032042
0.012619
0.018413
0.03088
0.008108
0.031306
0.018847
0.004806
0.021452
0.013696
0.029571
0.0235
0.006377
0.010456
0.026535
0.021011
0.001587
0.006102
8.4e-005
0.014423
0.007883
0.022313
0.025932
0.026079
0.012582
0.016
0.001616
0.026358
0.017843
0.027807
0.007909
0.000415
0.024765
0.00453
0.010072
0.029317
0.007058
0.013281
0.022272
0.030257
0.022757
0.00874
0.007107
0.029311
0.006257
0.002393
0.010971
0.021587
0.011743
0.024468
0.003802
0.030088
0.024298
0.006582
0.022252
0.007977
0.011457
0.024385
0.019293
0.031716
0.019628
0.012394
0.019291
0.003771
0.005107
0.012912
0.014332
0.000509
0.023292
0.005677
0.004227
0.025205
0.007091
0.019691
0.009183
0.006881
0.02027
0.032632
0.031604
0.017318
0.020114
0.031613
0.025374
0.006849
0.015152
0.002827
0.012915
0.014337
0.012788
0.027255
0.015177
0.020851
0.019968
0.020584
0.000377
0.009246
0.01602
0.015406
0.008162
0.021745
0.029745
0.032341
0.032432
0.024058
0.010494
0.012154
0.016094
0.023513
0.018538
0.002398
0.032505
0.020339
0.031251
0.022073
0.023847
0.010219
0.021479
0.027217
0.023145
0.010446
0.0306
0.023498
0.000797
0.000141
0.007925
0.02784
0.000199
0.009009
0.023656
0.023443
0.030992
0.01569
0.004474
0.003458
0.024079
0.021288
0.024973
0.0183
0.005064
0.024654
0.009067
0.02693
0.003826
0.002852
0.005675
0.024177
0.020734
0.01662
0.023893
0.015023
0.02594
0.019959
0.002118
0.013028
0.017376
0.017945
0.010453
0.027035
0.015565
0.020826
0.01567
0.016712
0.02088
0.012526
0.028959
0.01046
0.007977
0.0042
0.031274
0.005783
0.015781
0.030506
0.004987
0.009501
0.014568
0.028192
0.023714
0.001741
0.001705
0.011694
0.00813
0.01723
0.007614
0.026598
0.017139
0.029546
0.004762
0.000767
0.026854
0.028448
0.023828
0.02253
0.001224
0.008692
0.011114
0.018887
0.02596
0.031114
0.026245
0.018464
0.031643
0.008819
0.019326
0.004948
0.024544
0.001863
0.01597
0.021455
0.02336
0.017908
0.014898
0.023063
0.030584
0.003925
0.000558
0.006914
0.02313
0.009479
0.030803
0.015399
0.028785
0.027
0.015651
0.017554
0.01098
0.013888
0.031908
0.017852
0.02166
0.027829
0.003243
0.004282
0.017065
0.029881
0.016474
0.01938
0.02557
0.007639
0.005352
0.031641
0.029644
0.005775
0.007072
0.022033
0.021694
0.028141
0.017709
0.028595
0.021826
0.021345
0.029204
0.006777
0.025789
0.00225
0.027778
0.00216
0.031571
0.01506
0.012104
0.001716
0.014597
0.013188
0.007716
0.025756
2.8e-005
0.006929
0.00493
0.023346
0.003787
0.015094
0.026114
0.002278
0.023568
0.030533
0.02022
0.021891
0.015323
0.029246
0.019778
0.021089
0.003698
0.003616
0.0289
0.027357
0.032532
0.016703
0.011962
0.030982
0.005596
0.028759
0.008541
0.004761
0.008425
0.017184
0.023415
0.008752
0.014524
0.010018
0.012093
0.008374
0.025569
0.029899
0.003897
0.000798
0.007634
0.027327
0.027725
0.012372
0.017688
0.029551
0.013557
0.00498
0.013491
0.026861
0.022988
0.007739
0.00326
0.019199
0.03157
0.020411
0.028233
0.007026
0.009452
0.004946
0.011921
0.02168
0.014636
0.003036
0.017745
0.011925
0.029523
0.007976
0.031342
0.009599
0.008724
0.021929
0.005851
0.030628
0.032667
0.025198
0.007357
0.003241
0.01915
0.026452
0.019149
0.0316
0.001491
0.018811
0.028414
0.008753
0.03221
0.010742
0.019553
0.001228
0.032764
0.022215
0.006213
0.025949
0.024524
0.018442
0.021154
0.019217
0.01294
0.032112
0.032184
0.027449
0.025628
0.020463
0.030963
0.010397
0.002287
0.003
0.000786
0.007443
0.004438
0.026218
0.01012
0.024912
0.016897
0.009605
0.006946
0.001789
0.00557
0.002337
0.019435
0.03099
0.027797
0.020192
0.010317
0.013903
0.01123
0.024865
0.024952
0.006719
0.013297
0.001654
0.011528
0.010274
0.020183
0.009561
0.018913
0.003154
0.031824
0.028698
0.01955
0.01839
0.016148
0.003356
0.030124
0.014901
0.020318
0.003905
0.006768
0.03214
0.022187
0.021155
0.023728
0.018655
0.006335
0.004485
0.0156
0.019629
0.011754
0.017801
0.018075
0.015815
0.012937
0.010531
0.023461
0.00061
0.004047
0.027981
0.025455
0.013674
0.016838
0.030588
0.024811
0.029721
0.016016
0.015315
0.013312
0.010697
0.025331
0.001943
0.002608
0.019974
0.002069
0.020452
0.017016
0.018664
0.009859
0.022686
0.018551
0.029087
0.010872
0.018345
0.010963
0.023376
0.023901
0.030813
0.028889
0.025632
0.002188
0.009012
0.029539
0.01499
0.013657
0.011718
0.015615
0.019717
0.011859
0.014072
0.013645
0.022449
0.009671
0.013168
0.007081
0.001171
0.009606
0.011852
0.005386
0.020944
0.01124
0.000531
0.020778
0.012879
0.006673
0.007659
0.002792
0.007298
0.022387
0.011021
0.026602
0.03162
0.020116
0.009847
0.031622
0.013925
0.010002
0.01712
0.028899
0.016834
0.024804
0.009969
0.008283
0.028568
0.013538
0.023474
0.005156
0.029017
0.0242
0.032579
0.016432
0.016448
0.013047
0.004044
0.029009
0.024546
0.010556
0.02527
0.014241
0.012039
0.014293
0.007196
0.020513
0.015031
0.011121
0.014972
0.020896
0.018328
0.023288
0.002739
0.008415
0.001399
0.023755
0.006184
0.028658
0.008484
0.008525
0.027975
0.019689
0.010371
0.005794
0.014385
0.000944
0.02992
0.014775
0.010161
0.022324
0.003971
0.014466
0.005235
0.021959
0.01754
0.002443
0.019056
0.019654
0.022497
0.007339
0.001709
0.008057
0.004302
0.002323
0.032037
0.001338
0.003916
0.023697
0.031491
0.029402
0.008189
0.028687
0.030997
0.01312
0.000567
0.025949
0.012926
0.029523
0.021591
0.012848
0.005035
0.017691
0.006744
0.023658
0.005512
0.024098
0.004772
0.019355
0.022771
0.005409
0.019753
0.021448
0.005745
0.025304
0.014512
0.023916
0.013855
0.027198
0.006762
0.020157
0.009196
0.019418
0.009164
0.006704
0.013318
0.018545
0.006813
0.005695
0.011154
0.030433
0.018254
0.000618
0.0168
0.004429
0.007561
0.023932
0.011358
0.007546
0.02126
0.028943
0.003723
0.029817
0.022712
0.013906
0.022831
0.028039
0.027109
0.03073
0.03009
0.012337
0.009721
0.021975
0.019274
0.029116
0.026681
0.003257
0.030465
0.008643
0.020959
0.01045
0.017621
0.018978
0.014956
0.001134
0.017274
0.009747
0.031295
0.0144
0.000861
0.013463
0.017255
0.024814
0.02205
0.018968
0.031926
0.024017
0.008785
0.025932
0.02127
0.027894
0.008012
0.019292
0.029984
0.018536
0.003461
0.012102
0.011499
0.010417
0.016109
0.026752
0.01949
0.020638
0.000944
0.031966
0.00777
0.001603
0.020255
0.000437
0.021922
0.007487
0.010477
0.006209
0.009563
0.030273
0.016031
0.002372
0.032586
0.006091
0.010558
0.017392
0.009963
0.017462
0.015183
0.017415
0.003848
0.012535
0.027397
0.009025
0.013707
0.017184
0.011444
0.023022
0.029073
0.029994
0.020873
0.029404
0.026559
0.018929
0.015993
0.013947
0.006361
0.028928
0.003959
0.004415
0.016016
1.5e-005
0.031466
0.014662
0.027292
0.026058
0.002398
0.022331
0.007179
0.031188
0.030073
0.013946
0.016089
0.01998
0.018481
0.0165
0.01888
0.009487
0.001341
0.018261
0.028241
0.012798
0.031689
0.025573
0.003908
0.001409
0.00395
0.027308
0.028941
0.019467
0.003425
0.01545
0.022704
0.016736
0.025067
0.030054
0.003285
0.032085
0.016921
0.016628
0.027935
0.032215
0.007604
0.021244
0.00505
0.004655
0.028019
0.019881
0.013619
0.002948
0.012656
0.005631
0.012941
0.022178
0.013273
0.023489
0.004497
0.025338
0.025576
0.022674
0.020325
0.031465
0.023829
0.00265
0.016736
0.028989
0.028298
0.027883
0.030749
0.018421
0.014039
0.030437
0.022734
0.013384
0.010215
0.024022
0.024787
0.009193
0.001842
0.026022
0.018316
0.010122
0.015925
0.016179
0.029291
0.026271
0.003871
0.014904
0.028493
0.0001
0.000462
0.020083
0.02689
0.032289
0.007417
0.016391
0.019018
0.01502
0.016303
0.025375
0.000667
0.025392
0.012032
0.017108
0.008641
0.029998
0.011258
0.012113
0.015693
0.024001
0.009687
0.030516
0.021618
0.007718
0.023668
0.020536
0.009747
0.006523
0.001797
0.013073
0.011552
0.028615
0.021256
0.011928
0.014115
0.002619
0.020343
0.030248
0.01871
0.015544
0.00621
0.012104
0.01804
0.008337
0.022012
0.017034
0.003744
0.003217
0.026068
0.013235
0.001104
0.020032
0.015816
0.017691
0.013197
0.002146
0.024853
0.027223
0.002478
0.023233
0.030962
0.01999
0.021428
0.014124
0.025981
0.028489
0.030425
0.001984
0.023286
0.006535
0.005996
0.002662
0.024363
0.015535
0.008667
0.001437
0.015155
0.026575
0.027154
0.01497
0.013663
0.02746
0.021763
0.014316
0.010094
0.026147
0.016518
0.029509
0.017664
0.017112
0.007524
0.018934
0.009806
0.026381
0.02859
0.020634
0.027415
0.006862
0.01058
0.004919
0.002526
0.02737
0.00485
0.010944
0.008018
0.002716
0.014061
0.019422
0.021006
0.030826
0.000703
0.013039
0.00781
0.027214
0.004751
0.004432
0.007985
0.017684
0.023301
0.024535
0.009502
0.008963
0.009564
0.015012
0.01344
0.011711
0.004537
0.010778
0.014781
0.020334
0.005051
0.03204
0.00271
0.032538
0.007507
0.006349
0.001951
0.01135
0.027606
0.024795
0.029171
0.003621
0.011088
0.007675
0.018725
0.022807
0.025628
0.001265
0.017786
0.008373
0.026289
0.017185
0.016981
0.026655
0.010687
0.013394
0.011506
0.009716
0.020091
0.009651
0.019287
0.016242
0.016182
0.018971
0.028552
0.016095
0.007221
0.017301
0.027387
0.018727
0.027325
0.02614
0.022091
0.00583
0.014957
0.006051
0.000304
0.029672
0.013521
0.029017
0.007855
0.003023
0.019251
0.001578
0.000398
0.000886
0.030388
0.029321
0.032011
0.0101
0.016028
0.006509
0.015822
0.012578
0.030959
0.012953
0.012059
0.026368
0.031041
0.003617
0.01646
0.007253
0.00865
0.012586
0.007807
0.021526
0.002749
0.012273
0.013964
0.002825
0.01327
0.026895
0.004922
0.027946
0.029746
0.001531
0.02757
0.03131
0.007268
0.025808
0.030259
0.02407
0.032453
0.020304
0.021256
0.032454
0.021003
0.009001
0.009143
0.002119
0.008734
0.020344
0.008828
0.029993
0.017191
0.01934
0.019957
0.023517
0.031465
0.027372
0.032031
0.000706
0.021588
0.012955
0.028545
0.032654
0.020823
0.005018
0.011687
0.026096
0.028407
0.011951
0.019922
0.018804
0.01219
0.001381
0.02891
0.005798
0.008117
0.015444
0.003012
0.001914
0.002164
0.021154
0.020593
0.014059
0.017657
0.029386
0.019479
0.006115
0.028056
0.01654
0.003282
0.021339
0.019827
0.018566
0.025582
0.020931
0.02209
0.029713
0.006231
0.029604
0.001684
0.010158
0.007504
0.015748
0.030158
0.028083
0.008552
0.031498
0.031507
0.021153
0.002474
0.007522
0.008685
0.022184
0.011541
0.022755
0.024939
0.006253
0.025676
0.017903
0.018803
0.007434
0.016782
0.002331
0.006746
0.02287
0.001255
0.018064
0.03141
0.02468
0.00836
0.025778
0.016227
0.023382
0.02511
0.025087
0.03123
0.011842
0.004703
0.016953
0.016717
0.028312
0.00917
0.022215
0.026671
0.003729
0.016206
0.026201
0.005794
0.025084
0.017915
0.030667
0.03101
0.024637
0.006969
0.017484
0.031282
0.018326
0.019158
0.005311
0.014904
0.001445
0.024452
0.003681
0.014733
0.00235
0.032138
0.012972
0.026837
0.024859
0.005561
0.005756
0.005004
0.019649
0.01757
0.005233
0.022754
0.008549
0.012806
0.032404
0.009929
0.010495
0.001166
0.004925
0.027468
0.024125
0.015804
0.014644
0.028706
0.010699
0.004642
0.018198
0.005251
0.001234
0.004562
0.023034
0.022842
0.009407
0.013589
0.032597
0.029436
0.005189
0.008544
0.013851
0.022264
0.023973
0.014979
0.002855
0.030127
0.010797
0.02154
0.021725
0.00615
0.031486
0.005996
0.021006
0.004761
0.024339
0.028928
0.012315
0.017235
0.019071
0.006963
0.015454
0.003388
0.02943
0.006266
0.017605
0.018065
0.021903
0.012832
0.027584
0.019738
0.018888
0.020282
0.029534
0.013496
0.017867
0.014302
0.017331
0.01747
0.01432
0.006288
0.012412
0.013441
0.00653
0.023037
0.016902
0.026035
0.007878
0.008428
0.001355
0.032492
0.010297
0.002673
0.010078
0.011274
0.02281
0.030819
0.024586
0.028091
0.030504
0.000529
0.028598
0.012248
0.030637
0.023857
0.013452
0.006645
0.023995
0.021273
0.006875
0.020022
0.019894
0.005682
0.027833
0.00266
0.03125
0.002985
0.017644
0.024383
0.019806
0.023911
0.010507
0.029206
0.030082
0.026692
0.003808
0.031894
0.013381
0.023159
0.020753
0.03248
0.006418
0.005713
0.022271
0.022494
0.002043
0.011564
0.029679
0.014294
0.012798
0.001694
0.016744
0.008511
0.025223
0.002034
0.030939
0.027604
0.017975
0.02044
0.004234
0.032232
0.003812
0.023131
0.008098
0.012281
0.006369
0.008468
0.019882
0.003719
0.030079
0.002973
0.020769
0.028198
0.032467
0.017481
0.016739
0.001491
0.022714
0.017682
0.016333
0.0009
0.000795
0.012499
0.015393
0.020227
0.02494
0.01964
0.022572
0.028411
0.023416
0.011762
0.011942
0.017491
0.031583
0.028591
0.000345
0.004028
0.011486
0.001353
0.004742
0.030086
0.000464
0.031933
0.011652
0.029624
0.008181
0.01776
0.008874
0.032351
0.015347
0.020173
0.014959
0.013862
0.017818
0.005154
0.025552
0.027943
0.010604
0.026476
0.00869
0.028161
0.019293
0.004447
0.032009
0.014635
0.007895
0.006475
0.031352
0.0114
1e-006
0.018763
0.024634
0.018747
0.012865
0.017088
0.018304
0.003004
0.01024
0.014077
0.017051
0.002603
0.030637
0.006212
0.006685
0.019685
0.008708
0.022258
0.025915
0.005462
0.003472
0.032502
0.000374
0.001806
0.023406
0.018823
0.011643
0.02639
0.031061
0.030487
0.019271
0.025988
0.005331
0.00141
0.00347
0.009549
0.021465
0.005772
0.005214
0.030299
0.03033
0.006794
0.015616
0.030175
0.017904
0.004959
0.010527
0.002281
0.02992
0.000938
0.016683
0.02591
0.021727
0.024126
0.013824
0.00724
0.001332
0.002515
0.017859
0.02374
0.032479
0.019707
0.018445
0.024025
0.008667
0.013911
0.01774
0.010597
0.010145
0.02177
0.007526
0.014268
0.007917
0.02187
0.000415
0.004643
0.0217
0.022022
0.017852
0.028505
0.02015
0.002228
0.01956
0.032367
0.014945
0.02974
0.004824
0.021466
0.030262
0.027049
0.008107
0.011463
0.006016
0.000735
0.022804
0.031918
0.004513
0.015408
0.001594
0.031018
0.025247
0.032546
0.032735
0.006152
0.026848
0.012561
0.021568
0.013213
0.01797
0.006689
0.025149
0.018781
0.029711
0.014455
0.012218
0.001706
0.027934
0.021417
0.032581
0.006122
0.004092
0.025714
0.026873
0.028124
0.007997
0.009387
0.031394
0.027948
0.000686
0.023414
0.008994
0.015429
0.011741
0.014781
0.027923
0.009062
0.020444
0.023259
0.019629
0.013048
0.012353
0.015768
0.001258
0.009247
0.023921
0.018779
0.026601
0.010127
0.004127
0.013211
0.030352
0.005793
0.026639
0.022935
0.009078
0.015013
0.026144
0.025159
0.015616
0.007802
0.018313
0.015506
0.017098
0.007773
0.009827
0.019905
0.010824
0.010751
0.000872
0.025652
0.022189
0.027866
0.007418
0.016979
0.018443
0.020676
0.014183
0.02196
0.017852
0.003781
0.014955
0.028396
0.00205
0.016934
0.018422
0.003198
0.00945
0.012746
0.012336
0.003995
0.017526
0.017346
0.026298
0.027626
0.02457
0.020251
0.023863
0.010264
0.004295
0.016378
0.02638
0.017028
0.012807
0.016876
0.002659
0.020027
0.023016
0.025719
0.025206
0.02359
0.028157
0.028149
0.030474
0.001154
0.022241
0.020642
0.011577
0.009361
0.005917
0.030195
0.013685
0.009359
0.018763
0.021545
0.006858
0.023016
0.018812
0.000551
0.022371
0.022952
0.003544
0.015744
0.004688
0.020275
0.029316
0.005845
0.027271
0.011062
0.031945
0.01443
0.02948
0.016093
0.022898
0.03143
0.017669
0.005959
0.006773
0.01542
0.018785
0.011575
0.030678
0.011719
0.008696
0.015628
0.006089
0.002777
0.021056
0.023283
0.008727
0.028456
0.003567
0.005979
0.008898
0.016057
0.020669
0.018345
0.032748
0.021565
0.009067
0.018221
0.001781
0.027041
0.012804
0.017493
0.021732
0.028385
0.005987
0.028193
0.007688
0.017181
0.000501
0.005591
0.006367
0.001006
0.005568
0.006392
0.00415
0.026362
0.012196
0.010098
0.024722
0.020934
0.028129
0.014871
0.025807
0.009164
0.008666
0.01979
0.005639
0.026318
0.003865
0.013321
0.025269
0.022889
0.007058
0.005879
0.000282
0.002029
0.021804
0.02969
0.016608
0.026476
0.028797
0.012763
0.00819
0.010001
0.009429
0.007229
0.009947
0.011187
0.002431
0.023503
0.020406
0.02705
0.022595
0.01607
0.032069
0.004322
0.014639
0.025995
0.017564
0.016174
0.03164
0.01016
0.003665
0.011486
0.024667
0.017705
0.021214
0.001939
0.022888
0.014265
0.030278
0.028498
0.025218
0.014506
0.001788
0.018904
0.022336
0.020161
0.0256
0.024621
0.027224
0.030833
0.003659
0.031356
0.008732
0.017999
0.010605
0.028194
0.032325
0.031174
0.028533
0.020997
0.010992
0.031756
0.007185
0.019751
0.02583
0.016724
0.004854
0.013179
0.029472
0.027718
0.017794
0.025847
0.022923
0.017836
0.007072
0.008938
0.010504
0.023662
0.025581
0.020368
